-20 -15 -5 -6 -17
-7 13 20 -18 -17
32 6 11 -7 -18
-5 0 -22 2 -13
-8 -6 -18 -4 -14
-20 1 -15 -13 -9
-33 -5 8 21 14
-42 -27 12 26 13
-31 -1 24 20 26
-11 14 0 -3 5
6 39 15 -31 -7
12 12 -2 -35 -10
-37 15 27 -25 -11
-19 2 17 -8 -16
-7 -12 0 -8 -19
11    
-6 -7 -13 -18 -22
14 11 6 23 9
-16 -18 15 26 23
17 18 14 19 13
7 -14 -17 2 -14
-25 -17 3 5 2
8 7 7 -17 -21
0 10 22 2 4
20 8 9 19 14
-14 -1 3 20 9
-12 -26 -12 -31 -18
-3 -2 -16 -22 -14
-12 -6 -18 -1 -13
-16 -17 -8 -12 7
7 9 -7 5 -10
-4    
-7 5 -17 -25 -8
-34 -26 -1 -11 26
28 39 44 33 1
-10 25 -4 -22 -4
8 21 1 15 3
7 14 -17 -33 -27
-19 -12 -11 -4 -8
-5 9 -2 11 -14
7 -6 -17 18 10
-9 -11 9 10 7
-3 -12 -2 9 10
6 17 14 11 -27
17 -1 1 -22 -13
-17 -21 -37 3 -1
-7 -29 -32 -26 -4
-11    
-13 -10 -7 1 16
-2 -21 -16 -18 -12
-15 -13 -11 -4 4
9 -19 -6 18 5
-50 -40 -15 8 -3
5 9 17 17 14
9 20 3 31 31
6 16 13 6 3
12 21 -8 22 9
-11 -3 -19 -14 -23
17 4 -1 -8 3
28 19 -14 -21 21
13 7 -22 -23 7
21 7 -22 -38 0
25 0 -27 -33 -6
1    
-12 -21 -16 -14 -26
-14 -25 -15 -8 15
-5 -19 -8 17 -4
-4 -8 5 22 28
5 -15 -27 -13 34
7 -25 0 6 -4
-13 -15 11 -2 3
-17 -22 -15 3 2
-13 2 19 20 -11
27 25 18 29 2
5 11 -6 8 3
16 6 -27 6 -25
6 9 9 -15 -10
4 14 -2 -15 -20
18 -1 -16 -31 -22
-30    
13 9 -37 -24 -2
-28 -31 -15 5 -14
2 -21 10 -25 -3
8 3 -20 -10 0
7 -6 -7 -3 -13
-24 -9 10 8 31
-9 19 44 20 5
24 48 37 8 8
22 13 7 4 6
-14 -29 -39 -11 -8
-2 -1 19 19 -4
-9 31 43 -25 0
16 35 -8 -31 25
-24 -11 -36 -8 1
-31 -19 -38 -9 -12
-32    
