20 24 -5 -19 -9
-23 72 100 103 25
19 41 50 47 54
-11 -67 -39 -36 28
-49 -72 -81 -46 5
66    
1 38 27 43 19
-13 44 47 5 -29
36 61 24 -40 -46
39 20 -3 -34 -32
38 17 -15 -45 -40
11    
34 1 16 7 23
-31 -48 -58 -7 60
-63 -47 -40 17 94
-57 -28 24 67 53
2 9 -5 26 3
-3    
-10 -8 22 23 -10
-9 28 50 -7 -13
-4 1 51 12 -38
-21 17 1 15 19
-21 -21 42 24 59
-15    
2 3 10 24 15
11 2 17 11 -16
1 1 22 -16 -3
12 10 23 1 -20
-24 -13 17 -27 16
-16 0 0 0 0
-9 17 5 13 18
18 18 17 0 16
2 -3 24 -5 -15
26 17 17 1 18
5 -4 11 13 13
-19    
