14 15 -16 -9 -15
24 0 24 15 -23
-8 -25 9 15 -26
3 -7 -10 -26 -24
19 -11 2 -3 -16
-20 -20 -43 -24 -24
-21 -16 -18 -25 -16
-8 25 11 -12 13
-3 26 -1 11 36
22 0 1 -5 10
-9 -1 -13 -24 -16
23 18 -2 7 7
36 5 0 40 -20
18 -13 -2 47 -8
-13 -30 -37 24 -1
10 -3 -7 -14 -8
5 -7 -1 -5 -4
-9 1 8 -11 13
-11 4 0 -6 10
-7 19 -3 8 12
-21    
-8 -23 -5 0 8
-15 -10 -20 -2 14
-7 -1 -5 8 -20
-6 9 4 7 -10
18 17 21 50 40
-11 -26 1 -6 -9
16 4 -13 -6 -32
14 -12 -11 -15 -25
-9 -6 3 -20 -13
3 -3 -4 6 7
-3 4 -4 -16 -15
-7 3 17 -14 -6
-1 13 5 -16 -9
-8 25 -11 -11 15
-4 16 -1 -14 -12
-12 -5 -2 -2 -9
-15 4 -2 -7 -2
1 -1 14 22 -4
2 8 16 -1 -20
-9 4 15 -4 -4
-8    
-8 25 31 6 -26
11 -5 -27 -13 18
3 -11 -15 0 15
8 11 21 -11 -5
-9 -18 -13 7 17
10 -4 -2 7 -19
1 16 -5 -10 -3
-20 -27 4 38 -5
-22 5 22 -10 -34
-15 -6 -38 -32 -11
1 4 9 7 32
-6 5 34 18 11
-14 5 8 -27 8
-3 1 -21 -23 5
2 -29 -5 -7 -34
-15 -12 7 2 2
-8 0 -12 -12 7
4 -7 -3 0 -11
-16 -4 0 12 -11
2 17 10 -1 -6
-21    
-36 -6 -16 -3 -9
8 -5 2 16 26
-26 1 32 36 29
13 36 47 43 -28
-19 5 -12 -52 -51
14 14 3 -12 -6
13 8 -5 -1 4
-13 -15 -9 -4 16
-7 -23 -3 -11 -13
-16 -8 -8 -4 -6
21 5 20 11 13
-1 -3 9 18 16
-17 2 3 -21 -41
-21 -10 -38 -38 -38
-2 -27 -36 8 17
-14 -5 -2 -16 -6
0 4 -1 -12 -9
8 3 -9 -16 -9
0 -5 -26 -28 1
-12 -13 -13 -7 -9
-24    
7 -10 -27 -47 -39
-19 -26 -42 -27 14
-11 -26 -16 13 15
-5 -19 -7 0 -11
3 0 10 11 -17
18 24 6 -7 -13
18 2 0 -11 -10
8 -14 -1 5 -2
-8 -4 7 19 19
-6 -9 5 -8 -1
2 -4 -8 0 17
-7 9 22 18 13
-15 -7 20 14 -27
-7 -6 23 5 -30
3 -3 19 -5 -36
-3 -10 -9 -20 -25
-12 0 2 -16 -18
3 7 -10 1 8
2 9 11 21 5
-11 -18 -10 20 -6
16    
-3 17 23 23 -44
-12 -15 6 18 3
9 -16 -24 -2 4
-10 -13 -4 4 -2
-16 20 0 -15 -11
-10 -26 -28 -18 2
-10 -29 -20 15 16
8 -12 19 18 21
-7 5 32 30 2
12 6 2 12 2
-6 -4 -27 -11 -46
-20 -12 -9 28 -25
-7 -12 -14 13 20
-13 -4 8 14 12
-10 -14 -1 7 6
-7 17 5 23 1
-1 4 15 24 17
6 15 14 -7 5
5 -12 4 -10 -13
4 -13 9 -5 -10
-4    
-5 9 16 31 18
-16 -31 -28 -41 -35
-11 9 -3 -1 2
10 21 27 40 46
-12 -20 16 29 -20
-18 1 4 -3 -6
-19 -17 -21 -33 -25
-23 -1 -8 -27 15
15 11 -5 8 18
19 22 10 7 17
-24 -5 -15 -22 -17
-18 -12 -20 -20 1
-21 9 -3 25 -2
-1 -3 8 2 -20
0 11 -18 -35 2
-3 -5 -20 -20 -20
2 1 -1 -11 -5
7 1 3 -26 -12
10 13 -16 -5 -8
6 10 11 9 1
-16    
9 -15 11 7 3
-16 -21 -7 -39 -40
4 -26 -10 -20 -6
-3 -10 -7 19 14
-17 -33 -28 -2 -12
13 7 -8 3 7
9 -4 -7 0 9
21 -10 8 2 20
6 -6 13 14 3
7 0 -2 -1 -17
-2 -16 4 -19 2
-10 -17 -4 -4 46
-13 -19 2 28 46
-18 -15 -4 5 14
12 22 6 -15 18
3 8 -8 21 0
7 2 -11 14 2
9 2 0 6 2
-20 -7 -4 1 -5
-11 -16 -19 -8 -14
7    
-10 -10 -1 21 -10
-19 4 0 3 -14
13 -16 8 21 25
18 38 34 48 37
-2 23 -10 -10 -7
-1 0 16 -13 8
-4 20 12 -22 7
-17 -22 -32 -30 0
-32 -23 -19 -28 0
-14 -1 -18 -22 -14
-10 23 14 3 -48
14 20 -16 5 -23
5 4 -8 18 1
-13 -21 -23 -7 -11
-29 -32 -21 -19 -37
-3 -3 -7 5 13
-23 12 9 16 4
9 27 4 0 -3
8 11 3 1 7
-11 -21 -3 -1 6
-14    
