4 -16 -10 43 -10 -19 -14 -5 -24 -27 -42 -23 17 -7 -2 -6 1 23 -16 10 3 23 1 13 34 -20 7 5 -15 10 9 25 -1 -24 -4 -6 -4 2 20 15 3 4 -2 -15 8 -18 -1 9 25 19 -19 -2 26 11 -12 -22 -31 7 2 -24 -9 30 12 28 -8 -14 1 10 -20 -40 12 31 -14 -16 -16 -36 12 32 -19 17 -9 47 23 43
-14 
21 13 -23 -34 -11 4 4 19 -18 -46 7 27 -8 48 -12 4 14 31 -4 7 -20 -6 -9 -14 26 -11 7 -26 -14 9 -17 -2 34 8 10 -20 3 3 -24 5 9 -26 18 23 11 4 -31 23 -32 3 8 11 -12 16 -34 -25 23 26 26 14 33 36 -20 18 32 30 -32 28 -28 31 -17 -11 13 -1 8 -28 -22 -33 2 31 -35 -24 -23 -30
12 
-31 10 -1 19 -8 27 10 -1 -34 -10 23 14 15 -24 -11 4 29 -16 -36 -15 15 16 10 -2 30 8 17 30 -10 -6 -34 -4 -5 -24 35 12 -4 15 14 27 13 -14 -5 -43 27 -11 13 21 -24 -27 -41 17 -8 8 36 11 -33 -30 -7 25 27 -22 -9 -38 -27 -19 35 -16 10 38 6 22 27 -29 5 26 -2 -28 -32 -35 42 37 -25 -29
12 
4 25 -20 24 -34 -29 -13 0 30 50 -10 8 6 -45 -3 31 -31 -12 -4 -22 24 15 1 -10 -17 -41 9 -26 34 -8 -9 -10 27 6 -1 -22 -29 16 -15 21 -36 -1 39 20 -10 10 7 -21 -25 16 40 11 6 -8 -7 -24 -22 12 -11 33 14 15 -8 -22 24 -29 29 -24 -3 -20 -16 -29 -17 32 10 24 45 4 -12 -16 -16 10 -10 -10
-9 
16 -7 -29 -8 35 37 0 -7 -11 -3 9 14 -16 22 -24 -23 49 -42 40 29 27 -27 22 1 -37 13 15 0 -3 -13 -4 -4 -15 -8 -4 42 7 6 -12 -30 -23 -20 5 23 0 -9 -33 -1 16 -33 10 29 1 3 31 34 44 -7 18 -42 -10 -2 11 -29 -6 -11 -43 8 -17 5 -26 20 10 -44 -6 -31 -5 32 -18 -23 25 -22 11 24
-4 
7 -39 34 -18 -18 2 20 -12 3 32 -25 7 6 27 45 31 -37 11 -4 1 1 -19 3 -11 4 -12 -14 -16 -6 23 5 13 -9 15 7 4 20 1 13 -6 -24 46 -54 -16 18 23 17 21 18 23 30 -11 -6 -5 15 10 -46 -6 -6 -18 -7 -16 10 -22 20 29 -36 -9 14 -4 18 9 12 20 -28 14 -7 -26 37 3 -11 -6 17 20
-6 
18 -37 -1 -10 2 -31 13 -17 -30 -24 -23 38 20 27 -34 3 1 19 -3 -17 -1 20 -13 -5 6 13 -8 -21 -8 28 1 -7 5 16 -4 -8 8 1 12 12 -2 34 15 -26 48 -27 -16 -26 30 -6 11 -20 -8 -6 -20 -5 -14 -35 -39 -13 -1 15 -25 -2 -28 22 -17 -4 26 8 -10 -24 -27 25 -27 39 -33 41 2 7 -25 -3 19 21
-17 
22 25 -9 -23 22 15 26 44 26 -1 23 -36 -39 -21 16 -15 -22 41 26 -24 -13 -12 8 12 -8 0 -9 38 -14 -23 -21 -26 35 13 11 -7 14 -10 -12 -24 20 -16 36 -2 -43 -39 28 -1 20 -8 -2 -33 -1 1 -6 -20 39 -3 17 19 38 3 27 15 29 1 3 19 -8 21 11 -16 12 -44 19 12 7 -34 17 -8 -13 -16 -20 14
3 
3 -23 -7 -1 4 -6 -29 -26 19 9 21 22 33 18 -10 -17 18 -47 -21 3 19 10 4 -31 -6 10 3 -7 9 31 34 25 -33 22 -41 -15 5 -4 -3 1 -5 20 -27 33 -30 58 28 1 -30 16 -19 22 5 -19 -23 6 -12 4 32 26 -20 -42 0 13 -38 -14 23 -43 25 -14 -1 -13 -34 22 21 30 25 17 5 -1 26 0 38 -33
 0
-41 41 25 -18 -20 15 11 -13 20 41 -10 -13 9 3 7 16 25 4 56 35 -47 3 -45 12 -40 18 2 -18 -1 -20 20 -34 -4 -10 33 22 -17 21 -26 -9 14 -2 -36 15 -34 16 1 4 -27 -12 -6 -9 3 -26 21 34 31 28 16 -23 -67 3 -5 18 3 -2 19 9 -10 -17 8 -3 21 0 5 -37 -11 23 1 -25 15 -7 -13 22
-4 
