11111111110111010111010001110010
00000000010011110000000100001000
00000000001101000110010110100011
00000000000100000001010011110000
00000000000010111011010011110000
00000000001110101000100101110001
00000000000001100000111010011001
00000000001111110110000010111010
00000000011101110111100001001000
00000000001000110000011001011001
11111111111101101100011000111110
11111111110101101110111111001101
00000000000000110101100101001101
00000000010101100000101101011111
00000000001101011100011000111001
11111111111011010011110010111111
11111111111101011101010100101001
11111111110110110010110100101011
00000000000011010011000000001011
00000000010100001110111101011110
11111111101100010010100001001101
11111111101000000000111101000110
11111111110001111001110010100011
00000000000110010100010100100001
00000000010100101111101100000000
00000000001110100100001100010101
00000000001100000010110010011001
00000000001101010011101000100001
00000000011101110001111011011110
00000000011001110010000110011110
00000000010000001110000011111110
00000000001010111001000000010101
00000000000100011011011111011000
00000000000100111110101000010011
00000000001000101010100000110111
11111111100111110111101000011000
11111111111011010101011001000100
11111111111001011001010011111111
11111111111101101111100010100111
11111111111011101110000101110101
11111111101111010110001010101011
11111111110100001000010001101000
11111111100011010011100010100011
11111111011010001110000101100100
11111111100011001100101100010011
11111111110011110011010000001101
11111111110100001100010100001010
11111111110000100111010011101000
11111111111001110001111101011100
00000000001011010111011001001110
00000000010000000011011001100100
00000000011100101111011111010001
00000000011011101011010111100001
00000000010111010111110000000010
11111111111000011101110101111110
00000000001000010101110100100110
00000000011000001000101010110010
00000000000010110110100100011110
11111111111110000000100110001101
11111111101010101010010101110001
00000000011001010100010010010000
00000000001001101011111011010100
11111111111111111000100010011110
11111111101001000011001100111011
11111111100110010101000000000111
00000000001011111010111110111001
00000000000100100111101000001010
11111111110111000000000000010110
11111111101011010001111000011000
11111111100000011110111100101001
00000000010000001001000101101011
00000000000101001010010011001110
11111111111001100101000001110101
11111111101100101001010000100001
11111111100010010100000010000011
00000000000111001011001011100011
00000000001010110110010111001000
00000000001010100111011010110011
00000000000010000011100101001111
00000000000011111010010100101100
00000000001101100011011100101000
00000000001110001010111100110100
00000000010101111001100000000110
00000000000100100010010110000100
00000000010011101110101111000000
00000000010100110100001110111001
00000000000110010110000000110111
00000000000010000001111100000000
00000000001101101100000010101110
00000000010111001011001101000111
00000000001010001000101101101100
11111111110100111001110110001100
11111111111010010011010101100000
11111111110100100100101001000101
00000000001001000010000101110100
11111111100101011010100110000010
11111111011110100100100111111011
11111111100101101111111011000000
11111111100101110110001010100001
11111111111100010110010101011001
11111111111010110100111010111101
00000000000011010010110000110000
00000000000000101001100011101110
00000000001000100100110100000111
11111111110010110001100101011000
00000000000100111100101111010000
11111111110010110000100101011100
11111111111010101001110111001010
00000000000011110001010110101100
00000000000101110111101010010101
11111111110110011101011011011000
11111111111110011001001010011111
11111111111001110101110110101101
11111111111001001111011100010111
11111111111000010100010000011011
11111111111110011110111111001100
00000000000100110010001001010001
11111111111101001000100110110111
11111111111001001010111001100111
00000000000110100000000001110101
11111111111010101111000100000111
00000000000100110100100101010001
11111111111000100011110110110110
11111111111101111001000001011101
11111111110101101101010101111100
11111111111100000001001011000000
11111111111111001000000110010000
00000000000010100111011001101011
00000000000001110110101001000000
11111111101111101111010001000011
00000000001000011110111011011001
00000000001100011010100101101001
00000000000111010110001110101110
11111111110101110001000100110011
11111111101000110100100011110001
11111111110011101100100101011000
11111111110001111001101000100001
00000000000010110110101110100110
11111111111000101101001000011000
11111111111000111011111011000000
11111111110011100000010010100000
11111111111100010100101010100010
00000000010110110000111100011110
00000000011000111110010010000111
00000000010111101100111001101111
00000000000101100000111000110010
11111111110101111000101010011110
00000000010000100101010100000110
00000000010111010011011111110010
00000000000010100110001010010001
