23 -1 -13 -33 -44
43 16 -35 -37 -44
32 -7 -36 -13 -41
48 16 -12 -37 -52
24 40 43 1 3
32    
13 4 -21 -15 -32
-36 -38 -41 -56 -40
-31 -73 -66 -57 -58
-43 -43 -48 -41 -12
2 -34 20 43 53
88    
-34 -42 -67 -49 -33
-63 -69 -11 -32 -3
-40 -41 9 13 20
-1 20 60 36 30
67 50 70 18 60
39    
-41 -36 14 37 19
10 16 32 46 56
0 -1 61 39 55
5 2 55 51 11
-22 34 39 46 4
-60    
-3 -13 -39 -49 -20
-38 -58 -63 -60 -22
-28 -39 -41 -37 6
-12 10 -11 24 42
36 6 40 60 66
3    
9 13 -25 -28 0
22 -5 16 31 43
-31 13 29 54 40
-26 12 49 42 23
-49 -33 10 4 -21
-73    
