11111111110100010101011110111111
00000000000001010100100100001001
11111111110111000100001101100100
00000000000001110101110101010100
00000000001100110001000110001010
00000000000100011111110110111011
11111111110100001111010111101000
11111111110101011111111111100110
11111111111101100001001100100000
00000000001111010110001111000010
11111111111111111101011111010001
00000000000000111011111110110011
00000000000011000101000110101100
00000000000110110111100101010110
11111111111110110110000001101111
11111111111100100111110111110011
00000000001001111111110101110100
00000000010000111101010000110110
00000000001000001111100110011110
11111111110111101011000001011110
11111111111011001011101010011101
11111111111011101101000000100111
11111111111101010010110000011111
11111111110001110000010000110011
00000000000100001011111010101010
00000000001011000011000010100001
00000000000110101000001001111100
11111111111010001100111100001001
00000000000111011011100011111010
11111111110111000011101110111101
11111111111001111001100111101101
11111111011101101010100111001111
11111111111001111111010110100101
11111111111000010000110111110010
00000000000110110000011000101001
11111111111011111011110010111101
11111111111110111001110111101000
11111111110011111010111101000111
11111111111110100010110100001001
11111111111011001000010100011100
11111111100111101011001110011000
00000000001110000110100010011001
00000000000100011100110110111110
00000000001100110010100001101110
00000000000000101100101100100000
11111111110100000111010111011101
11111111111110111000110100100010
11111111101111010001010111111001
