00000000000011000100000011000101
11111111111011101101100001101111
11111111111110101000100000000111
00000000010001011110100111011111
11111111110011100011000000110001
11111111111101001101100101010001
00000000000101001000111110111100
11111111111111111111101111111111
00000000001000010011011010110110
11111111111001101011101100110010
11111111111010011111011111100100
00000000000101110110110010011011
00000000000000001010001001001001
11111111110111101110111011011110
00000000000111111001110110011100
11111111101010111010111001110100
00000000001000110110001111001000
11111111101111101011001000101110
11111111110011111111001100001110
00000000000110100100100010111011
00000000000000011110011001000111
00000000001101100011010001001000
11111111101110010101001101001110
11111111110010010110001011111100
11111111101110110000001101010100
00000000000000010110001000001111
11111111111111011000111000011111
00000000000111011111011101011110
00000000001000110101110100010101
11111111111011011110101011011010
00000000000101000011101011010110
11111111110110010001011111110100
11111111101100001100010000111101
00000000000010011010111001100100
11111111110000111111110010110111
11111111111110111000101001011111
11111111111110001100010011010011
00000000001100100000011110110110
00000000000101100101110101100101
00000000001100011001111101011001
11111111110000010010001000010010
11111111111000001011101101101110
00000000001100000110111001011100
11111111111001010010010011001000
00000000000110010100010010111100
00000000001000000010000110101001
00000000000010101101100001110111
11111111111101010111000110011000
