11111111111110101101111010100011
11111111101111010101011110000010
00000000000001010001010110110100
00000000000100000001100000001100
00000000001000101001001011111101
11111111111001111010001001000001
00000000001111101011010011011000
11111111110101000111010011100100
11111111111110001011010011111100
11111111101000010010010101110001
11111111111101111111101001110101
11111111110110110111011101010111
00000000001100000000101011100001
00000000001110011011110000110010
11111111111111100010001111001101
11111111111000010010001111100101
00000000000111110010110011011111
00000000011000011000001000010110
00000000001001011000010001101110
11111111111001100111101100111110
00000000000111001101100001110110
00000000000010010001111110000000
11111111110101100011000000110111
00000000000100111100011001010000
11111111101000100011011110110011
11111111101010010111010011011010
11111111111000010110111011101100
11111111111001100110100011000010
11111111111110011101100110010111
11111111111110001000101110000010
11111111110100110110010101110001
00000000000110100000111110101011
00000000000111110010000010111101
11111111111000000010100101101010
11111111111001111101011111011010
11111111111011010000100000010001
11111111110111001001010010010000
00000000000001100010100000001010
00000000001001101010010010111000
00000000001000100101001000110010
00000000001010111001110111101110
11111111110011001011010111000001
11111111110110110010100011001110
11111111111011111100000010010000
11111111111010100011011100001010
00000000000010101010111100011001
00000000000100011001000111101101
00000000001110001000101011100100
