11111111110111001000000001011110
11111111111100110100110001111000
11111111111011110111110001000110
11111111110111001001111001101111
11111111111010101000000111010001
11111111111010111110110000000011
11111111110111101011001010000111
11111111111100011001111001101110
11111111110011011111011010001100
11111111111110100001101000110110
00000000000001010010100010011001
00000000000001010000110101111111
00000000000101010011011100110110
00000000000111110001110011011011
00000000000101110100101010101111
00000000000010001110010011001111
00000000000000010101001000010101
00000000000100001010100001110110
00000000000110001011111111010010
00000000000001101000000100101111
00000000000010100001001110110000
11111111111010110111000010010111
11111111111100110010110011010011
11111111111111010011111100011000
11111111111001000001011110011001
11111111110100100000011100011000
00000000001011011000011110000101
11111111111111100010000001011000
00000000000010001110100010000110
00000000000011100111101110101100
11111111111001100101110001100110
11111111111101011101000011110001
11111111111110011010001111011111
11111111111100001000100110111010
11111111111111000110010101111010
11111111111010000101110100011001
11111111111000001100010011111100
00000000000010110101101100010110
11111111111001110010000000000000
11111111111100111101100000011001
00000000000011100001001011101111
00000000000000111001101110010110
00000000000000000111111010010100
00000000000011011111110000001001
00000000000001111001111010110100
00000000000101100101101011100100
00000000000100100111100001001101
11111111111010110101000111000011
11111111111011110100001000100111
11111111111101110010000100011111
11111111111110110011110110001001
11111111111011111100001001100101
00000000000101100111100100111010
11111111111000101010000011111101
11111111111000100110100100110101
11111111111100000001011010100100
00000000000010100000110110101001
11111111111011101001000100011100
11111111110010000000101001000100
11111111111010111000001001101110
11111111111110010101010011010001
00000000000001101100100110010110
00000000000010011111111000001000
00000000000000111101110001010100
11111111101110110100010001100000
00000000000110010001100010111100
00000000000100110111011100100000
00000000000101101111110100111111
00000000000000110010010010000111
00000000000000000100000000101110
00000000000010111010000110001000
00000000001000110111100110011011
00000000001110001100000010101101
00000000000100100010010100010110
00000000000000100010111101110111
11111111111101011100011011111001
00000000000001001110000100110001
11111111110100011010001011001000
11111111111100011100100000100100
11111111110110100110100000100110
11111111111010001011100011101111
00000000000000010110000001100001
11111111111000000110100000000001
11111111111100101110101010010011
11111111111010111100000110000110
11111111111000010101011110110111
00000000000001111001111111010101
00000000000010010101010110101010
00000000000101010111100001011011
11111111111011001110101110101110
00000000000100010111010010000001
00000000000001001010000010001000
00000000000001000111110011000011
00000000000101101000100100010100
00000000000010100000000001101001
00000000001100011101000011011011
00000000000010100001001010100011
00000000000000010110011000000111
11111111111111100101011111011110
00000000000101100000000010001010
11111111111000101000100111010100
11111111111000011010010111101111
11111111110101111001011000110001
11111111111010000000110011110001
11111111110111100011010010001011
11111111101111010001010010111101
00000000000001011111001000011010
00000000001011011110111100101111
00000000000110100001000100010011
00000000000000111011110001001110
11111111111100001011010100110001
00000000001000010110001000110001
00000000001100110111011101010000
00000000001100101100101110110010
00000000000111000101100111110111
11111111111110010011001100100110
11111111111101001011000010100111
00000000000000111101000001010010
00000000001000110101001011101011
00000000001010110111111111000100
11111111111001010101110011010100
00000000000010000001000100001001
00000000000011110101011010000011
00000000000110001010010001000001
00000000001101011110111010100010
11111111111010001111010100011010
00000000000101100111101111111000
11111111111111111111011110111111
00000000000111011110110110110001
00000000000101011001000000110001
11111111111111100011010011001001
11111111111100110100011010100010
11111111111010111101000101111000
11111111111111100001101110100101
11111111111000000110010000111111
11111111111110110001000001110110
00000000000010010110010011011000
11111111111010010110110001111110
11111111111011011100110011101010
00000000000000110001110010010111
11111111111101010111011010101000
00000000000111001110110001100100
00000000000111011000111100010011
11111111111101000001010101000001
11111111111100000011011110100011
11111111111111011110001110110000
11111111111101101100010001001011
00000000000001010110000100101111
00000000000010000100100000111101
00000000000000001011100010000111
00000000000100101010001110111111
00000000001011110010010001010011
00000000000110110000101001001000
00000000000111011110000001111101
00000000000000101000100010111011
00000000001001111100110001110011
00000000001010100010000011100000
00000000000101010001101100010110
00000000000001010111100111100110
11111111111101111011010010101011
00000000000100010001111000101000
00000000000100101000111010111100
11111111111101101000000100010100
00000000000011000001110010000001
00000000000000010100010010110010
11111111110001110011100101010000
11111111111100011011011110001000
11111111111100101100010101000001
11111111111010010011000110001001
00000000000100100100000000110110
00000000000101000110101011100100
00000000000110011011111101010101
00000000000101101100101001010001
11111111111010100010101101100011
11111111111110111100010110001010
00000000001000001000111101110010
00000000000011110101001110111011
00000000000000001111000000101100
00000000001101011110101100010000
00000000000100011001010000111100
00000000001000111000111101110010
00000000001011111010011101011001
00000000001100001100110101110011
00000000000100100111110000101011
00000000000001100011011011001011
00000000001000010100110011010110
00000000001110000101010000010010
00000000000110101001111111110101
11111111111010010111001100010011
11111111110100000000101111110001
00000000000111010101011000111011
00000000001011001110011101000110
11111111111111110000101101101111
11111111110001100111110101010101
11111111110001111010011110010010
00000000001010111101011110100110
00000000001101100110100101100000
00000000000101100100100100100100
00000000000010100011001101001000
00000000000010101010101100101101
11111111111100000111100011001111
00000000001000011101001101101000
00000000001100111100001100001101
11111111111010011000001101100110
11111111110110110011101000110100
11111111111010010101110000001110
00000000000000111110011011111110
00000000000101111010001010000111
11111111101110110111111001010011
11111111111010010111100101111110
11111111110110100101010101000110
11111111111000100111101100101111
11111111111111001110001010000011
11111111111110010100101010011110
11111111110010110100001001001001
00000000000011001011101100011010
11111111111110100000111100000111
00000000000010100000101011110101
00000000000001101101100001001011
11111111111000000001000010111001
11111111111010110010000111111100
00000000000011010010011000001000
11111111111100110111000010011101
00000000000111010001111010011101
00000000000000110100010110011111
11111111111001111001101111011000
11111111111000001010001101100010
11111111111100110100111001011110
11111111111100110000011001101101
11111111111001001110110001100100
00000000000011111111001101110110
11111111111101101000011010111000
00000000000011100101100100101110
00000000000001110011110111111100
00000000000100001111101001011100
00000000000011101001111111110010
00000000000110100000100000111011
00000000000010101111101100011110
11111111111101010000100100111010
00000000000011011001101110011101
11111111111110010110110000111110
00000000000011110100111110101011
00000000000001001000001011010001
11111111111001000101000110010101
00000000000010100001110111100101
11111111111110100110001100011011
11111111111110101001011111001110
00000000000101111010111001000111
00000000000001101011110110110010
00000000001100000111001001110110
11111111111111111111110111111101
00000000001011101101110010010001
11111111111101101101110110000110
11111111111011001100101111000000
00000000000100011100111101110110
11111111111110100110101101010010
00000000000110011011111110110111
00000000000000110110000000010010
11111111110110001101110011110110
11111111111110101101101000000010
00000000000011010111001010001001
00000000000100011101101100001101
11111111111111110011000011011010
11111111111100110010101000010011
11111111111011000010000110100100
00000000000011111001101110001010
00000000000011100000110011001010
00000000000000000111110011001100
00000000000010110010101000111100
00000000000010010101010111001010
00000000000001001111100110011000
00000000000111101110001110010011
00000000000100011011100100010111
11111111111110011101110101110110
00000000000000101101101101101010
00000000000111110000110001000100
00000000001101000110001110100011
00000000000001001100101010000110
00000000000000010111110101110111
11111111111100110000001111110101
11111111111100110101100000000011
00000000000001110100010010110011
11111111111110111011101110010110
11111111111001110000111010100000
11111111111001100101001100000100
11111111111111011000001111010010
11111111111011111010000110010111
00000000000001011111101111011001
11111111111111000001010101100101
11111111111111101011111100111110
11111111111100001101101001010000
11111111111100011111001011100011
00000000000010000101100000011001
00000000000011011111000010000000
00000000000011000000010100010001
00000000000000000001101100111101
00000000000010110110101011001110
11111111110110001001101101011110
00000000000001001010010011100010
11111111111011110011111001101010
11111111111100010110011110110000
00000000001101101100001001111011
00000000001000000111111110110000
00000000000010101100100101001101
00000000000101011010101111101100
00000000000001100000101111000010
00000000000010111101111010110000
00000000000100111100110001010011
11111111111011101011110101101001
11111111111000111011010000110000
00000000000001001111001011110001
00000000000010100010011101110111
00000000000101001010100011111010
11111111111000001001001001111001
11111111111101110011110110001111
00000000000001101111111111110001
00000000000101101111101111101001
00000000000101001100101010011101
11111111110011101110110101011001
11111111111010010101001111101110
11111111111001100001110111101111
11111111111111011101000101001100
00000000000001011001110001010000
11111111111110111011010100000000
11111111111100010111011100101011
00000000001000101010000101001010
00000000000101111101111111001000
00000000000000110110010010000100
11111111111111100101100100001011
11111111111001100010101010100110
00000000000011100100001110100110
00000000000100000011011111001110
00000000000101001011100100000110
11111111111010000000010001000110
00000000000001011100110001010001
11111111111101101011010101010000
11111111111100110000000110111001
00000000000011110011110010101101
11111111111010011101110110110101
11111111111111110011110011011110
11111111111111110101010101111001
11111111110100001011010101001000
00000000000100101011011001100001
11111111111111100001001110111011
00000000001100101001111000001111
00000000000111101110100110001101
11111111111110010101000101101110
11111111111101101011111010101011
00000000000100110111110100010110
00000000001010000000000001101010
00000000000000011010101011100111
11111111111101100001100111011111
11111111111101010100010111100111
00000000000010000010100101000000
11111111111101101000111111010100
00000000001001101110100110101110
00000000001011001011100100101101
00000000001100100111100000111011
00000000001111000001001101011011
00000000000000010000010110100100
00000000001110000111011111110000
00000000000100010100100100111110
00000000000100000100010001101110
00000000001110001010011110110101
00000000001000000001100110001011
00000000000001101011100110110010
11111111111111110001010101001110
00000000000100011000001100001001
11111111111010110110000101011000
11111111111101110001001001111101
11111111101111111001010001111100
00000000000011101111100001100010
00000000000010011011101011110101
11111111111110101110110111111010
00000000001001010100110000101001
11111111111101111011111010010101
00000000000111011101101011011101
11111111111001100000110111111111
11111111111111001111110110000101
00000000000000011001011100001000
11111111111000101100010011011111
11111111111011011011100011100110
11111111111010100110000011110111
11111111111110110100100001010100
11111111111010111010100010000010
11111111110111101101011110000110
11111111111010111111111111001101
11111111111100111011101100110111
11111111111011111010001011010110
11111111110111101000110101000001
11111111111110111001001111101011
11111111111100010011100100000110
00000000000011100101111110101111
00000000000100011101000110101011
00000000000011000000000010010111
00000000000001011111001000010100
00000000000100110000011100011011
00000000000111000100110100000111
00000000001011001011101100100000
00000000000101000111000010011010
