11111111111110111101001010110100
11111111111101111011001100000010
11111111111010111111010000000110
11111111111100000001110010011001
11111111111010101101110111101100
11111111111111011111011110000111
11111111111110010101011011111100
11111111111101111111010100011011
11111111111100011010110001010010
11111111111011101111111111101001
00000000000010110001011011001110
11111111111110001011101100001010
11111111111011101100001110010100
11111111111111101100000000111010
11111111111101011111010010001010
11111111111100000010100101111011
11111111111010011001101011010111
11111111111011001010010110110111
11111111111101001111111000110011
11111111111100100000001110000100
11111111111001000001111010010011
11111111111011101011100110100000
11111111111100010111011000111111
11111111111011010010011010001101
00000000000000001111110101110110
00000000000000101101000110001000
11111111111100000001101110000110
11111111111111010101110001001101
11111111111101011110001101000100
11111111111110011100010001101111
11111111111111000100101001110011
11111111111100111011000111100011
11111111111010110001100110000001
11111111111001001101001011111111
11111111111100101111111010010111
00000000000011010011001110000100
11111111111101111110110001000000
11111111111100101110110100110110
11111111111001110000111000101010
00000000000000011111000000011010
11111111111011100000111010101001
11111111111100011011100001000111
11111111111001000101110110101110
11111111111001011100010110100100
11111111111110000100011111111010
11111111111101101011101011000100
11111111111101010111101001000010
11111111111100110000100010001101
11111111111101000011110000101010
11111111111001101111001001001011
11111111111110101110000011111111
11111111111010101000100010001100
11111111111111011011001100010101
11111111111010011100000100100001
11111111111110110011101100000101
11111111111001010010010011110010
00000000000000101101111110011001
11111111111001111011001101110000
11111111111010000000110101110110
11111111111001101011101101011110
00000000000100011101011000100111
11111111111011001111100110111101
11111111111011101100010001001111
00000000000001001001100000011000
00000000000000110001000001110111
11111111111011000100001100100010
11111111111110100011011010100010
00000000000010000101110111110000
11111111111110111111110011110111
11111111111101101011110000111100
11111111111100000110111100001101
11111111111110011001001011111111
11111111111111100011010001110101
11111111111010100011101110110011
00000000000001001011000111101100
00000000000001000101010101101110
11111111111101101101100110011010
11111111111101111011011111000011
11111111111100000011100001001001
11111111111011001000110001010101
11111111111001101110011010101000
11111111111001100100010101111111
11111111111010011001100010101000
11111111111010011000100100111101
11111111111111100000010100111011
11111111111111000110000101000010
11111111111010100110000111011100
11111111111001100110100000011001
11111111111000011100111001011101
11111111111011010110110111101100
11111111111111001111101000010100
11111111111101001000100110000001
00000000000000111100101011110001
11111111111100000100010001101001
00000000000011000110100111110010
11111111111011010010110010100111
11111111111111000000100000000011
11111111111111011101001100001111
11111111111110001101011011110011
11111111111010111111011110001101
11111111111111010110010001000100
11111111111000101111010101000010
11111111111100110100010100010100
11111111111001011100110101010000
11111111111110001011001111001101
11111111111110000010100100001110
11111111111011001101110110010100
11111111111100101000010111111101
11111111111001101110111000010101
11111111111010111111010001000001
11111111111000100010001000111110
11111111111011010111111010001110
00000000000000001010001110101111
11111111111110000000000101011111
11111111111110000010010001111001
11111111111101001010000110101010
11111111111011001111010010101000
11111111111110100101110010110011
11111111111010101101000010100101
11111111111100010011000010101110
11111111111011110101110001010001
11111111111100011101111101101010
11111111111110001010011011011111
11111111111110000100001011110010
11111111111110011100000101101110
11111111111100010101101010001001
11111111111100110111011011000111
11111111111101100101101110110111
11111111111010111100110111010110
11111111111111110101110011110100
11111111111101001100011111100011
11111111111011011011010101010110
11111111111010100011011101110010
11111111110111110100100011011101
11111111111111001110110011000110
11111111111001100010111101100101
11111111111100001001110101011001
11111111111011001101001000110111
11111111111011110110111011110111
11111111111101011101001111010011
11111111111100011011111100111000
11111111111010101011100110110101
11111111111000100110110011101100
11111111111110100110001110110101
11111111111111011100111001010011
11111111111100111001111111001111
11111111111110010010110001110111
11111111111100101000100011111000
11111111111111110011000010001000
00000000000010011111001000100110
11111111111110000011110000111001
00000000000001000111000101011000
11111111111101011100011001000100
00000000000001011110011000010001
11111111111110011111100110110010
11111111111001101111000111010010
11111111111010110110011100101001
11111111111011000000101001001001
00000000000100001000001110011011
00000000000101011010110111110010
11111111111110110011100111001010
11111111111011001010001001100011
11111111111110011100100100010100
11111111111001100110011101000001
11111111111000010010001111111010
11111111111100110111101001110100
11111111111100110010000011011100
11111111111011110110010010101111
11111111111010110110001111110010
11111111111110101001011100001000
11111111111111100010010011000111
00000000000011010110000011010101
00000000000000011101011110100110
11111111111111111111011010111011
00000000000000101110001111011010
11111111111011110101101001000001
11111111111010010101100101110101
11111111111111000110001111100110
00000000000000111001000000011001
11111111111010110011011010101000
11111111111010110000010111100010
00000000000001010110010110001101
00000000000001110001110001101010
00000000000000101110001110001111
11111111111001100101000111001001
11111111111101011011101110110110
00000000000011111101110111101101
11111111111010000110001000000011
11111111111001010110001001001101
11111111111111100011000110001110
11111111111010000010010010010011
11111111111111010110001000100100
11111111111101110011001011001110
11111111111101111110000001111000
00000000000001101111111011000001
00000000000001000001001100011100
00000000000010000101001110000001
11111111111011111110101110101111
11111111111111101111010011110110
11111111111111010010011110100110
11111111111101011011111000111010
11111111111111110100010100010011
00000000000000000001100110010001
11111111111101001010100000100000
11111111111101100111100111101001
11111111111010111001101110100100
00000000000001010110000010000000
00000000000011101111011110110111
11111111111101100011100001001011
00000000000001010100001000110011
00000000000011110101000101000011
11111111111101010100000010001111
11111111111011111101001101011111
11111111111111111000100010010000
11111111111100001000100111011111
11111111111111110101011100100001
11111111111100000010010000101011
00000000000010011010101011100001
00000000000001100011110111110110
00000000000000010110101001001100
11111111111110000110101001101010
11111111111010101001101110011101
11111111111010110101000001100000
11111111111001010100101110111110
00000000000110010010011110110011
11111111111101000100011001011110
11111111111101011100100010000010
11111111111000111110100010010111
11111111111001011110001110101101
11111111111100100101101110000011
11111111111010010100000100010001
11111111111100111000110010011001
11111111111100011001110111110101
11111111111001011110110000000100
00000000000001000001111101101011
11111111111011001011010100111000
11111111111100011100000110010100
00000000000000101011100111100010
11111111111110001011010010001001
11111111111111100101000000000001
00000000000000110001010011011100
00000000000000001111111101010101
11111111111111000011010101101000
11111111111110000101001111001110
11111111111010001010100101100010
11111111111000001110000110011000
11111111111110110110100010011101
11111111111010011000100101010010
11111111111011010000111010100110
00000000000101011001111001011001
11111111111110110000110000011010
11111111111110110110010110000111
00000000000100000011000110001100
11111111111001110010111111011010
11111111111100111100011011110110
11111111111110011110000011110101
11111111111101011011001100011111
00000000000011010011100110001111
00000000000000100000010101100000
11111111111101010111010111010011
11111111111101010110001101101101
11111111111100101001100011111000
11111111111100111101110111101101
11111111111001001100100011011110
11111111111110011101001011111011
11111111111111000001111011010100
11111111111101010000111001001010
00000000000000011111111111011101
11111111111111100011001001010100
00000000000001010011111000011000
11111111111001111101011101100100
11111111111000111000110100111110
11111111111111100111110010001101
11111111111100001111111110101110
11111111111101001000001101110000
00000000000000001100011100110001
11111111111101010001101000101010
11111111111110100001011001011111
11111111111011100101111111001111
11111111111100110100111010100111
11111111111110100110100100100000
11111111111111011111110111100000
00000000000001010001000101111100
11111111111101110010011001111011
11111111111001110001100000100000
00000000000011010111011010110011
11111111111010101111010111001100
11111111111010111111001010101111
11111111111100111011110100001010
00000000000010001100011101011110
00000000000000100010011101111101
11111111111101010001110111101000
00000000000000000001110010010000
11111111111111100000101010010111
11111111111011110011000011010101
11111111111100100101110110100111
11111111111001000100110010100000
11111111111110000011110111110111
11111111111110111101000111000101
11111111111111000100010001000100
11111111111110010100000010110000
00000000000011001011011010100100
11111111111001101011001100010111
11111111111110101110100001011001
11111111111001001001011101101111
11111111111101000010011111011110
11111111111011001110001000110110
11111111111100000011011101000001
00000000000001111110000001011111
11111111111010011101110000001010
11111111111010101001011000000110
00000000000010110010110001010010
00000000000010011100111010101101
11111111111100101011110000100000
11111111111110110011100100000111
11111111111000110010110111101100
11111111111010001101110010011110
11111111111100100110111000000011
11111111111011101011101101101010
11111111111100101101110001010011
11111111111001110111010000011000
11111111111101111111110100000111
11111111111111100100110001011111
11111111111101001111001110101101
11111111111110110110010100001101
11111111111011111000110110101110
00000000000000110101010100000011
11111111111001000010010110111111
11111111111011100111011000111110
00000000000001011111101011100001
11111111111001111100101111101011
11111111111110011101101001100110
11111111111111000100111011001111
11111111111111111111000010110101
00000000000011010110100110101010
11111111111110111010011111011001
11111111111101110111111010000110
11111111111010100100110010111100
11111111111010101110001111110101
11111111111010101110011010001110
11111111111100111001000100101111
11111111111101110001000101111110
11111111111001101110111110101001
11111111111011010000100001100010
11111111111000011101110010001100
11111111111101001111000001001100
11111111111010010010110011001111
11111111111111000100111110000011
11111111111010011111000100110011
00000000000011110110001011011101
11111111111111010010111100011100
11111111110111111110010110000101
11111111111101001011111100110010
11111111111010100011110100000001
11111111111001010111011011001100
11111111111100010001000100101011
11111111111001101100010101010101
00000000000000101100001111011110
11111111111110100100000010111011
11111111111010010010001001101101
11111111111010010110111010111110
11111111111111000111111000110100
00000000000000011000110110001011
11111111111100010100010101111111
11111111111001010101011000001110
11111111111110011100101101011011
11111111111010101011100110100111
11111111111111000101000101110001
11111111111111000010010011110010
11111111111101100100101100110110
00000000000001110001101000001111
00000000000001011001010011001000
11111111111101000111010011010000
00000000000011110011100101111001
00000000000101101101100011111000
11111111111110011111101101101110
11111111111101000101101000000000
11111111111100100100101111101001
11111111111001001100110110001101
00000000000001110101010001000100
11111111111100101111110011010000
11111111111100111010101001110111
11111111111011110000011000110100
11111111111101000101110001011011
00000000000000011100010101101010
11111111111110010110001001100011
11111111111000110110110111101101
11111111111101011101001001110110
11111111111101100011111000100101
11111111111111011111011101011110
11111111111011101010111101100111
00000000000000110110011001011001
11111111111011011001111000011101
11111111111111101010101100001111
00000000000010110101001001000010
11111111111001110001010000011101
11111111111110110011110101110111
11111111111100110001001000101100
11111111111111000110000010100110
11111111111010110101010001110100
