00000000001001110111000011100010
00000000000001011001101011001010
00000000001011010010110010111101
00000000000010100111110101101000
00000000000001111011100100101001
00000000000000000100100111100010
00000000000101010101011110111010
00000000000100001100110010000100
00000000001000011010001100001001
00000000001100111011010111001010
00000000000101110110011110110011
00000000000100011011000001111000
00000000000011011010110110111010
00000000000110100011011011011100
00000000000110101101110000110111
00000000001010011101110000111101
00000000000010001001001010111011
00000000000100001011011010001111
11111111111110011010011110011100
00000000001001000111110000001101
11111111111001100001010101011001
00000000001010110110011110100111
11111111111111000011010000101001
11111111111000010001110111011110
00000000000101011010000000100100
00000000000101101101101010001101
00000000001010010001111100110100
00000000000110110100111010100011
00000000000011011010101000100000
00000000000001010001110100010111
11111111111110011001101110101010
00000000000000000100001101100111
00000000000011010111100111010000
00000000000001100000011001100011
00000000000010100110101110110000
00000000000010011111111110000000
00000000000010011000111110010100
00000000000000100010010000101010
11111111111110011001111100111110
00000000000110111101100010000100
00000000000110100010010100101101
00000000000011101011111110010100
00000000000011001110011011000011
00000000000000100110110011100000
00000000001001010001101000010000
11111111111000110000100100000000
00000000001001001101111110100000
11111111111011110101000101101101
11111111111100011111001110000001
00000000000101111110101000101101
11111111111110111000000010010101
11111111110011011001011110101110
11111111111011110011001010010010
11111111111110010111000001111000
00000000000111011000011011111010
11111111111110101100010010111101
11111111111101111011110000111011
00000000000111000100000110100101
00000000000101100111101000001001
00000000000110111001110100110000
00000000000111000010110001100011
00000000000101100010100111110100
00000000000111001010110000111110
00000000000100001101100110000001
00000000000100100100100111100011
00000000000110011011010010000100
00000000000100010100001110000110
00000000000000011000111000101000
11111111111111100011101100110000
00000000000111010011110111100010
11111111111100011101001010001000
11111111111110100000011010101101
11111111111101001000010111001110
00000000001000111101111100010010
00000000001100001100011010000001
00000000000011001100101001100000
00000000000000110001110011010101
11111111111110000001100101101110
11111111110111010111101111100010
11111111111010101111011110000000
00000000000001101000001111100010
11111111111011001000111000011111
11111111111001011000001101001110
11111111111011100010010111110000
11111111111001100101000001010000
00000000000100110001011111101111
11111111111011000001010110111011
11111111111100011011111010000011
00000000000111100010000001010000
00000000001100110100110110000100
00000000000010011110101101101101
11111111111111100101000001100011
00000000000110010100110111000101
00000000000101010100111011100010
00000000000101011111100111010000
11111111111100011011111010100010
11111111111101001111011011010001
11111111111111100011110111100101
00000000000100010110101101011110
00000000000011010110001010000000
11111111111010111010100011011010
11111111110100101010011000100001
11111111110100111001001100000000
11111111110011100111011011110000
11111111111001010110110010011000
11111111111011100000000000110111
11111111111000011111100110101000
11111111111100011100111011100011
00000000000010011111110011100001
00000000000000111110010011011100
00000000000011011011100000011100
11111111111100110011101010110000
00000000000001100011101101000110
00000000001110101101001011100111
00000000001111101100110010100011
11111111111011101100010010100110
00000000000001000001101111010110
00000000000101110000001011110111
00000000000111110001000010110101
00000000000110110111011111101011
11111111110010110101111110001100
11111111111010101010000010100111
11111111111111110101001010101110
00000000000011100110010001100100
00000000000100110110101100111001
00000000010111101101011110011011
00000000000111000010010011110111
11111111101111010110110010100100
11111111111000010100000100001011
11111111111011000001000000110000
00000000010101101100000010101101
11111111110111001001100111101011
11111111110100001111001100111000
11111111110110011100011101000011
11111111111100111111001001001000
11111111111101101011010111011010
00000000000000011010101110111000
11111111111011010100110111010100
00000000000011101001101110111000
00000000000000110100101100110001
00000000000100110101111100010001
11111111111110001111011111000010
00000000000011001100000011101011
00000000001010111101111001100111
00000000000001000010000010010000
00000000000011010011000001100110
00000000000000001101010111001110
00000000000100100011011001001011
00000000001010101001001100101110
00000000000000111100100111001011
00000000000100101001001010000110
00000000000101011010000000111100
11111111111010100111011010111001
11111111111110110011101000010100
11111111110011111010001011110011
11111111101101101000101100011010
11111111111101101101101101010111
11111111110100110001111001111000
11111111111100011100010011000101
00000000000001101101010110100100
11111111110010100111000000100101
11111111110001011101110110111100
11111111111011010111110110001011
00000000000001000000001011000110
11111111111001010111111100000011
11111111111111111101000010000010
00000000000000100110000100111001
00000000000111001000000101110010
00000000000100000001000110011010
11111111111000011000110110001000
00000000000001010000011101010111
00000000000011001100001111011011
00000000000010000011001011001110
11111111111000110000010001001101
11111111111011100111000010111010
00000000011001010100110101111011
11111111101000011110111111101011
11111111101100000010110001100001
11111111110010100100101010100001
11111111111010110001001110111101
11111111111101001110100111101101
11111111110011101010100111010101
11111111111111100111000011001001
00000000000000011001011101110101
00000000001001010000111111111010
11111111110101001100111101001110
11111111111111101100001110111011
11111111111111001001001101011011
11111111111011101111101110100111
00000000000000000000111101100111
11111111111110100100110011010111
00000000000000001011110001010001
11111111111101001010010100101110
11111111111010101011000111011111
11111111110110101010000100010111
00000000000001001100001011101100
11111111111111101110001010011010
11111111111010100000110011110011
00000000000010000100011010010000
00000000000111000110111011101010
00000000011001011001010000100000
11111111111111100001101111000011
00000000001011111110011111111110
00000000001100111001011101000000
00000000001110111110001111011111
00000000000100010011101000110000
00000000000001100110110110001111
00000000000010000001111010010100
11111111111111111011001010111000
00000000000100111111110011001000
00000000000111101111000110010110
00000000000011111111010011110001
00000000000000111110110100011100
11111111111101110111010010010010
00000000000001010101100001111101
00000000000100000010011011100110
00000000000100010011010010100011
11111111111101100111100101000110
11111111111000101101100101010110
00000000001110111011011101011110
00000000000000100000101000111000
00000000000011011011001100001110
00000000000000010110101000001000
00000000000100000000010110011101
00000000001100011010100010000110
11111111110110111110001111001000
11111111110001101010001001011110
11111111110000101101101111001110
11111111110011111011001100100101
11111111111001100011101010001001
00000000000011011110000011111111
00000000000111100101000100101000
11111111111100100101011101110011
00000000000110000101011111101011
00000000000101101001101010101111
00000000000010010000011000110110
11111111111110111100000100111111
00000000000101110001001010010001
00000000000101101010111110101111
00000000001011011001010000000011
00000000000011010011000100100010
00000000000110101110011110100110
00000000000100100010011011110111
00000000000010101101010010101101
00000000000110001000010110111111
11111111111010000010010001010000
11111111111110110111011100110110
00000000000101100100111000111110
00000000001000011010001101100000
00000000000101111101100000110001
00000000001101101011111110111100
11111111111110111000011001011100
11111111111000110101011010110101
11111111111100010011101010111000
11111111111101101011111111000001
11111111110111001111001010010000
11111111111000010111111010100110
11111111111000101011011111001110
11111111111101000101011000011101
00000000000001101001000011100100
00000000000001000011011011011100
00000000000011100010110110011101
00000000000011101010100001000001
00000000000001110001110011001101
00000000000101010101110110000111
00000000000100110010010001000111
00000000000100010000101010101110
00000000000001110111100110101000
00000000000101000110101001001101
00000000000011101101100100110111
11111111111101011111110110011000
00000000000001000110010011100111
00000000000111110010010010000011
00000000000010010100101011000000
00000000000010010100101000010000
00000000001111111110001001111110
00000000000101110011101011001010
00000000000001000111101010010011
00000000000001001100000101010001
00000000000110100101000111111111
00000000000001111101011000010101
11111111111011111101000000010011
00000000000001101101100101010001
00000000000001010110111110001001
11111111111111111000100100100101
00000000000000001101110010000000
00000000000011100010110000010111
11111111111100010010110011110010
11111111111111010100010100010100
00000000000111001000110001010010
00000000001000000011100111101011
00000000000100000010111000001101
00000000000010101000001011100010
11111111111111111010001110111101
00000000001000101000010101100100
00000000001000011111010101010100
00000000000011011001111001111110
00000000000010001110111010000010
11111111111111000000001111100010
00000000001111100010101101001100
11111111111110111101010000010110
00000000001010001101111011101111
00000000010000100011001111101001
00000000001111010101101111111011
11111111111111000000110001011001
00000000010100001111110110101100
00000000000010111010011001101000
00000000000101101001101100000100
00000000000001111101011010001101
11111111111100101000100101110001
00000000000011110010011010111100
00000000001011111011011011100110
00000000000001111110011011100001
11111111111000110101001001000000
00000000000000001111100011110101
00000000000101011011100111000100
00000000000011000110001000100100
11111111111001111110110111100110
11111111111100100011101010100100
00000000000110110100101010101011
00000000000001011100000001010010
11111111110110101010000100010100
11111111110110011101110011110011
00000000000000110001110000101110
00000000001000101010110000101111
00000000000111111101001001101010
11111111111111000000111011000010
11111111111001001001010100110110
00000000001010011110110110111000
11111111111100000110100010000110
11111111111000110101000001010001
11111111110100100010001001111010
11111111101111100011001000101111
11111111111000010101100010011011
11111111011011101011011000110100
00000000000001011100101110101001
11111111111101100111001011010100
00000000000100111101101001010111
00000000000011000011101110111011
11111111110010111101111110100001
00000000000111110000111100101111
00000000001001111001001010100111
11111111111111010100110000111111
11111111111110100001100001010101
11111111111000111011001100001000
00000000000010110110011010001100
00000000000011001000100100010101
11111111111110001001101001001010
00000000000011101110100101111111
11111111110101111000111100111100
11111111111100001000110011011110
11111111110100110010101001100101
11111111110010110101011000100000
11111111110111001110110111110111
11111111110100100000101111100111
11111111111101100001010000010110
11111111101111110101010010111110
11111111111100001000100101010010
11111111111110000001010101111010
00000000000000000000000111111100
11111111101000110010101100101111
00000000000000000110010110010101
00000000000011101110001000100111
00000000000000101001001100100011
00000000000011101010011011100110
11111111110001110111000101011110
11111111110111001110110011000010
11111111111100110011110110010101
00000000000101001110111011101011
11111111111111001111010111011000
11111111111100000000000010100011
11111111110110011110010100001000
11111111111000001110101101111110
11111111111110100011100000001100
11111111111001100000101101100011
00000000000110001010011000011111
00000000000100111101101110010101
11111111111011010011100101101111
11111111110001011011111100010111
11111111110011011101111110000100
11111111111111111011000111001101
11111111110110010111100110101010
11111111111000101011100110110011
11111111110111010000011001000100
11111111111001100101001100101011
00000000000001001101101000010101
11111111111101111001000011010010
00000000000000001100011101001001
00000000000101000101100011001011
00000000001110100100001001101010
00000000000101100001111000011011
00000000000101010110000001001111
00000000000100111101100100101100
00000000000100001110111001000100
00000000000111110111110101010000
11111111111110101011001101010001
00000000000000110110111110101101
00000000000101010001000111000100
11111111111110111011010001000000
11111111111100110001101101010101
