11111111111110111011101001011100
11111111111111000011100001101010
11111111111110111010011110001111
11111111111001010001000001001110
11111111111000000001010101100011
00000000000011101011011001101011
11111111111101010101101100100001
11111111111111001101100001100101
11111111111110110101110011000010
11111111110111011101101111010011
11111111111101111000010001001001
11111111111010001011011000001100
11111111111101001100010000101000
11111111111000111100100000110011
00000000000000110011001011011010
00000000000100001000011000001110
00000000000110011000010101010010
00000000001011000010101011001100
00000000000000000010111011101100
11111111111011101110000010100000
00000000001111100110000111010101
00000000001000100111000011010101
11111111111111111101110101010010
11111111111001111100010010000000
11111111111010000010001101001100
11111111111111010110000000111010
11111111111101101010001100100001
11111111111111010000010100111101
11111111111110110011000110110010
00000000000101000101100001001111
00000000000001011010111110111010
11111111111111111110110010100011
00000000000011110010100011011010
11111111111100110111001011010101
11111111111111110001011011001110
11111111111101010011110110000101
00000000000100101010011011110111
00000000000101010000010110000010
11111111111110010111001011110011
00000000000111010110100000100110
00000000000011011010010000011000
11111111111110001110000101010101
00000000000101010111101111100000
11111111111010010100001010010000
11111111111101000101101010010001
00000000001110001111010100110110
00000000000010000111000100111010
00000000000110100000111000011001
11111111110111101110111011100001
11111111110101001110001000000011
00000000000100111000011001010100
11111111111111111000000101100001
00000000000000010000101010101010
11111111111110010101001011011000
11111111110111101001101111001110
11111111111110111100100010010100
11111111111010100111101010010000
11111111110111001001101110111010
11111111111110010010110100101101
11111111111111111111011111100101
11111111111101010101110100100010
00000000000010101010101001110010
00000000000011001101100111001100
00000000001000101100000000101000
00000000000000110011000010110101
00000000001001100010010000100000
00000000001010111100111010100000
00000000001010101110110001101001
00000000000100011001110011011101
11111111110111011010110110111001
00000000000101001110100101100111
00000000000001111110101010100101
00000000000010001001110110010111
00000000000111110110010011011010
00000000000110010110001110101000
11111111111111100110111101001110
00000000000100001110000100011001
11111111111110111001111110010111
00000000000001000010100010010111
11111111111111001010100001100011
11111111111101010110100111101110
00000000000100110000111000101010
11111111111101011010100101111110
00000000000000001010111001000000
00000000000110000010100100010011
11111111111110110010000100000110
11111111111110111010101110000000
11111111111100000100010001010101
00000000000101011000101100110110
00000000010001110011101111000000
00000000000000101010011001000110
00000000000000001101000001010111
00000000000101000101111001000100
00000000000100111010010111000001
00000000001000110001110101011000
00000000001100101000000110110011
00000000000001010011010100010111
00000000000001001101010100100111
00000000000000011000101010100000
11111111110110110001000000101101
00000000000000100111111101100011
00000000000101011000010101101100
00000000000111011110001110100110
00000000000101110100110000011100
00000000000100100110101101101101
00000000001011011101110011000100
00000000001010000001011001011000
00000000001000001111001100110100
00000000000110001010000011100111
00000000001000111100011111000110
11111111111011100011011010101000
00000000000000111100011110000101
00000000000100001110111010111100
00000000000011011010111000100000
00000000000001010100000100100100
11111111101111110101110000110001
11111111111110011111101010011100
00000000001000010111100100110000
00000000001101001000000001110110
00000000000011011011010100010111
11111111111011001111111011110010
11111111111111010000010110101100
00000000000010101101001110101000
00000000000110000000101110100011
00000000000001001001000110000010
00000000000100110001100001010110
11111111111111001110111001110010
00000000000100011100000011011100
00000000001010010001011010101101
00000000001001011000011110011111
00000000000101000010011101011101
11111111111001101001110101011010
11111111111111100011100010011110
00000000000100001000000000011010
00000000001001000010011010100110
00000000000000000001100011011011
11111111110110110111010011010100
11111111111100111000110001111110
00000000001000010000010100110011
00000000001000111111101110101011
00000000000100010111111101001010
00000000000011100001111000100101
11111111111111110111100101011110
00000000001001110000110111010010
00000000001111000101011011010100
11111111110110110100011110000100
11111111111110010001101000111010
00000000000100010011100001101011
00000000000110101101001111111010
00000000000101011100001000111101
00000000000010110000001111010111
00000000001001101101111001111001
11111111111011110010111011110011
11111111111101010111000000100000
11111111111000111001011111101011
11111111111111000000001001011100
00000000000001111110011111011101
11111111111011101010100001110101
11111111110101101000111011110100
11111111111110100111110110001100
00000000000001100110100100001001
00000000000010100000100000010011
11111111111111100010010111010111
11111111111101110001010110011011
00000000001011110001111101000111
11111111101111011011111010000101
00000000000001010000010010100010
11111111111100110111011011011100
00000000000011000110011110100100
00000000001000100010101100001000
11111111111000111110011010111100
00000000000000111110011010100010
00000000000001001010001110101011
11111111111011110101101110000001
11111111111011000001101011011110
11111111111011011111110010101110
11111111111011011010100111001001
11111111101110100001100011010011
11111111101010000101001111110011
11111111111010100110001000011010
11111111111100000100110110011101
11111111111001010101001010111101
11111111111000001110100111111010
11111111111011011010011101010100
11111111110111111101110100010101
00000000000000010110011110111010
11111111111111011100110100000000
00000000001011010010000001101011
00000000000010011111011010010100
00000000000111111100111110110010
11111111111110000101010010100000
00000000000100001111100001111111
11111111111001001110001100111110
11111111111111000010101000011001
00000000001111100001111111111001
11111111110111011110000111111001
11111111111111110111111101111110
00000000001010101001011100111111
00000000000001110110100110110110
11111111111110011111110001010000
11111111111100011110000110100000
00000000000100000001011100100101
11111111110110010100100110101100
11111111111101000000110101111100
11111111110110001001011101100011
11111111111001110010110010010000
00000000001100110000010111110110
11111111111100111111010111111010
00000000000010011110101111010001
00000000000000011110111111101011
00000000000110011111011111100100
00000000001110111001011110010000
00000000000100000111101101101000
00000000000010011110100100011011
00000000000111110001011000011001
00000000001100001111000010010101
00000000000101010010011011101011
00000000000001111111011011100111
11111111111111111011011011001111
11111111111011101000010011100001
11111111110110111111100001011111
11111111110010010011000110011111
11111111101111110001000110100001
11111111111010001010111000010000
00000000001001001100001100001100
11111111111111111101101001011100
00000000000000000110010010010000
00000000000010100100001101001010
11111111111111100010000001001000
00000000000011000110011000110101
11111111111100100110100101000100
00000000000010010111011001101101
00000000000110100101001100101110
00000000000011010011001101001100
00000000001011100101100110110111
00000000000110011011011010100100
00000000000001001010000001000111
11111111111101010111011011011101
00000000000010011010010100100101
00000000000100000001000110101101
00000000000010000110000111000110
11111111111110010000110100011101
00000000000100111010011011011100
11111111111100010011100111000011
11111111111010011101101011010111
11111111111101110110011101101101
00000000000011000011100000010011
00000000001001110001100000000011
00000000000100010011001111101110
11111111111110011100001111001100
11111111111001101000010110101100
00000000000001100000101111011011
11111111111001011011010101100010
11111111111101111111100111101101
11111111110111110010001101111001
00000000000011000101011011011110
00000000000100000100101010000001
00000000000011110011111110110100
11111111111101100100111100001100
11111111111111011011001000101001
11111111111101010101011011110010
11111111111101001110100100000110
00000000000101000111110010011001
11111111111010101000111010110111
11111111111101000001001000001101
11111111111000001001010011100000
11111111111110111101010011001000
11111111111011011110001110100011
11111111111100011010100111010100
11111111111101110000000110001001
00000000001000100000011010110010
00000000001001110001100001001110
11111111111011111100110001100011
11111111111000011011101001111101
11111111111011001110100111110011
11111111111001101000100000101100
11111111111010011111011100101111
11111111111100010101111001101100
11111111111111000101001100110111
00000000000011000011010100000111
11111111111101001000000100000101
00000000000010000001101101111101
00000000000000010010001000110010
00000000000011010010001100101011
11111111111111101010110110111001
11111111111101111011010111110100
00000000000000111100111101001010
11111111111111100100100001011110
11111111111011000110000010110011
11111111110110100100000100011110
00000000000001011100011110001101
00000000000010000000000000000101
11111111111110111000100000100001
11111111111000110100001011010011
11111111111010001011010101001111
00000000000100111110100001011110
00000000001000001000110101000100
11111111111100110100000000101001
11111111111100000000100001010101
00000000000010001100011010101010
00000000000000101111110101001100
00000000000100110100100101000010
11111111111111110100101101000100
11111111111000001101100000011001
00000000001010010011010101110111
11111111111111000011011100000101
11111111111010110111011110100111
00000000000001010100011111100011
11111111111110001000111111010111
00000000000010001000111101000110
00000000001010110011001111000111
00000000000000001110100011111010
00000000000011001100010010010111
00000000000010110101011101000101
00000000000000001010110011101011
00000000010000010101001010001101
00000000000110010011000110101010
00000000001000111101111101101100
11111111111110101000101001100100
11111111111110100010111110010001
11111111110011001000111011001110
11111111110011001010101101111001
00000000000001010000000101000101
00000000000100010000001000101111
00000000000000011000101001110010
00000000000011001011101010110010
00000000000110010011011011010100
00000000000001010011010101010100
11111111110101010011110001000001
00000000001110011100011100111111
11111111111111001100011010111111
00000000000111010110000011011001
11111111111001111110111101110110
11111111111010110011101100000000
00000000010110100010010111111100
11111111111111010011111111101011
11111111111011111100001100000010
11111111110011110100111101010100
11111111111111000101011001101100
00000000001011010010000101000010
11111111111011011101001001101000
11111111110110100110000010101011
11111111110001011000010001000100
11111111111000000010111001110110
11111111111110100000010111111011
00000000000100111111001101110000
00000000000000111010011010101000
11111111110100111011010001110011
11111111110101000010010001000111
11111111110111000010010000110101
11111111111011000000011010101001
00000000000110111011100011000011
00000000000111010101001111011011
00000000000111110010100100001000
00000000001001101000011010100100
00000000001111010001011000000110
00000000000101001100111110111011
11111111111110000110000110001010
11111111111111000111010110111010
11111111111000000111000010010100
00000000010010100111101000100100
00000000000000000111011001111001
11111111111111101100001001101100
00000000000110010100100011100001
00000000000100101110011000000001
11111111111010111011100001100101
11111111110100100001001100101010
11111111110100111101011000100111
00000000001010010011111000110001
00000000001111011110111100010111
11111111101101101101001111100010
11111111111100000001111100111100
00000000001001001111010000000111
00000000000011101110010111011010
00000000001110001010110001111011
11111111111001101011000101010001
00000000000010101010000101011101
11111111111110111101001101111111
00000000000001100110001010101000
00000000001001001010011010100010
00000000000101000001011101010000
00000000000000101101011000110011
11111111111111100010101011110101
11111111111111110000111010011001
11111111111110001100101100100001
00000000000001011111101100000010
00000000000000011001010000010001
00000000000001111100100000110100
00000000000111101110111001011100
00000000000100100101000101111011
11111111111010011010100011101111
11111111111110000011000001010010
00000000000011011110100111100110
00000000000000101001010011000000
11111111111100100110000101101010
00000000000101110011100101000101
00000000000011101011000000000010
00000000000010010110111110010110
11111111111101011110010011100110
11111111101111001101111011001011
