11111111111110000110010110010111
11111111111110011111011111100101
11111111111110010011000010110011
11111111111100111000111111000101
11111111111111111001101101001001
11111111111010000011011011001001
11111111111110010100111101010001
11111111111101111100100010011010
11111111111110011000100011001100
11111111111100110010101000000010
11111111111111011010001111101011
11111111111100100010001011011101
11111111111011111100010111100001
11111111111101100011011110111001
11111111111001100001000100100001
00000000000011000110100001011100
11111111111101011110111100110111
11111111111011110011110000101110
11111111111011010101000110110000
00000000000000000001110010011000
11111111111111010101001011110010
11111111111011110010111011010001
11111111111100101010111110011000
11111111111010010111100101111101
11111111111110111111010000110000
11111111111100001100100010111100
11111111111010101000000111100011
11111111111111110101010101101010
11111111111110001101111010111111
00000000000000100100110100111011
11111111111011000100101111101101
11111111111011001001110100100111
11111111111101100101110110110011
11111111111111000100100110001100
11111111111011011111100101000011
11111111111011010101100100011010
11111111111011011010110100001111
11111111111101000111100110010110
11111111111101101100110010111010
11111111111111100010000000000010
00000000000000011101001000101010
11111111111011000100100010111010
11111111111010101010100101011001
11111111111110001101001011111000
11111111111100010001010100000101
00000000000000001001001100111110
11111111111011001001001100011011
11111111111110111011011011101100
11111111111101100000010100011011
11111111111101100001011011001101
11111111111001100000110110010001
11111111111001100100010101111000
11111111111001001000101101100111
11111111111110000001100100010111
11111111111011111111010110100101
11111111111100100100010101101001
00000000000000010001101111010000
11111111111101000000000011011101
11111111111110111101110000100000
11111111111101011001000011010010
00000000000000000010101101010000
11111111111111101101001101110110
11111111111110011010000000100001
11111111111101100100001001101101
11111111111011001011001111100001
11111111111110000000011101111111
11111111111101100110101001000001
11111111111010111111110101000010
00000000000001001100111001100001
00000000000001110100000111100110
11111111111100100010010100000001
11111111111111001001010110110001
11111111111011100110000001111011
11111111111100110111001101100001
11111111111011011100111000101011
11111111111110011011001101011110
11111111111101100010111000000011
11111111111010110111100110101010
11111111111110111011101111100011
11111111111011010010000010001100
00000000000001100100101000111110
11111111111111001001110011000011
11111111111100010000101110011011
11111111111111001100001100010111
11111111111110110110111000101000
11111111111111011101111001110010
11111111111110111101100100100111
11111111111110011100100111110001
00000000000001010100111110000110
00000000000010011001100100001111
00000000000001100111110011000000
00000000000001000101101011100111
11111111111111010101001111011010
11111111111100010101110011100000
11111111111101100010110000010010
11111111111110111000011000011011
11111111111101001011111001111011
11111111111011010010011111101101
11111111111100111001110110110100
00000000000000110010100000010000
11111111111111011011111101110100
11111111111100100011100101110100
11111111111101100011001000110101
11111111111111000111110100011100
11111111111011001100100111110101
00000000000001001111011010110101
11111111111101111010101010111010
00000000000001110100000101010110
11111111111111100000111001011101
00000000000000100110000101001011
00000000000000101100010011001111
11111111111011011011100111111101
11111111111011001010111111100101
00000000000001111111000110110011
11111111111111000111101011101110
11111111111110111110001001000111
00000000000000110001110111111011
00000000000000000100011010000011
11111111111101101111001101110100
11111111111110101101100011011110
11111111111101110101110110111110
11111111111111110111101001110010
11111111111101100000010100011001
00000000000001110101010110100000
11111111111111010100100010011110
00000000000010001100010100010101
11111111111110100010001000001110
11111111111111010011100001011110
11111111111101110110110111101110
11111111111101011101110001111011
11111111111111110100000000000000
11111111111111100100010110111011
11111111111101110001100010011100
00000000000000001101001010101001
11111111111001100110010011001111
11111111111100010011001110111000
11111111111111101000110001001110
00000000000010101100101100101010
00000000000001000000000100001100
00000000000000101000101101011111
11111111111011001001010110000000
11111111111111101111100101011001
11111111111110010111110100111110
00000000000000011011011010001000
00000000000001011100000111101011
11111111111101110110011110001111
00000000000000001001100000000010
11111111111101011110000001011000
00000000000000000000110010100111
00000000000001110101010111100010
00000000000000111010111101011010
00000000000000110001011000110011
11111111111011100101101111101111
11111111111100110001010011000101
11111111111111010100100110001100
11111111111101000010110101100100
11111111111010111100000000110111
11111111111110000010100010101001
11111111111110001100110001111010
11111111111110101000000111010010
11111111111101001010100110001101
00000000000001110010100000110010
11111111111111100100100110001110
00000000000001011011001000010011
11111111111011110110001001001001
11111111111100001111000111001100
11111111111111011010100010010001
11111111111110001000110110101101
00000000000000100010111011001000
11111111111010110000010010101010
11111111111011110111010000011011
00000000000010000101100111101000
00000000000000101101010111111111
00000000000001001001010100010010
11111111111110111110010010100000
11111111111101110011111010000101
11111111111100010010011001001100
11111111111110001011110000001110
11111111111011101001101111110110
11111111111100100100000111110010
00000000000010001011101001100110
11111111111010101110001101011110
11111111111111111101010110011001
11111111111010111110011100000110
11111111111011110101101001011111
11111111111111101101011000110000
11111111111111100001111010001000
11111111111101101111011000010000
00000000000010101111010000111111
00000000000000010010001000010101
11111111111101111000000001010100
11111111111100001000010110010001
00000000000001100011100000011010
11111111111101011111010110010010
11111111111101010011000011111101
00000000000000101000000001010110
11111111111100111100001000000000
00000000000000001101100010100111
00000000000100000010101111101011
00000000000011111100001110011111
11111111111111000010110000110001
11111111111011111000100111010111
11111111111011001010001010010000
11111111111101101101101111100000
11111111111011001010001000100001
00000000000000100110000010011111
11111111111010101110111011000010
11111111111101110100010011111100
11111111111011010011010101100101
11111111111011001010100111011100
00000000000011001100000011110001
00000000000000111100000100001100
00000000000010011101100010111010
11111111111100111101110001110010
00000000000000011010100010110011
00000000000001001111011110111100
00000000000000001011100111111110
11111111111111110000001011010000
11111111111011011110110101010000
00000000000010001111011110010011
00000000000000111101111011010011
11111111111111001001110111010001
11111111111110101001010100101100
00000000000001010010011100111111
00000000000000000100101001010111
11111111111100111100110101111011
11111111111011101100000100110100
11111111111111100000010000101010
11111111111110111100010110100001
11111111111011010101000000011010
11111111111110010011001010110101
11111111111101101010000101011001
11111111111100100011100000101001
11111111111101001101000010111101
11111111111101000000010110011010
00000000000001011010010010100010
11111111111010111011000110000001
00000000000001000101101000101001
11111111111100010001100110011111
11111111111111011011001001111101
11111111111111011011000001000101
11111111111100011101000000100111
11111111111101100110110001110001
00000000000010101110011010001000
00000000000010101111000000111001
11111111111101000100011100011111
11111111111110011111111110111100
00000000000010101110111011110101
00000000000010011111110000001110
11111111111100010000010100111000
11111111111110001001101011111010
11111111111110010011101000111011
11111111111011110011010000101010
11111111111011100101111101110011
11111111111010111111001011100101
11111111111111011110001110011110
11111111111110001000001001000001
11111111111110001111101011001010
00000000000000110010111100000110
11111111111110101010011110011110
11111111111011011011000101101010
11111111111010010001011000011101
11111111111101011011111010111111
11111111111100111101111111101010
11111111111111011100100110010001
11111111111100011010101100001111
11111111111100100111001011110111
00000000000000000101111111001101
11111111111101010101111111100000
11111111111111100011101011111101
00000000000001101100110001011011
11111111111101001010110010011010
11111111111110000010011001101100
11111111111111101100110110101111
11111111111110110011011000110000
11111111111011011110010110100101
11111111111010101010100010000000
00000000000000000101011111000101
11111111111100111000000101110010
11111111111011101111000011000010
11111111111111011100000111000110
11111111111110101010111100101000
11111111111100011001110101010101
11111111111111111000111001111110
11111111111010001101100110111110
11111111111011010101111111111111
11111111111011000101111100110010
00000000000011100111001000010000
11111111111011101101110000010010
11111111111111111011111001101011
11111111111101101000111100010111
11111111111001010011011100010011
11111111111111001011111111100011
11111111111111111011111100110000
11111111111110110011001001011110
00000000000001010001001110001010
11111111111011011110011100011111
11111111111110111101011100001001
11111111111001011110011010000001
11111111111101000100000110001011
11111111111101111100001110001001
11111111111111000010111100010000
11111111111111011100111011101010
11111111111011100110011010010101
00000000000000010001000001110000
11111111111101101000001011110100
11111111111111010011010011110010
11111111111011010110010101111011
11111111111001001001110110100100
11111111111100111001011010000011
00000000000000100000010000101000
11111111111101000111000111011110
11111111111100101000111001011110
11111111111100001111010111100001
11111111111110000010111111100101
00000000000000010001000110100000
11111111111011010100110100011111
11111111111110010111011000110001
11111111111101111010110110011010
11111111111110011100011001010111
11111111111011100001000001010101
11111111111110111000110000011010
11111111111011111011011111011111
11111111111111000010001010010101
11111111111110000100000110101011
11111111111101101101111001110011
11111111111110110101001011101110
11111111111101010111001101000010
00000000000000001001001000110101
11111111111010000001101101001101
11111111111111101011101001011010
11111111111101110111011110111000
11111111111011011001000001110010
11111111111101111101011100101111
11111111111010010011011001110000
11111111111011110101101101110111
11111111111111100100100100111110
00000000000001000101111000101001
00000000000001001001101101001011
00000000000101100000110100011000
11111111111110001100001101110100
11111111111100011010111110110111
11111111111111110111010011010011
11111111111110110001000100010110
11111111111110100110010100011111
11111111111011101010000011101010
00000000000001111111111101011001
00000000000000001011100010110100
11111111111110111010101000000000
11111111111111110101111110101010
11111111111111010101011010111011
11111111111110110111111000110100
00000000000000000010001100011001
11111111111110100001011111100001
11111111111010010110111110101000
11111111111110111110001010110001
00000000000010001011111100101100
11111111111110110111111010110110
11111111111101100100011100111101
11111111111110010010100011101001
11111111111101011111101110001010
11111111111110110110010001010011
00000000000000100010011010011111
11111111111011001101110111000000
11111111111111110100110110110101
11111111111111100010111111111010
11111111111101100110011111011000
00000000000011001010011100111111
00000000000011100011111110100001
00000000000001011110110001001110
11111111111001110110010011101011
11111111111101100110001001001101
11111111111110000010011010011010
11111111111010001011000001100001
11111111111110010000100100010000
11111111111101000000001000001001
11111111111100001100111111000101
11111111111010110110010100001111
11111111111111100001101000101010
11111111111110100000001001001001
00000000000000110010011110011010
11111111111100101111111010001000
11111111111110010010100110011100
11111111111010101111000111010100
00000000000001011100001001001101
11111111111101111010100010111111
11111111111011000000011000101111
00000000000010001011001010010101
11111111111110101000111111100000
00000000000011000110010011111100
11111111111001111010001110110011
11111111111110000001110101011110
11111111111100000001001101011111
11111111111010100101111100100011
11111111111110100111110100111110
00000000000001110101000011110010
11111111111100000000010100101101
11111111111100011100000100000110
11111111111011101001101111111110
00000000000001001000001010010111
