00000000001011000110011111101111
00000000000010001001111001110101
00000000001000111011011011010100
00000000001100010100111110011000
00000000000100010110001110011110
00000000000101111011100001011111
00000000000010110111101110000011
00000000000000011000000011000010
00000000000001000100111001001000
00000000000111001100000111001100
11111111111111011110011100011000
00000000000010101110011010111101
00000000000101101011111101110110
00000000001000000000110100001000
00000000001001001001111011110001
00000000000111001110110011000010
11111111111011111010100011110001
00000000000001110110001001010011
00000000001101101011001001001111
00000000000110110111101011100101
11111111111100111100101010001011
11111111111101111110001101010111
00000000000001000000000010101011
00000000000001101111010101111101
00000000000010011110100000111110
00000000000001110111110100011100
00000000000111110001111000010010
00000000000111110111010010011000
11111111111011000101110101000010
11111111111010010011110000001001
11111111111101000010101101010101
11111111111111011011101010101000
00000000001001010111110110101000
11111111111110001110001010001110
00000000000011010110100111101110
00000000000101010010011100011110
00000000000011010100000101111001
00000000000101010111111001101011
00000000000100110101101001100000
00000000000010011011000101111010
00000000000101111000001010101000
00000000000001011011111000100111
11111111111010010111000010101101
00000000000111011110101010001001
11111111111101010000011001101100
00000000000111100000100011000101
11111111110111010001000101000101
11111111110110111101010111000011
00000000001000110101111011011010
00000000001010001101101001010101
11111111111110010101010010111100
11111111111111101101110000001000
00000000000111001010000010101001
00000000000101110101011001001000
00000000000001101100110110000111
11111111111110010010010000000010
11111111111101000111000011111110
00000000000100010011011010100001
00000000000000010111000010100101
00000000000001110111000110101000
00000000000000010100001101110001
00000000000101010001100100010111
00000000000111010000010110000000
11111111111110010010101010000001
11111111111110000110011001011010
11111111111100000101100111011101
00000000000000110011010011110001
11111111111011101000000111110100
11111111111010000010111111010011
11111111111011100101110010010010
00000000000101010000001111010100
00000000000001000000000010100010
11111111110110100101011111111011
11111111110101000010000110111011
11111111101111111100000001011011
11111111111101111011100111000111
00000000000001011111001011011110
00000000000000010111011010111011
11111111111100010100111011110000
11111111111101001000010101010001
11111111111011010000010011011101
00000000000000110100001010101110
11111111111100010110100110110010
00000000000011000111101000110001
00000000000010000000111101111110
00000000000001000000001010100110
11111111111111110001010000101011
11111111111101010010101001111111
11111111111110010010001101100100
11111111111111111111010000110111
00000000000011000000111010000110
00000000000101011111010101111010
11111111111111110100001001010001
11111111110100101010110000010101
11111111111100101111100001111111
00000000000000100001001000100111
00000000000111000100001001111101
00000000000010001100001110000101
00000000000010000011111100111010
11111111111111011100100110001100
11111111111001101100110111110011
11111111110111110110010000110111
11111111111001001011100001010100
11111111111101010111010101101111
00000000000001100001111000010011
11111111110011001110011110111101
11111111101111001110001110010111
11111111111010100010001000010110
11111111111111110111001000110001
00000000000010100010011111000100
11111111111011111001011111010111
11111111111001100010101000000101
11111111111001111010100010100000
00000000000001010100000111011000
00000000000010010001100111100110
00000000001101010100000100100010
00000000000101100010111100110010
11111111111111101111001100110100
11111111110111010000010111001000
11111111111010101100100101111101
00000000001010001001110000110001
00000000000110001101110101100011
11111111111001110101110111111011
11111111110101010110010111010001
11111111111010101110000000010111
11111111111011100111011111111101
11111111110111010110001111001111
11111111110111101011010100100010
11111111111100001101101111010100
11111111111110001110001100000101
11111111111111010000010110000010
11111111111101011111111010000110
11111111111111001001110001000110
11111111111001011110000111110110
11111111111111010001011100111010
11111111110001001010101011000011
11111111111010011011011000010110
00000000000011010110101100001000
00000000000110110001110101001011
00000000000100001110110110101110
11111111110011110010101001110000
11111111111100000100101001101110
00000000000011110111000110110101
11111111111011111110001001011101
11111111101110101100000101101010
00000000000001110111001101000111
00000000000101100100001100111001
00000000000011101000110000010010
11111111111110111010100101100101
11111111111100001100001111111010
11111111110111001001010010000111
11111111110100000010000101000111
11111111111011110111011111110010
00000000000100011010101111100111
00000000010001010111101101100110
11111111111101101001100011110000
11111111111110101101110110110011
00000000000010100000000010011000
00000000001000011101010100110110
00000000000101101101101011101100
00000000000010100011110111001011
11111111110010001011101000101111
11111111111011111101110111000000
00000000001000100001101000000001
11111111111010100100111001011011
00000000000101011100100101110111
11111111110111111111110110001110
00000000000011000010100110010011
00000000000100100111011100000100
11111111111110100100101111001010
00000000000101011000100111111001
00000000000010111100001101001101
00000000000011111101000001010111
00000000000101000001111111110111
00000000000000000011110001011011
11111111111000000010110001111000
00000000001100110110110010011011
00000000001101101101011110101110
00000000011001010101110000010111
00000000001110110100010001111010
11111111111101100101011001110000
00000000000101010011100100000100
00000000000010011100011111100011
00000000000100101011110000011101
00000000010100001000001000001000
11111111111101001010110010011100
00000000000100001011001101001100
00000000001011001110001101101010
00000000000000111100000000111001
11111111111001001110011001110111
11111111110001100100110110111111
00000000000011111000111011000011
00000000010000100001110111000000
11111111111100111111101101010110
11111111101010100111110000101000
00000000000101011010011110011100
00000000000001110111101110111010
11111111111111000000111001011110
11111111111100010111100010100110
11111111110001110111111100010001
00000000010001110111011110001101
00000000000011101001000100010001
00000000001100101010010000100011
00000000000100110000011111101110
00000000000010100100111110010011
00000000000101000111101001000000
11111111111001011100101110100000
00000000000111000111000101111000
11111111111100110111000110100011
11111111111100100001101110011100
11111111111010101000000100100010
11111111111110011111100000011011
00000000001000011011100111000010
11111111111011010010000001011001
11111111111011010000101001100110
11111111111110011100111111110100
00000000001000010111111101010001
00000000000001111011001010100000
11111111111110101011011011111011
11111111111111001110100111010100
00000000000000011110110100101011
00000000001000110100111010001100
00000000000100011000010111100110
11111111111111111100111011100001
11111111101110010000001110111001
11111111111011101100010001010010
11111111111001110101011000101001
11111111111100101010111110111010
11111111111100111101110100001100
00000000000100111100001001100110
11111111110101011101011111111011
11111111110111001101001001001001
11111111110101011010100110011110
00000000000110100011110000001001
00000000000101011011010101010011
11111111111100100000101000001110
11111111110111000000000010011010
00000000000000010110010000101110
00000000000011110001100001000100
11111111111110010001110101100101
00000000000110000101011011010100
00000000000111001100101110001111
00000000000100001101101010011010
00000000000011001000010000110001
11111111111111101001111101011001
00000000000110101101100000100110
11111111111110111000001101011010
11111111111011111011001100011000
11111111111010111010111001000000
11111111111001000010110110100000
00000000001000100010110101011111
00000000000101110111010000101010
00000000001100000101100101011101
00000000000100100111101111001100
00000000000000110000111101010111
00000000000011000010111011010000
11111111111000010100010001001011
00000000000101111010000110111000
11111111111110101000000100010110
11111111111111110011011101000110
11111111111101011111001010111000
00000000000000010001011000111011
00000000000110100110100010110100
00000000000000101101000010000101
00000000000011010001111001000101
00000000000001000110011011010111
11111111111100110010101111001001
00000000001100001110001110101000
00000000001111001100101101011001
00000000000110110100111011010101
00000000000100010000000000101100
11111111111110111111000100011101
00000000000111001000001100001011
00000000001001001111110001110100
00000000000111101110100010101000
00000000000100011011110011100000
11111111111101001010011101101010
00000000000100011100111001011100
00000000000001100010001000101011
00000000000100110100110001101000
00000000000100110111010011110100
00000000000011001111010001010100
00000000000011010100001000101010
11111111111000111111110100111011
00000000000010001111110111110001
00000000000001010110101010101100
00000000000110111011010011100111
00000000000101110101111010101100
00000000000001010000100011011010
00000000000111001001111110011011
00000000000001110010101001000100
11111111111111100000001001010111
00000000000101111010100000000011
00000000001011000110101111111110
00000000000001111010010010001010
00000000000001111111101110100010
11111111110110000000100111000111
00000000000111001100000101100000
00000000001001011101101110010001
11111111111110001001101010011000
00000000000010010001010010000001
00000000000001110100011110101010
00000000000011100001111111110101
00000000000001110101001100101011
00000000000100000000101010100111
00000000000111100101110100011111
00000000000000011100000101111001
00000000000100110011001010101100
00000000000011011110111100101001
11111111111111100111010011101001
00000000000011101100101101000110
00000000000001101101110110101110
00000000000001000010100100000000
00000000000110011111110100010000
00000000000011000000101101110111
11111111110110000111110000000010
11111111111001101100000010010100
11111111110111110101101010110011
00000000000011101111100000110010
11111111111111001100101000100011
11111111111101100110000001111011
00000000000000000100100011101101
00000000000001011111000110000100
00000000000110001001000101111011
00000000000101011001000100110010
00000000000101110100111000111110
00000000000010000111111100101001
11111111110111111101010100100010
11111111111010011011000010000101
11111111111101110001001110111000
00000000000110011110111111010101
00000000000101110110110100100000
00000000000001110011011010101010
11111111110100000101110111101101
11111111110101000001101011000010
11111111111110100001001101011110
11111111111111101010011000011100
00000000000101101000111011010101
11111111111010100100011001111001
11111111101010000111011001110111
11111111111111101101001010101001
11111111111100000011000011100110
00000000001000101010101000011010
00000000000001011010101100100000
00000000000011010110111011110010
11111111111001110101011110011101
00000000000101000000010100100001
00000000001110011100111110111001
00000000000110111100000001110000
11111111111010111010011001010000
11111111110011110101001001100101
11111111110101001001011001111101
11111111110111100111100111010100
11111111111111111110010110100001
00000000000011010010111100010111
11111111101011010000110111110011
11111111110000111100110000110111
11111111111110001011011011000001
00000000000110110111110100111101
00000000001100101001110111000101
11111111111010111110011001100001
11111111110011000101111001011001
11111111111110111101000001011111
11111111111110111011111101110101
11111111111011010100001111101110
00000000000000111110111100000010
00000000000110111000000011010100
11111111111101010101001011101110
11111111110001101010000000101010
11111111110100100100011111111101
00000000001000111010010111001110
00000000001001010110111011101001
11111111111010100001110110000001
11111111111011101111000001100111
11111111111100010001100000111010
11111111111111001101101000010010
00000000000000010110000111010111
11111111111001000000001010010001
11111111111111000111110011011010
11111111110101000010111110000010
11111111111100111110110101101100
11111111111110001110110000000110
00000000000100010001101111111001
11111111111001100011101010000000
11111111111010101101011011100000
00000000000000010111000100100011
11111111111001111000011100100011
11111111111101011011011001110010
11111111110101010111100000011100
11111111110101101011001010000110
00000000000110101110110011110001
00000000000010100001001010100001
00000000000001111010010011110000
11111111111100101101110110100001
00000000001000001000011010100100
00000000000101100011110101010111
11111111111101010100011010100100
11111111111110110110100000111110
00000000000101011001110001101001
00000000000100011100100100000110
