11111111111101100111011010000010
11111111111111101110101001011110
00000000000001010101110000110010
11111111111101010110101001000000
00000000000001001011101010101100
11111111111111001000001011000001
11111111111100001100000010101010
00000000000001010011011111111011
00000000000010000110010101101011
11111111111100011010111110111110
11111111111101011110101010011100
11111111111110000100111101100101
11111111111110101110011011000111
11111111111111011101110010010110
00000000000010010001111101010001
11111111111100110000011000111111
00000000000000110101101111011101
11111111111110011010011001100101
00000000000000010011010100001110
00000000000000110011101100000010
00000000000010011010001110000101
11111111111100100011101100110111
00000000000010011000011111001001
00000000000000011010001110000111
11111111111110001111101110111110
11111111111101000101111111110000
11111111111111010101101101010000
11111111111100010111001101010100
11111111111100011100111101000000
11111111111100011100110000100100
11111111111100001001111101001000
11111111111110001100010000111111
00000000000000101000101100100010
11111111111110000110100011010010
11111111111100110101100001100100
11111111111101000111100010111001
11111111111110000001100101101111
11111111111111000100000101100111
11111111111100001110100000000011
00000000000001100000111110111010
11111111111110100111010010000110
00000000000001110100111101111001
00000000000001000000011000000111
11111111111100110010010000110111
00000000000000011110101010111111
11111111111111000101001001010011
11111111111100000100111111111011
00000000000000011011101101110110
11111111111101001101011011011100
11111111111110110011101110001010
11111111111111110011100111111111
11111111111110110011001100010000
11111111111100001000111001101100
11111111111110000000111101111101
00000000000010001110101101001110
00000000000001011111110111110010
00000000000001010111001011101011
11111111111111110101000100011111
11111111111101010110001100001011
11111111111101100010001000111111
11111111111101111011110110000100
11111111111101011100100110111111
11111111111100101100111010110010
00000000000010000101100010011101
11111111111110010010001010110011
11111111111101010010000011010111
11111111111110001110100111111110
11111111111111110111110111011100
00000000000001010101000010011000
00000000000000101100111001101010
11111111111101011011111110001100
11111111111110000011001011001011
00000000000000000100111011100010
00000000000000001110100000100011
00000000000000101001001110110100
11111111111111011110011101101001
00000000000000000011100100101001
11111111111111111100101010010011
11111111111101111110110110001111
11111111111100000000110010110110
11111111111111101001011000101000
11111111111111001011000101111111
00000000000000000011100011011011
00000000000010000010101110011001
00000000000010010110001010010001
11111111111101000110100110111011
00000000000000110000000110001110
11111111111101111111010101100011
11111111111111111010101111010010
11111111111110100100110101000010
00000000000010010000110111111010
11111111111101010100110100110111
00000000000000100001100111110111
11111111111101111111111110001001
11111111111100100110100110110010
11111111111100110111110000011010
11111111111110011101011000110001
00000000000000110010000111011111
11111111111110010101100110101110
00000000000010011010011101111111
00000000000000000000100000001011
11111111111011111100001000110010
00000000000001110111001001001001
00000000000001001101100111010001
11111111111100100100011100101010
11111111111111001100010101111001
11111111111101110001001011011000
00000000000001111100011011000000
11111111111101101100110010101000
11111111111111000101101111001100
00000000000001001101100010100111
11111111111100101100001000010000
00000000000001111111011100000101
00000000000010110101100101111101
00000000000001110101100011101100
11111111111100110011000001101001
00000000000001000011010000010100
00000000000001111010011111111010
11111111111101101001111010011010
11111111111110001110100000001100
11111111111100110001011100010100
11111111111111011100100001100001
00000000000000100001010110100100
00000000000010001001111100100110
11111111111101111010111100110101
11111111111110101111000111101011
11111111111101101011101011010110
11111111111101011010111011100010
11111111111101110111010001111010
00000000000001000011010101110110
11111111111100111001001100100011
00000000000010001001011110111101
11111111111110100010111000100100
11111111111110011110001110010100
11111111111111101101010011100000
00000000000010100101110001110001
11111111111101101100111110100010
11111111111110110111010100110000
11111111111111101100100011101011
00000000000001110101000111110000
00000000000001111000101011001010
00000000000010011011011111111110
11111111111100001101000100110111
00000000000010101000110011000110
11111111111110111101011011011101
11111111111101111101001000010011
11111111111101111100000001101001
00000000000000001000011111110101
11111111111101110010101100100100
00000000000010100110101000111010
00000000000010011001100000001000
11111111111101100010100001110111
00000000000000111100001100111001
11111111111111001010101100001010
11111111111110101111101110001110
11111111111111101101111011000110
11111111111101001000111110111110
11111111111111011101111010000001
11111111111101101110111110000111
11111111111111111111000100011000
11111111111110100100100111010000
00000000000000111110100100110100
11111111111110000110011101100011
00000000000010010000010010100100
11111111111101101001001000111100
11111111111111001011010111111111
11111111111101010110110011001011
11111111111110110111101011001110
11111111111101110100110010110010
00000000000000000001000000110110
00000000000001000011011000111100
00000000000000001110011010000110
00000000000000000010000001000101
11111111111110000011010101011110
00000000000000110101000111001100
11111111111110100010001000101011
00000000000001010111011111001110
11111111111111101101111110100100
00000000000000001111110110111111
00000000000010111111011000011001
00000000000001001011100101110100
11111111111100000001110000000110
11111111111110110111010110011011
00000000000010010001110011001001
11111111111100110100011110111010
00000000000001111001010111001111
11111111111110010111011100101000
11111111111101011101010111100000
00000000000000111011100000010000
11111111111110011010000011100011
00000000000010000000001110000111
11111111111111010011000001011011
11111111111101011100100000110100
11111111111101110011101111111000
11111111111110111110010100000010
11111111111101000100000011100000
00000000000010110011100000111111
00000000000001010110110001000001
00000000000010001011011101100001
00000000000010010001001010111001
00000000000000101001110001000011
00000000000001100001000100111110
11111111111111101101010000000111
11111111111101100000011101001111
11111111111101111100101111111100
11111111111111011000101000100011
11111111111110110000111100001111
00000000000001011001000010111000
00000000000001101110111101110100
00000000000001110000100101100001
11111111111100111001011100001110
00000000000001011011010100000000
11111111111110011011010000011110
00000000000001100110101011101111
00000000000000101000111101000011
11111111111111001000000011100000
11111111111100110101110100110010
11111111111110011100100001010000
11111111111110100100000100000001
11111111111111001110010001111011
00000000000001001000100011000010
11111111111111100010010001111011
00000000000000110101010001011110
11111111111110101101010101011110
11111111111101001010001000011100
00000000000001110111100001101000
11111111111110101100001101111110
11111111111110101110100111011010
11111111111110011000111100011111
11111111111101111111111000110101
00000000000001100000101001110110
11111111111110001100000010000100
11111111111111000100011111001100
11111111111110001011011001100110
11111111111101100010100111101111
00000000000000011101111110101110
11111111111101101110111001001110
11111111111110100111100011000010
00000000000001000100101001111001
11111111111111110100011110111111
11111111111100111000100110001010
11111111111111000100101001001101
11111111111111010011100001001111
11111111111110101000001010111110
11111111111101111010100111110111
11111111111100111100111101001100
11111111111101100001000000111111
11111111111110010100110101010011
11111111111111001101101100110111
11111111111110011000000111001100
00000000000000111100100000010100
11111111111111010110001111100010
11111111111110000011010111000010
11111111111110110011111101111100
11111111111110000110111001101010
11111111111111101011100110000011
00000000000000100110000110111100
00000000000001000010111011110100
00000000000000000110001011000100
00000000000000101111110010100010
00000000000001000011111010111000
00000000000001101001001001100101
11111111111110101001001101111010
11111111111111001011000101100101
00000000000001101110010010111011
00000000000001101110011001111000
00000000000010011010010010100111
11111111111111100001000011011011
11111111111111010010011010100000
11111111111110111011100011000100
00000000000001110101011010100011
00000000000000011011101001011000
11111111111111111000110000110101
11111111111101011101110111111000
11111111111110101111110001101101
11111111111110000100100001010011
11111111111101011110010001000000
11111111111101011101001011101100
11111111111100101010000010100111
11111111111110000011000000000101
11111111111111000010001001110001
11111111111101101010110100010110
11111111111111100101000011111101
00000000000010000100100000001101
11111111111111011010100110010000
11111111111100001110110110111010
11111111111100010001011110011000
11111111111110010001111111101100
11111111111111101001010110111001
00000000000001111111000110111111
11111111111110001111011110110110
00000000000000011010010101010111
11111111111110100101001001000100
00000000000001111100001011000000
11111111111111101101110101111010
11111111111101001011001110000001
11111111111100000111001011110110
11111111111111001111001100110100
11111111111101111001011011101110
11111111111100110000011010110011
11111111111111001101111100011011
00000000000001001101101111001100
00000000000010011101100100000111
11111111111101100100111000111110
11111111111100111000000101100011
00000000000001000100111011111001
11111111111111001101100011101001
00000000000000011111111111111110
00000000000010011001000000101100
00000000000000010111010110000000
11111111111110111111000100101011
00000000000001110001101111110001
11111111111111011010110100010011
11111111111111001110111001000000
11111111111111110100101011111110
00000000000001011111000110001000
11111111111111010011100111110100
11111111111100101010111000001001
00000000000001101100011111010100
11111111111101111010001111011110
00000000000001110101101110001111
11111111111101010101110011101110
00000000000001010110000010110101
11111111111110001011001011110111
11111111111101111100100100111111
11111111111111010111000010000011
00000000000000001011011101001010
11111111111110001100111101001101
11111111111111001001010100011110
11111111111100011001100011101101
00000000000000111101111101011101
11111111111101000010001100100101
11111111111100101110101100011010
11111111111111010101001011000100
11111111111110000000110000111101
00000000000010011000010010100010
11111111111111101011100111111000
00000000000010001000000100101001
00000000000001000100001010111001
00000000000001110110101010101010
00000000000001001011111000010010
11111111111101000010000011100110
00000000000001000101100101110011
11111111111111011101100010011011
11111111111111110111011111011100
11111111111101001011100101111110
11111111111110011101001010000000
11111111111100001110111111111010
11111111111101010010010101111100
11111111111100111101011100000001
00000000000000110010101001000001
11111111111101101000000100010110
00000000000000000001110011101110
00000000000001101110111110101000
00000000000001100010000010011111
00000000000010100001111000111010
00000000000010000101100010110011
00000000000010011000011110010100
00000000000000111111010101000101
11111111111101011111010001100111
11111111111110101000101010000100
00000000000001110001101100101111
11111111111110101100111111110001
00000000000010000111000000101110
11111111111101110000100011111000
11111111111110110000110110111100
00000000000001011011111110110010
11111111111111101011010110111110
00000000000001101100101000000111
11111111111100101011011001000000
00000000000001100011111101111010
11111111111111100000100001100111
00000000000000100110010000110010
11111111111100011111001111001010
00000000000001100001011000100110
00000000000000111111101001001101
11111111111111101010111000000000
00000000000001110100101111011001
00000000000001110001011010011000
00000000000000101001010110011110
00000000000010011011001110111101
11111111111110010100100010111000
11111111111100110001000000110101
00000000000000000010010111101100
11111111111110101000001001001101
11111111111111011011001110101010
00000000000000011100101010010101
11111111111101000110100101001011
11111111111110011010100011001110
00000000000001110100010001011100
11111111111100110000001000110111
11111111111101000001100100101010
11111111111110000111101110001011
11111111111111010000011100110100
11111111111111100001010000001111
11111111111110111000010010100100
00000000000010000001111011101010
11111111111101101111000010111001
00000000000001111000100111100010
00000000000010010110111111111011
