11111111111111010000010001111111
11111111111010011110101100100111
11111111111010110001100100011100
11111111111111001111111011100000
00000000000011111011101111000100
00000000000000000010000101011111
00000000000010001111110001101011
11111111111111011100010011000111
11111111111111111011001110001010
11111111111001110101010110011011
00000000000010010110110011010111
11111111111101101100101010010111
11111111111111000100011100111000
11111111111101001101110011001010
11111111111001101010000010010101
00000000000010011101111001010110
00000000000110101101101100101101
00000000000010100101000111101100
11111111111011111101111010011000
11111111111100011101100111011110
00000000001111100101010100011010
00000000000110011000100001000101
00000000000000111001111000101111
11111111111111001010110010100101
11111111111111010101011010010000
00000000000010110100101111010111
11111111110000110111011101100011
11111111111100110010111010000010
00000000000100001000000011111110
00000000000110011000011101111111
00000000000000011101100111011111
00000000000000010101110011100100
11111111111111110111100011101111
00000000000100010101100010111001
11111111111101110011000011011101
00000000000110100100100100000001
00000000000100010111001101100011
00000000000001110100111011110110
00000000000111101000101110101001
11111111111010111110010000011001
00000000000101111011010111100000
00000000001001101111111111001101
00000000000100110001110110010110
11111111111100011101101001001110
11111111111100011000100101000011
00000000001101011001100011100000
00000000000110111010101010110100
00000000001011110001001000000000
11111111111011111001111010000000
11111111111000100011011100110110
11111111111100000110001011010001
00000000000110011010010010000000
00000000000101010101011100111000
00000000000101010001010100111010
11111111111011110110001100010010
11111111110110010111101001101111
11111111111110110111110011100001
11111111111100101100001011111111
00000000000001001100001110111011
11111111111111001101000000100110
11111111111101001110000010101001
00000000000011010011011010111110
00000000000010010001111010101110
00000000001000101111101101110100
00000000000111111100000011111001
00000000000101011101111110011100
00000000001100001110000111011111
00000000000101000111111000011011
00000000001000110001110010111001
11111111111011100010101100111110
11111111111110100001111000100011
11111111111111010111110000100101
00000000000110100110000110111101
00000000000111011000101100110001
00000000001001001101110100011010
11111111111111001110001111101100
00000000000011111001100111000010
00000000001101100001101110111110
00000000000100000000001001010101
00000000001010001011110110100101
00000000000001010101100001011110
00000000000101110111010100100010
00000000001000111000110001001100
00000000000000001100101001011010
11111111111111101000001111011010
00000000000001000111111011001110
11111111111111101011001001100000
11111111111100101001010011111010
00000000000100111001010100101011
11111111111110101110010001100111
11111111111111100111001111000111
00000000000100110011100011101001
00000000000110101100111111100110
11111111111111111000000110111111
00000000000000001011000101011111
00000000000011001101110100000011
00000000001001010110110111011011
00000000000010101100001110000011
11111111111111110111010001101001
11111111110010010011100111100101
00000000000010110111001100111000
00000000000110010001110010110111
00000000001000001100001010000111
00000000001010011110110110011101
00000000000010100111010010110100
11111111111110011010011011110101
11111111111111001011111111010101
00000000000100101010101101100010
11111111111100011111001110101101
11111111111100111101111110011110
11111111111011101010000100110111
11111111111100100000000011101110
11111111110110100011100110100011
11111111110111100000100110011101
00000000000000001001011110011001
11111111111010110101111011100010
00000000000000001101000001100111
11111111111011100010010101110110
11111111111010101110010101011010
11111111110001100100100110100001
00000000001010000011111111101110
11111111111111000111101011110100
00000000000100000111100011011110
00000000000001101010110010000000
11111111110101001001100011100110
00000000000000001000001001111110
11111111111101110110110011101100
00000000001000010010110010001101
00000000001000000000011011101100
00000000001000111010011110010101
11111111111111111001011011101110
00000000000011111111001001011111
00000000001010110110101001000101
00000000001011000101111011100010
00000000001100000111111001000010
11111111111011010001010010010001
11111111111001110010111001100000
00000000000000000010010001000001
11111111111100011011011001011101
11111111111111100110001101101100
11111111111110010111110000000000
00000000000000001110101011111110
11111111111101000111101110101000
00000000000110100110010000001101
00000000001001100111100011101101
11111111111101101001101110111001
00000000000001010001100110000101
00000000000010000001111110010011
11111111111100000001001110101011
00000000000000001011111010011011
00000000000110100000100100100010
11111111111101010101110001111001
11111111110110011110010101111001
00000000000010011111100011001000
11111111111011011111000010011100
11111111110011001010110110011011
11111111101111011011010101100010
11111111111001100111111111010101
00000000000010000101100100100101
00000000000010100010000011110011
11111111110101010011110111010001
11111111110111110110000001101010
00000000000001010111010001010110
11111111110111100100101101011011
00000000000101101000011110000110
11111111111001100010000000010001
11111111111110010111011000011101
00000000000000100010111010001000
11111111111101110010111011100111
11111111111111010010010011100110
11111111111111000110110001000110
00000000000100001100000100110100
11111111111101111010101110111000
00000000000010101110100001010010
00000000000011111010001110010001
11111111111000000111101010110011
11111111101111101000101100101001
11111111111001001110001000000011
11111111111101100010011001101110
11111111111100001100011101100100
11111111110011000101011110100111
11111111101010001111011101101110
11111111110011111111011111101001
11111111111110100000100011111101
11111111101000000001110110010001
11111111101011010001000000101001
11111111110011000011100111010101
00000000000000100101111001010100
11111111111011010001000010111111
00000000000011001010010100001100
11111111111101010111011000110101
00000000000111011101010001010101
11111111111101110100010101111010
00000000000110101110010001001000
00000000001000011111100110000110
11111111111101011011111111100110
00000000000100100001000101011011
00000000001001101000110101110110
00000000001011000000011011111011
00000000000111000110001111110011
11111111101111101101011100001001
11111111110101000100010001000001
11111111111001111101110101001101
00000000000010101000110011100101
11111111110011101000111010111000
11111111111110101010110100001110
00000000000110110000111010000110
11111111111010100111001110111011
00000000001010011110100001100101
00000000000000000000101001100011
00000000000010001100100011011011
00000000000111110011010101011001
00000000000010111100100101011010
00000000000100100100000110110001
00000000000010000010101101111101
00000000000100111110011101001011
00000000000001001000100001101100
11111111111110101010110110011110
00000000000001110101101101011011
11111111111101011111010011101111
00000000000101110000000111100101
11111111101110000111111011010010
11111111111000110011111101110100
11111111111011111010000101000000
00000000000011010100000101111011
11111111111111100100100111100000
00000000000101100001000100110001
00000000010001101000111001110010
00000000000101101101100011011011
00000000000010101001110000011011
11111111111000110110100100110100
11111111111101011101110000100101
00000000000010100110011110111100
11111111111101100101010101100000
11111111111010000100001000101001
00000000000001001110000001001000
11111111111110000010110111011101
11111111111000111010010001110001
11111111111111100010001110010010
11111111111000100110011110010100
00000000000101110111101011101100
11111111111010101001100100111101
11111111111111110111100011101011
11111111111101011011000100010010
11111111111000000010100000001001
00000000000001011101011010110011
00000000000111010101110101111111
00000000000011110000100101110101
00000000000101001000011001001111
11111111111010100011001100001010
11111111111011101111111000001100
11111111111010001001001101100000
00000000001010011101101111100111
00000000001011101101011111000001
11111111111110010011001000011110
00000000000001011011111001011101
11111111111011010010101100101101
00000000000100110100001000100110
00000000000111101100100111111001
11111111111111110100000100101010
11111111111010001111110101110011
00000000000000000111100100111000
00000000000010000100000001111110
11111111111101100010010101010111
11111111111111001011010011100001
00000000000000101111100011111001
00000000000000000100100000010101
11111111111101011001010111100010
11111111111001100100101001010000
11111111111100111101001001110111
00000000000101111010111111110110
00000000000100101001000001010111
11111111111000100011001101010100
11111111111001000001110000101000
11111111111000101001010010000100
11111111111011111000010100110010
11111111101101111111111110110100
11111111111110000111101010110111
11111111111111011101010000011110
00000000000010111110100100101011
11111111111001101110010010110000
11111111111101000011000110001010
00000000000011010010100100001001
00000000000001001110110001101010
00000000000011010010010100101001
11111111111101010010100101001011
11111111111110110111000010011010
00000000000001110110010000111100
11111111111111000110101100000010
11111111111010100001101100101100
00000000000001011110000000001111
00000000000001111100001011011011
11111111111111001000111001011101
11111111111000100110000110110100
11111111110101101010111000010110
00000000000111011010010010001010
00000000000011101011010111001111
11111111111111011101111011101000
11111111111011000101001010101000
11111111111011010000001100101001
11111111111111110101001010100100
11111111111001001000000111000011
11111111110011101011110100000001
11111111111001111110100110100101
00000000000110100001011110011000
11111111111100110001001011011100
11111111111111011010100010110010
11111111111011010100110110100001
00000000000101111010110010100111
00000000000100110010101100000101
00000000001011111110011110110100
11111111111100110111110011111111
11111111111101010100110010000011
00000000001010000101000110001010
00000000000001111011001110111011
00000000000001111000001100001000
00000000000110110111001000000011
00000000000100100101111011010101
00000000000111100001101001101111
00000000000001000001000001100010
11111111110101110010101110010111
00000000000001001101111001101110
11111111111111101000101100100011
00000000000010110010010100010111
11111111111010111110011101110010
11111111111011001000011100001100
00000000001001100011111001101111
00000000000111000000011000011111
11111111111111010110100110111010
00000000001110101100011010111000
11111111111101010101010010110001
00000000001001011000111111010111
11111111111110110100101101010111
11111111111110011110011001001011
00000000011010000110001111000101
11111111111111110111001111100100
00000000000110100100111111100110
11111111110110010110100000110111
00000000000001101011011001100010
00000000001101100010001001001000
00000000000100010111001110010101
00000000000011010011011100010101
11111111110001101111110110000000
11111111111011100100110001011000
00000000000001000000111101100000
00000000000110001000001001001001
00000000000011111111010011111101
11111111110111111011011000011110
11111111111001100000011010001101
11111111110111101111101011000101
00000000000001101110110101010011
00000000010000000110100011001011
00000000000111100101011101100001
00000000000101010100011111001100
00000000000101111000010000001011
00000000001010100001100111111001
00000000000000000000101010011001
11111111111010000111111100011110
11111111111111010101111100011000
00000000000001100010101000101110
11111111111100000110101001100010
11111111111000000000101110010110
11111111101111011011011000111111
11111111111101110100000111010110
11111111111101111111111011010011
11111111110100110010100100001010
11111111111001010001100011001011
11111111111100000001010111010111
00000000000111110001010001101011
00000000000110101010101000001100
11111111111110110001010111101101
00000000000011010100111010000000
11111111111111011111000110101101
00000000000001001101011011001110
11111111110101100110110001010100
11111111110111001001011110100010
11111111111001011001100011001010
00000000001001001111110000000000
00000000000101010010000000110101
00000000001110010101110011111110
11111111111010010110000110010011
00000000000010010011100011011110
00000000001000110000000010010010
00000000000001011100110101001110
00000000000001110111110011010010
11111111111011000000101001011000
11111111111101001010011110111001
00000000000100000001011110100011
00000000001100100011100011111110
00000000000001000100101110101101
00000000000000111101000000000100
11111111111110101100011001111100
11111111111100101000111101001011
11111111110110011111100000101011
11111111110110010000000110011110
00000000000010010110111110001100
00000000000111110000111011000111
00000000000001010011000111111001
11111111111000101100111000010000
11111111101111110011111101001001
