00000000000000010000110011011010
11111111111100000111010000101111
11111111111111010111111011111010
11111111111110000000001101100111
00000000000000010001010011000111
11111111111111110110110111110100
11111111111101110100011000100011
11111111111101101010001011111011
00000000000001011101111110011011
11111111111100010010101110100010
11111111111101001101111011100110
11111111111101011100011110011101
11111111111101110111000011111010
11111111111101110000011011010010
11111111111111101100100001000011
11111111111111101111110000101101
00000000000001100001110010000111
00000000000001101101111110001010
00000000000001001010111111001111
11111111111110001011101111101011
11111111111110111110000100100001
00000000000000100100100101110101
11111111111111001101011011000000
00000000000001100010100110111010
00000000000000100111001001110001
11111111111101010001110101110101
00000000000001001000100111011111
11111111111110111001001100010111
11111111111111001101101111111100
11111111111101001110111111101101
11111111111111110111000110001100
11111111111110000011011010000111
11111111111110100000101100101101
00000000000010001101100111101010
00000000000000011000001011010000
00000000000001110110111000110111
11111111111100110001111111010111
11111111111101000011011000010111
00000000000010001001011110001000
00000000000010001110010001011001
11111111111111111000001001001101
00000000000010010010010101101100
00000000000000010111110100000111
00000000000000111111001101001101
11111111111101100010101101111010
00000000000000011001101100001000
00000000000001011111101001011011
00000000000000100110010010111010
11111111111100010011100000111001
11111111111111111010101110011101
11111111111101111110110010011111
11111111111110000001001111001011
00000000000000101001010011111110
00000000000001101011000000010000
00000000000000110010000011011101
00000000000000101010111111110111
00000000000000010100101110010110
00000000000001100001101011000001
00000000000000000101101010011010
00000000000001111001111111001101
00000000000001001010101100011000
00000000000001000110111001001100
00000000000001011110010110011010
00000000000001101001111011000110
00000000000000101011010011100111
00000000000000111001101110000010
00000000000000001111011101000110
00000000000001000101000111111001
11111111111110100010111010100101
11111111111100100000111111010110
00000000000000010110101010010001
11111111111100011001110110111100
11111111111111101110001000110101
11111111111100010110101011100101
00000000000000001110010011111011
11111111111100100000101000111000
00000000000001111010000000101001
11111111111101101001110111111101
11111111111110000010001101010011
11111111111100000110001010001100
11111111111110000100011011011110
11111111111111111101000100110101
11111111111111110110010111010001
11111111111110111100000110100011
00000000000001101101100110100010
11111111111110001100100111111111
00000000000011000110001011001100
11111111111110011001101011111011
00000000000000111100011110000000
00000000000000001001011011011100
11111111111100010111111011101111
00000000000000101111100100010101
11111111111101111100110111010111
11111111111100110010001000010111
11111111111101001110100001101010
00000000000010001010011100001111
11111111111111110011110111011011
00000000000010000000100101111101
00000000000000010010001101111000
11111111111101100001100000001010
11111111111111101111101101001101
11111111111100000010001001000111
11111111111110101010101110111111
11111111111100011111011000100100
11111111111111000101010100101111
11111111111110110101101111010111
11111111111100011101011101001011
11111111111011110010111110111110
11111111111100110101111110001001
11111111111111110000100011100100
11111111111111000011000000011101
00000000000010001101101001001011
11111111111110110001111011010110
11111111111110000010011100011001
00000000000000101100011011101010
00000000000001110011110101010000
00000000000001111010011010110001
00000000000001110110000011011111
11111111111101001101111100000100
00000000000000110001011111101111
00000000000010001001011100010010
11111111111101011110111000011011
11111111111110110000111110101101
00000000000001001101000010010001
11111111111101000011101100001110
11111111111111100011101110110100
00000000000000100101101101010100
00000000000000000010111110110100
11111111111100111100100111101001
11111111111100010101101111110101
00000000000010010110000110000100
11111111111111000101001010110000
00000000000000100101001000001100
11111111111101110101101001111010
00000000000001111101010111110110
11111111111100011000011101110101
00000000000010110010110001011000
00000000000001100111110100010110
11111111111100101100111111111110
11111111111111000101110000000010
00000000000001110001101000110100
11111111111110100100101101111010
11111111111101011011110101010101
11111111111111111101000110011111
00000000000000000110101000000101
11111111111100101101011100111001
00000000000000010110010000001000
11111111111110011010010101000110
00000000000001010100000000100101
00000000000000001011110001101101
00000000000001010100100110001011
11111111111101100110111000011011
11111111111100011000011010010001
00000000000010010010001001100001
11111111111110100110111011011011
00000000000001000110111111101010
00000000000000111100000101111010
11111111111110010111011001110100
00000000000010110010100100011110
00000000000010000110001100100111
00000000000001111101100010101111
00000000000000001111001011011110
11111111111101101101111011111110
11111111111110010011101101110010
11111111111110101011111000001001
11111111111101100001010100011000
11111111111110111011010100110000
00000000000010000011110000000010
11111111111111011011011001100111
11111111111110000011110000001011
00000000000000111001101000010100
00000000000000001000001101101111
11111111111111110011000010110110
11111111111100111000100100101011
00000000000010000010111101100110
00000000000000010101011111111100
11111111111111011111010101110000
00000000000010110101001101101000
00000000000001110111000010111110
11111111111111001101101111000011
11111111111101001000100011010001
00000000000000110000011010101000
00000000000000111001011001110100
11111111111110110000010101010100
00000000000011001010101100100011
11111111111110001110010010010100
11111111111111101111101101100000
11111111111110111111110101001111
11111111111111000111111001001000
11111111111111111100001000000111
00000000000010011001000010000101
00000000000001000001101000001110
00000000000000001110110010010101
11111111111101001101101011110010
00000000000001101110111101100000
11111111111110111010111011000100
00000000000010101111011100001100
00000000000001110001110000111001
11111111111110011000010001001111
00000000000001110111010100110100
00000000000011001000001000001010
00000000000001011100101000111101
00000000000001010010001100110001
00000000000010001000010101101111
11111111111101000101111000100100
11111111111110100101100101100000
00000000000000010101110011011110
00000000000010110111100100010010
11111111111111110100001000100111
11111111111111110111101111011010
00000000000001110010111001010100
11111111111111001010011010100110
11111111111111110100100010101100
00000000000000111011000100010011
11111111111101010011000100010000
00000000000001010101011101001111
11111111111111111111010010010110
11111111111110101010111010100010
11111111111110110100011110110010
11111111111111110101000110100101
11111111111110000110001101001110
11111111111111001000110101100001
00000000000001011001100011110000
00000000000000000101111111011011
11111111111111111100000010001100
11111111111111011100110010010011
11111111111111001101011011110000
11111111111101101101111011111101
11111111111101110011001101001111
11111111111100011110000010001011
00000000000000000000010010001110
00000000000001111011100010000001
00000000000001001010011011100001
11111111111101011100011110110011
11111111111100001001110110001001
00000000000001010110000000110101
11111111111100001011100010110001
00000000000010000101001000010001
00000000000010010001000100110110
11111111111100001000011000000100
11111111111110110001111110000110
11111111111111011011010001100110
11111111111110100110010111011100
11111111111110010011100100010011
00000000000000110101100101010011
11111111111111111000100011110011
00000000000000010000111101010010
11111111111011110110110111001101
00000000000001100011100101110100
11111111111111010100000111001111
00000000000000010011000010110111
11111111111110111101010101010100
11111111111101110001011111111111
00000000000000101110010111010101
00000000000001000001011101011101
00000000000000100000001000111101
11111111111100100010101000000110
00000000000000101011001100101011
11111111111110111001001111100110
11111111111100000110100001101100
11111111111111110101110001111100
11111111111100110100000001111101
11111111111101100011111111100011
11111111111110100111000110011100
11111111111100011000101101101010
11111111111101000001001000100000
00000000000010000100101111010100
11111111111101111010101111111111
11111111111101101011001001101010
11111111111110101110011011111010
11111111111110000100101110100001
11111111111111110001110101101110
00000000000000100101110011110100
11111111111111111010010111110010
11111111111110110010101100011101
00000000000000101101110101101110
00000000000000011011001111111110
11111111111100111101110101110010
00000000000001001000111111111111
11111111111101101110101110110010
00000000000010001011111111101000
11111111111111010001110111101010
11111111111100111001010100101111
11111111111101101100111100100110
11111111111101001111011011111111
11111111111100000110000001010101
00000000000001001011111110111110
00000000000001101111011110111110
00000000000001100000110010101100
00000000000001110011000100010111
11111111111111010110110101110010
11111111111111111100111100010100
00000000000000101100011001000100
11111111111110111011101100110011
00000000000000000101010010011111
11111111111101111011001010010010
11111111111110111011001111111111
00000000000010010000100101010000
11111111111110000100100101100100
00000000000001011000000110011110
00000000000000011010100011111110
11111111111100010100001111110000
11111111111100000010110100010011
11111111111100011011010100010110
11111111111100100000000101011101
00000000000001100010000101000001
11111111111101011010010111000111
00000000000001101110110111011011
00000000000001001101101010010100
11111111111111111000010011011110
00000000000001000001011101100100
00000000000010010001101011101000
00000000000000011001100100111111
11111111111111000001111101010111
11111111111111101100001100101100
11111111111111001010010110010001
00000000000001001000001101111010
00000000000000011001111100100010
00000000000001101101101000001011
00000000000000110100100010100110
00000000000000000111001010100101
11111111111111111011001000110011
11111111111110110111101000011100
00000000000000000011110101110100
11111111111100011100010001011010
00000000000001101001001101110111
00000000000010001000110001000101
11111111111111101111111110101010
11111111111111100100000111100110
11111111111110111011100100000111
11111111111100101100111101110110
11111111111100110111010011001000
00000000000000001010010100110111
11111111111110010101001111110110
11111111111100111101000110100110
11111111111111100010001110101101
11111111111111000001001010010110
11111111111111010001110011010011
11111111111101011111111011011010
11111111111101101001010101110110
11111111111100110111010111010111
11111111111101011000011001010110
11111111111101111110110111101111
11111111111101101111001110001011
11111111111011110100001000110010
11111111111111011011111011100110
00000000000001101111011011101001
11111111111110001110111000010100
11111111111111011000100111111010
00000000000000101001111001011110
11111111111110110010010011100001
11111111111110110110000000110001
11111111111110100111001011100010
11111111111110110001111111100101
11111111111110100110110001011001
11111111111110100111001100110011
00000000000010110001010110001000
00000000000000111100011010000001
11111111111011110110110000111001
11111111111111101111000001000110
11111111111101011000001101010001
11111111111100110100011111001101
00000000000001100111011111001000
11111111111101011111010100101000
11111111111111101100110100000110
11111111111100001100100101111000
11111111111101101011101011111110
11111111111100110111011000100101
11111111111111001101110100100101
11111111111110101100011000110111
11111111111111111101101101010011
11111111111110011011100110110010
11111111111110101011000110001011
11111111111100001000010111100011
00000000000000111111110001110101
11111111111100000110011001001000
11111111111100000010110110100100
11111111111111011111101010011000
11111111111101001011101110010100
11111111111101101001110110000000
11111111111110001000101110111000
00000000000001011110010010101000
11111111111111000110010100111101
00000000000001110111000111110001
00000000000000000100011000001010
00000000000000010100100001111111
00000000000011010010100101110001
11111111111101110001101011000001
11111111111111110101110110100100
00000000000000110011010000010110
11111111111101111011101000011010
00000000000000100110101010110100
00000000000000000001001101011001
00000000000001011010001010111001
11111111111101111010111000100101
11111111111100000100100110001000
11111111111111100100100000000100
11111111111110000011010101010111
11111111111101100111111101100011
00000000000000111110111011100100
