00000000000001011100110011111100
11111111111010100101000010100010
11111111111001100101001100101000
11111111111010101100111111110001
11111111111010001101101011100001
00000000000001110110111100011111
11111111111001001101010010000100
00000000000011000010010000000011
11111111111110010111001100000111
11111111111011001100011100110000
00000000000000101001000101100000
11111111111100000000010011101101
00000000000010101100110010111000
11111111111100000110111101001110
11111111111001000010110100011100
00000000000010010111101000001000
00000000000101001100001001111000
00000000000001011011001010110000
11111111111111001110011001011101
11111111111100000010111010011000
00000000001010011100101111011010
11111111111101000000001111011111
00000000000001101100000111010010
11111111111110111001111100110100
11111111111001011011110000001111
11111111111100001111010001011010
11111111111100010100010000111111
11111111111011000001110100101001
00000000000001111100001100000111
00000000000101110010101000111111
00000000000101100010010110111110
00000000000001001000101010101001
00000000000011101001010000010010
00000000000000001110011101100100
00000000000000111001011011111000
00000000000100110100001011101010
00000000000101110011001010001010
00000000000011100100011100111000
00000000000100111001010111100001
00000000000010100111110111111011
00000000000000001000011111011110
00000000000100100101100001001101
00000000000110000001110100110010
11111111111101000000010011000111
11111111111101100100000000000000
00000000001010100110101011100011
00000000000001000110111000101110
11111111111100010101011010011110
11111111111010110001100000101100
11111111110110001100100010001001
00000000000011100100110100011001
11111111111111011001110010010010
11111111111110110101110011001101
11111111111111101011111110111100
11111111111010100001001011010111
11111111111001000101000111000110
00000000000000011101001111101011
11111111111010110011101000001101
11111111111110001000001001111001
11111111110001111111110000010101
11111111110111100001100010111100
00000000000010010011010000011010
00000000000000011011000110000010
11111111111101100001011011111011
11111111111101001100000100111101
00000000000100000011100101000100
00000000000110111001010100110100
00000000000111010001001010101001
00000000000100010100000000100010
00000000000010010110010011011000
11111111111111101000000110001011
00000000000100001011100001010110
00000000001000100000001010011000
00000000000101001101000100000001
00000000000100011001001000110001
11111111111000100011001110111101
00000000000000001100001110111100
00000000000000000110100111010000
00000000000001101100111100011101
11111111111011101110101001100011
00000000000001011110011110111110
00000000000000101010000110010001
00000000000001101001000111000010
00000000000010011001011110100010
11111111111101010011111110100010
11111111111100111110010010101111
00000000000011110100110111110111
11111111111101001111010110110111
00000000000110101000010100000001
00000000000101000011100100001100
00000000000100010101111011000110
00000000000100100110111001010001
00000000000010011110000010101111
00000000001010000010010101111101
00000000000000111100001110101001
00000000000111010110101000000111
00000000000001111111000100110101
00000000000001111011001110010110
11111111111100101111000010001001
11111111111110001010011101110011
11111111111101001100101001000100
00000000000001101101110110111001
00000000000001011011111101001110
00000000000010010011001000000100
11111111111110110011010111000011
00000000000011111010100101111011
00000000000101000100101101011000
00000000001010011001001001101110
00000000000110110001001001111010
00000000001001000001010000001011
11111111110110110000001110010011
00000000000001110111010101110011
00000000000001001000101000001001
00000000000001000001011011011000
00000000000100001010100100011100
11111111111111101010011000101110
11111111111000100111001100111111
00000000000100010001110000101011
00000000000100001100111010011101
11111111111111010110100101011000
00000000000100110111010111000000
00000000000100110110011111010101
00000000000110010011001110110100
00000000000000000100001101001010
11111111111011000010101001111100
11111111111000010100000101110101
00000000000000111000001101101111
00000000001011000100001111101111
00000000001011101110001011110111
00000000000101001000101011100001
11111111110111010101110001101101
11111111111110010101110001100010
00000000000000001110101011100100
00000000000010010001100011100000
00000000000111010100011111000110
11111111111010110000100011001001
11111111111001001001001010001001
11111111111100001010001100111000
00000000000110100001010111010000
11111111111111101010000010101000
11111111111111101110011110101101
11111111111111100101001010101101
00000000000011100000101000110010
00000000000000001111111010001111
00000000000011011100001101101100
11111111111110110011110011000000
11111111111110100000010011100000
11111111111110101001110000101000
11111111111101010110001100011101
00000000000001101110010100011001
00000000000011000100011100101011
00000000000100011111100111101110
00000000001001110011111100000011
11111111111111101101110100000001
11111111111101001101111111100011
11111111111100111100000101110000
00000000000110111101010110111000
00000000000010001000110111110010
00000000000001010100010100001110
00000000000010000000100101110110
00000000000100110110101101011000
00000000001010001000001010110000
00000000000001001011100111001101
00000000000000011110010001001011
11111111111110000010011111111111
11111111111111100100011000110111
00000000000010100001000110110100
00000000000000010110111101101001
11111111111011010010101001011000
00000000000010001111000001111101
00000000000100110101101011001000
00000000000000011010111110011000
00000000000100000110010111000001
00000000000110100101000101101010
11111111111011010110110000011100
00000000001001000000010111000101
00000000001110010101110100000110
00000000001001111100001101010011
11111111111111100010110100110101
00000000000101010000010100010011
11111111111110000000100101110110
00000000000110010000011001111011
00000000000000001010101010011111
00000000000101011010011010011110
11111111111000000110001001001101
00000000000110111001000010000011
11111111111101010000010011001111
00000000000010000111001011100111
00000000000011001011111011101011
11111111111100110111101100000011
00000000000001011100000001000001
11111111111111110110111100110011
00000000000001011100100000011101
11111111111110010101010111101111
11111111111111000001111010000011
00000000000000011010010000110100
00000000000101110011010100101111
00000000001000110000101010011111
00000000001000011011010001110000
11111111111101010101100010011011
00000000000001101010001011011011
00000000001011111111010111101011
11111111111011110000110100000010
11111111111010111000111010001001
11111111110010010111100010000001
00000000000001000101000010110111
00000000000010001010110101000100
11111111111110100010010000101101
11111111111101100100100001111001
11111111110100010001000001000001
00000000000011100100101000011010
11111111111100100100001001110111
00000000000100010010001110001111
00000000000000000111001110010001
11111111111100011010100101000101
00000000000001101011110110110110
11111111111000010001110101100011
11111111111001101100000001010100
00000000000100100110101100010010
11111111110110100001110001111010
11111111111010111101101010000001
11111111110111011101011000100100
11111111111001110011110101100011
11111111111101100111001001010111
00000000000001001100000100100011
00000000000010011111010100100111
00000000000000100001111000001010
00000000000000010010001111110001
00000000000100000010001010011001
00000000000001010110000001010001
00000000000011111110001101101110
00000000000011001111101010111111
00000000000110001100101011000000
00000000000000001001011010011110
00000000000100001111001010001101
00000000000010000001001101011000
00000000000001010111110110101000
11111111111110011011100100111101
11111111111101011101101010011111
00000000000101110000100011110111
11111111111100101001010100101010
11111111111100111001101000000001
11111111111101010101110001001000
11111111111010110000000010101110
11111111110110100001111010011000
11111111111000011011010111010111
00000000000001011111100000000010
00000000000101110100011010001110
00000000000011111011011011110100
00000000000010101110011000100001
00000000001000100101110010100111
00000000000101100111011101111011
00000000000010010011101010011100
00000000000100111110101100011011
00000000000011100100101100101101
00000000001010010010101101110000
00000000000111001111101011111100
00000000000001100011001001000110
00000000000011100111101000101000
00000000000010001000010111010110
00000000000000000001000100001010
00000000001000111101101000000101
00000000000001110100111001110110
11111111111100110010110001010110
11111111111100101011011010110100
00000000000000010101100111111101
11111111111110010110001011101100
11111111111110100000010010011000
11111111111001101001111011110101
11111111111101010010110100110000
11111111111100110100101100010101
00000000000101010101101100010011
11111111111001110001010011000010
00000000000000011001110011101110
11111111111111001100001111010011
11111111111100110101111110111101
00000000000001110100101001000000
11111111111101100011110001001110
00000000000011010010111110010000
11111111111010000110101101111100
00000000000110011000001111000001
00000000000010100010110100000010
00000000000010000001010100101001
00000000000101000011010001110000
00000000000001101100001101000111
00000000000100010110111111111001
00000000000011100100100000010110
00000000000000101101000100010000
11111111111100010101100001111101
11111111111101010010110101110100
11111111111011001011000001010110
11111111111111010111010110101101
00000000000000111010100101111010
11111111111110111010010100111111
11111111111100001000011101000100
11111111111111011001001011100110
00000000000010110110111010010100
11111111110011101110000001111110
11111111111100110110010101011010
11111111110111001010100110001000
11111111111001111101110111100001
00000000000011111111111101000001
00000000000111101011010011001010
00000000000000110100000001100001
00000000000011011100011101010001
00000000000000110110101010011110
00000000000011101100100110010111
11111111111101100001100101010001
11111111110111001010111110110011
00000000000100110010101010010111
00000000000101100110111101100011
11111111111110000111011010010011
00000000000101000111000011111110
00000000000000110101100100011001
11111111111111010010101110000111
00000000000000011100010011001100
00000000000111100011000001110011
00000000000100011000001001100100
11111111111100000101110011101001
11111111111100010100010110110101
11111111111010110001111001100010
11111111111011010110000110010000
11111111111100110011110000001001
00000000000100100010111101000010
11111111111110010100010111111111
11111111111000101000000101100111
00000000000110111001110111110100
00000000000000001101100000110001
11111111111110011111000011100010
00000000000110010011011001111010
11111111111011011101100101011100
00000000000010111100010010110111
00000000000010011001010110010010
11111111111000000000001111000001
00000000011001101100111011110100
00000000000111100111011010100110
11111111111010010110010110010000
00000000000001011001000000100111
00000000000100010011000001011000
00000000010000100101011011111100
00000000000011100100101011101010
11111111111001101011011101010101
11111111111110010011001010110010
11111111111110101010011001110100
00000000000101011010010101110101
00000000000110100000011101100000
11111111111010100100111010101011
11111111110101110101010011110011
11111111110111000101110110000100
00000000000100100000110010000111
00000000000100010000011111011011
00000000001000010001000011000000
00000000001101011001011100100101
00000000010000000110000100010011
00000000001000110101100010001011
00000000000100100111100110010000
00000000001000000101010001011011
11111111111100100001000100110100
00000000000110001111000000111010
00000000001000001111100010111000
00000000000100010111011111001111
11111111111110010100001011110100
11111111111101000011101011111101
00000000000110111100000111100111
00000000000100010000110011111101
11111111111010010110000011011100
11111111111110010000100100111010
00000000000011010101110000100000
00000000000100110000010111001010
11111111111100011011010111000010
00000000000101010001010100101110
00000000001101111111011101001011
00000000001001110010111111100101
00000000000011110100001101100100
11111111111110010111101101111001
11111111110101111111001110111001
00000000000001011111111100111111
00000000000000101101011110010110
00000000000100000011101110111001
00000000001000110101001111111101
11111111111011000100000010010010
11111111111011110101010010100010
00000000000011000110110011000001
00000000000110101111110111010010
00000000000011111110111000001000
11111111111110101011101011100000
11111111111010101100011011011101
11111111111101001101000000001101
00000000001010101100000011010110
00000000000000000011111000111101
11111111111100011010111101010010
11111111111111111110101000011111
00000000000010100111101011111000
00000000000010000111110100011000
11111111111101000110001011000000
11111111111100010111110111011010
00000000001001101000001100000111
00000000000001011010000001001001
11111111111011100010111111000001
11111111111001110000010010001000
