00000000000001100000001001100011
11111111111100110110100101010101
00000000000001011100100110011000
00000000000000010010101111011000
00000000000010001010000100101011
11111111111110111110101100001001
00000000000000111001100000001111
11111111111101110100000111011000
00000000000000110101001101011000
11111111111111100111100001011111
00000000000000011011100011110110
11111111111100100000101100110110
11111111111101010110101111011011
00000000000001000100111011110010
00000000000000010001010011101000
11111111111110110110010010010111
11111111111110000001010000100010
00000000000000101000100100011110
11111111111101111100110000001010
00000000000000001100111000010100
11111111111110100011010100000101
00000000000001010111010011100110
11111111111110101111001010010100
00000000000001100010010111111011
00000000000000000000110110101101
11111111111101010010111100110001
11111111111111100011100001100100
00000000000000100001111100010001
00000000000000010110110111111011
00000000000001001111110100011111
11111111111101001110100110100011
00000000000000111111000100000101
00000000000001110101011111011110
00000000000000100000000111010000
11111111111101111000101010100000
11111111111101110110101000001010
11111111111100110111100111110010
00000000000000101000101101001001
11111111111111011000110011010100
11111111111100011010001101111010
00000000000010010011011010011100
00000000000001010000100110000110
00000000000000110110101010010010
11111111111100010101101000101100
11111111111100011001111101100110
11111111111111000110100101110110
11111111111110010010010000010110
11111111111101110100110110111000
11111111111111001011111100011110
11111111111111101100100010000101
11111111111110110100110100100011
11111111111101010010101000101011
00000000000000101100100000011000
11111111111110000101010100011000
11111111111100111011000100100100
00000000000010001101111100010001
11111111111101010001011001010001
00000000000001000010100011010011
11111111111110001110011000101111
00000000000000110001001011111101
00000000000001001000100001001100
11111111111110100010000110000101
00000000000000000110111010011110
00000000000000010100111010111111
00000000000000101010101011100000
11111111111100011110001110110011
11111111111110111011111010010100
00000000000000011011110110111000
11111111111100101000010110011101
00000000000010001111110001111010
11111111111101000101101011101111
00000000000010010011100111111010
11111111111100101101100001101111
11111111111100110110001010010000
11111111111111010000001101000000
11111111111100111000001100100001
11111111111101010100111100110100
00000000000000101110110111000100
00000000000000011110110011101001
11111111111100001000100001101001
00000000000000010001000001001110
00000000000000000011111000001110
11111111111110000111001110011101
11111111111100101110100101100000
11111111111101100100011111110111
11111111111111000101001110110111
11111111111111001101000001000111
00000000000010001000101001010000
11111111111111011001110001111110
11111111111111111111111111000000
00000000000001011010001101001000
11111111111101000000001010110100
00000000000000100100101001010100
11111111111110100011000110010101
00000000000001010101001001110101
00000000000001010110010010000010
11111111111110010011010000000100
11111111111100001111010101100100
00000000000001110001011001101000
11111111111101110011101100111110
00000000000000110110100101100100
00000000000001011010010100000100
11111111111110000010111001011100
11111111111110101101100000110110
00000000000010101101001000100101
00000000000001101100011011011110
11111111111111011011011011001001
11111111111100101101001100100100
00000000000001010001111101100000
00000000000010101100100000101111
00000000000001110111110001000111
00000000000010001111101110011011
00000000000001101011000010111001
11111111111101111001111010111011
11111111111111100100000100101010
11111111111110011110101110111010
11111111111101110101011000100101
11111111111100001011101011111010
11111111111110010001000010111001
11111111111110100101110011101100
11111111111101010111001001110001
11111111111101010011011111101110
00000000000000101001011100000011
11111111111100010100001000010111
00000000000010011001001011111100
11111111111110111101001110110011
00000000000001010101000100101000
00000000000011001001101011100010
00000000000001011111001011010101
00000000000001100000001111110100
11111111111111101110101010000110
00000000000000010001110111110011
11111111111100101111110010111110
00000000000000010100011001010111
11111111111111110101010101000100
11111111111100111011000001011000
00000000000000010010010011000110
11111111111101111111000110110010
00000000000001011100110010000110
11111111111111110001001000010011
00000000000001000100100001000100
11111111111110100000100010001101
11111111111110000101111010010100
11111111111100101110010011101011
11111111111111111110111110101001
00000000000000010101010100111111
00000000000001010011100110100000
00000000000001010111011011011100
11111111111110110011000110111100
00000000000001001110100110111010
11111111111110100000000111111011
00000000000001010011011111011101
11111111111111101011110001101111
11111111111111010011110111110110
11111111111100100100111000110100
11111111111111100010010101011011
11111111111101110010101110010000
11111111111110010101011100001000
00000000000000100100001110011010
00000000000000011011111111101001
11111111111111100110011011011010
00000000000000000110101010100010
00000000000010000000101011110011
00000000000000001101001110000000
11111111111101011010000101111000
00000000000001101000110000000010
11111111111100111110000011110000
11111111111110101111100100110011
11111111111111011100100000100000
11111111111101110011101110111011
00000000000001100000110100010111
11111111111110000000010010011100
11111111111111101111001101010011
11111111111101100110101001101010
11111111111110001100111100100010
00000000000010110001101001101001
11111111111111110001011010100111
11111111111101101100111101110011
00000000000000001101100001111110
11111111111101001101111000111110
00000000000010111010000001011101
00000000000010100101001000111111
00000000000000110010010010010101
11111111111111101111101101100000
00000000000000000101100000010000
11111111111110001101001001010101
11111111111110101010111101011001
11111111111111010100111101110010
00000000000000101011011001001101
11111111111100110101000110101100
11111111111111001001001010100111
11111111111111111010001001010000
11111111111101010010110100111010
11111111111111100101110111011010
11111111111101110001011110110000
11111111111110110100010011010011
11111111111110000111001011111111
11111111111111000000111001110000
11111111111110000000001100001111
00000000000000001000011100101011
00000000000000100001110011111110
00000000000010110101000100110111
11111111111101101100001100110010
00000000000001100010001101100101
00000000000010011100001001110101
00000000000000000111000010010001
11111111111110001001101000010101
11111111111110011010000100010000
11111111111101110011110101001101
11111111111110111000010011001000
11111111111111011010101101111011
00000000000010110011110010110001
00000000000000111111100001000101
00000000000010110110101010000101
11111111111111011111001110010111
11111111111110011100001110011110
00000000000010011001100010110001
11111111111111000101110111110000
00000000000000101000110110101101
00000000000001010000111001011010
00000000000000010101100111000001
11111111111101011100100010111011
00000000000010011010101101010001
11111111111110000000111010100100
11111111111110010000110101011000
00000000000010010010010010100011
11111111111100101101011100100011
11111111111100110111100011110000
11111111111100100000111110111100
00000000000000000011100001000010
11111111111100110111101001110101
11111111111100011011111001101010
11111111111101010000001100101110
00000000000001110101110011101110
11111111111101001101000110001010
00000000000000111010110110001101
11111111111101111001111010000000
11111111111101110011100011111001
00000000000001000000011101010001
00000000000010011110111101010110
11111111111111010011001010011100
11111111111111101011000010000111
11111111111100111000011001001000
00000000000000000111000010110111
11111111111100001000011001000110
11111111111101100111001011001010
11111111111100011001101001110101
00000000000000100000101111010111
11111111111100101000100010100110
11111111111110010001101011010101
11111111111110100101011000101110
11111111111100010111001100001010
11111111111100110001001100000110
11111111111100001101110001010000
11111111111101000011001100011001
11111111111111100000001010110001
11111111111101000100000101110110
00000000000001111110111110010111
11111111111110100011000101001000
00000000000001100100100110101001
11111111111111001001011110111001
00000000000010001100010111000111
11111111111100111010101110100001
00000000000000100000111100101110
00000000000001111110101011101111
00000000000000001100110100011100
11111111111100001010101010110110
11111111111100010001110110110101
11111111111101100000011111000011
00000000000001100101011011101010
11111111111100001011100001110110
11111111111111010011001101111001
11111111111111000011111001010111
11111111111100101011010011000011
00000000000001001110100101001010
00000000000001010110011111011101
00000000000001011011110011111111
11111111111110011011111011101100
11111111111111011011010000001010
11111111111100101000111011100011
11111111111111101100000000111001
11111111111111001010100001111001
11111111111111110000010111100110
11111111111110011001010010010110
11111111111100010100101111100000
11111111111100011001011100111001
11111111111101011100100101101111
11111111111101111010101001111101
00000000000001101100101001010001
00000000000000010010011010001000
00000000000001000110001111101111
11111111111100010100111011101001
11111111111110110101001101111011
11111111111111110011100000000010
00000000000001100110001101000000
11111111111110100100110111111110
00000000000010011010010001101001
11111111111111110001011010110110
11111111111101000011110000011011
11111111111100011100100100111110
00000000000000011000001101010010
11111111111101011101000010011001
11111111111110101011110011000101
11111111111101110011111100011001
00000000000000011101101110111110
11111111111100010010110101111001
00000000000000110111101010101011
00000000000000110110101111001111
00000000000001000100100100100110
00000000000001101010111010011010
11111111111110011000011011010001
11111111111101010010011110101100
11111111111110000111000010100110
11111111111111100000111001001110
00000000000000010111101011101110
11111111111100001000010010111010
00000000000010010101110011010000
11111111111100101111000001011101
00000000000001101011011110101101
00000000000000001001011110111111
11111111111101101011101101000001
11111111111110010010010101010000
00000000000000010111100010000010
11111111111101011101101000010101
11111111111111000111001111100011
00000000000000111001111010001001
11111111111100000101101011101110
11111111111100100010011110011101
11111111111101000001011000111011
11111111111100001010101101101111
00000000000010011010001011000011
00000000000000110100101001111011
00000000000010010000111110011101
11111111111111101110100110010000
11111111111100101010101011010011
11111111111101111010110110011001
11111111111101011001000010011100
11111111111110001001010111011111
11111111111111100110110110110010
00000000000001111111101101101010
11111111111111100011011110010111
11111111111101100011101001100011
11111111111100110000010100111110
11111111111101001101011111000100
00000000000000110110011011010000
00000000000001110010111100000110
00000000000001010100011010011001
11111111111111101010101110011101
00000000000000100111101100101100
11111111111101101001101101110101
00000000000011001100101111011001
11111111111111111011100011110110
11111111111110010001001000110011
11111111111100101010000100011110
11111111111100100010110100000010
00000000000000000111001110001000
11111111111110000111101010100000
11111111111100111110000001000111
00000000000001000100010111011001
11111111111111000010000000000111
11111111111111000010001001001010
00000000000000111011001111011111
11111111111110101010100110000001
00000000000010110111010001001001
00000000000000010111001010100001
11111111111101011101101000100011
00000000000000011011001010001111
00000000000000110111111101110111
11111111111100100100100001101010
00000000000001010110111100010001
00000000000000001101100010000001
00000000000010001010010110001010
11111111111110001011100011000101
11111111111100110101100110111000
11111111111101011111101001001011
11111111111110001100101100010111
11111111111110101001000101100110
11111111111101011100001110010011
11111111111111111101101101001101
00000000000010010110101001110011
00000000000000100001010001001100
00000000000001111101001010011000
11111111111101101000111110011010
11111111111100010111101101100010
00000000000000110001001101010110
11111111111110111000100011110100
11111111111111000010110000100111
00000000000001110010001110100110
00000000000000111111001010000111
11111111111101110111011110000100
11111111111111110111111100101101
11111111111111010001001101000011
00000000000000111010010010001100
00000000000000010111110111110101
11111111111111110011111111111011
11111111111111011001010000011000
11111111111101010111001100111111
11111111111111101000100000110001
00000000000010001001001001000010
11111111111100111110000000100101
