11111111110001111100101111111010
00000000000001000110101010110111
00000000000001011111100010100101
11111111111100000001001101110000
00000000000000001111000011100000
00000000000101010100100100010110
00000000000101101100111110011011
00000000000100101101010101110010
00000000000011001111001111000001
11111111111001000101010010101111
00000000000001001110110011110100
11111111111111011010001000101011
11111111111000010011101010101100
11111111111011101110110110111011
11111111111000111011111000001010
11111111111101100001001101111101
11111111111101110011000001111110
11111111111100100111100100010101
11111111111011111010010001001000
11111111111110110011011010000101
11111111111011001101111101100011
11111111110110001100011000000110
11111111111110001011001100010011
00000000000111110011011100001001
00000000000101011110011101111001
11111111110110010101010100011001
11111111110100011001110111110000
11111111111111100101101100100111
00000000000000100101001010111110
00000000000100101000111110111100
00000000000011111001011010000011
00000000000101110001001010101001
00000000001000011001110011000100
11111111111010011001010111100111
00000000000001011111000001001000
00000000000111101101100110011111
00000000000010000001111111001001
00000000000000001001010111111111
00000000000011111010000100011110
11111111111111100010110011001101
00000000000100001010101001011101
00000000000011011101100110001000
00000000000111101000001100010101
00000000001011011100110010011000
00000000001000001100010000011010
00000000001101010111100000100000
00000000001000000000010011010011
00000000000011100111000111111101
00000000001010000011101101110010
00000000001011010010110000110011
11111111111111101001000101000001
00000000000011010010000010111111
00000000000110011000010000001011
00000000000011010100110000110101
11111111111011100100110101011010
11111111111111110011010101001100
00000000000111010001110100010010
00000000000100111000011001110001
00000000000011010111010010111011
11111111111001011001100101111011
00000000000000001101111110101101
00000000000001011000100111010101
00000000001000010011000111111000
11111111111100001000001101001101
11111111111001100001000010010110
11111111111010010100001010011111
11111111111110101000100001011001
00000000000000110100010010001010
11111111111011110010000010000101
11111111111101100001010100100001
11111111111000110101111001000100
11111111111101110010100001001010
00000000000101111010001010011110
00000000001110100110111010111101
00000000001011101010111001110101
11111111111000011100011101010111
00000000000101011010010000101000
00000000001110010000101001101011
00000000001011111101001110111000
00000000001100110010101011100010
00000000000111110010111100100101
00000000000111011011100111001001
00000000000000011101110111000111
11111111111110101010001100100101
11111111111100101110100010000101
00000000001000011101010100111101
00000000001000000011001111001100
00000000000101100101100000011000
00000000000001100110100101011110
11111111110001111011110101111011
00000000000101000110000011000100
00000000000100000100010111100111
00000000000000111101010001101100
11111111111101011101000010001000
11111111110000100010101110000001
11111111111111010111011101100100
11111111111100110101011110111101
11111111111100001111111010101111
11111111111110010111100100000100
11111111111010100000011100010001
11111111111010100100101011011010
00000000000111100001001101101110
00000000000111001100000110011100
00000000001011010110010101000101
00000000001011000011010101011001
11111111110010010010101000010100
11111111111000001010100010111101
00000000000001001011010000000111
11111111111101010001110111111110
00000000000001111101001010101001
11111111111111111010001010011110
00000000000101110111011011110000
11111111111011001101011110111011
11111111111010001001011010001010
11111111110100101100011111010100
00000000000101001011101001011011
00000000000001110000011010010010
11111111110001011001010011001110
11111111110100011011011110100101
11111111111000010011010111010001
00000000011000001110100111111110
00000000001101111010001001110100
11111111111111000111111100101000
00000000000111100010111001110110
00000000001110011111101110111010
00000000000001111110110011110000
00000000000100011111011001101001
00000000010011011101101000000100
00000000001100101110010011010111
00000000000101101100001000110001
00000000000010100110011000000000
00000000001111110010111101001011
00000000001001110111100001101110
00000000001101010011110010111011
00000000001000100111111101000001
11111111111001001001000000000000
00000000001010111110100001011100
00000000001000010111011111001100
11111111111101100000011100101011
11111111110101100100011011100010
11111111111010011100010010001100
00000000000101011010001000011001
00000000000111100111101111010111
11111111111101101011101000011011
11111111101110111110010110010111
11111111111011011001000010011110
11111111111011111111100111010100
11111111111011011111000001001000
11111111111011111010001001110011
11111111110011101000000000111110
11111111111000111000111000011100
11111111111101111110101110101101
11111111111111011110001100100000
11111111110011100110100011100101
11111111111000111010010011010000
11111111111010111001000110111101
11111111111000010001000110110101
11111111111000000000111100010010
00000000000101101111011110011111
11111111111011000010010110110001
00000000000010111111100001100010
00000000001100011011110001011100
00000000000011001100110001110111
00000000000011110001001001101011
00000000000010110001101011001011
00000000001010001011100101100101
00000000001110010110000011110100
11111111111101110101110010100101
11111111110110100001100111010111
11111111111001011110111111000000
00000000001001110110111111100111
00000000000101010111000111010010
11111111111011110010111111101100
11111111111110100110010011110000
11111111110111111100001111110100
11111111111101101110101111101100
11111111111101011001011101100001
11111111111110010000010010110000
11111111110110000101001000111101
11111111110000000010000011011010
11111111110101100111011001110100
11111111111110101010010001110001
00000000000011001011000110110101
11111111110111011110001000001001
11111111101011001100100111101001
11111111110011100100000010000000
00000000000011001111010110100100
00000000000011101100100100011000
00000000000010111000001011101100
00000000010010000110110111110100
00000000000000101001110101110111
00000000000001101011010010111001
00000000000001101001110011000110
11111111101111100101100010010000
11111111110001011110011101110011
00000000000110100101011111100110
00000000000011001110000010100101
11111111111100000110111010100101
11111111111111110011010001010001
11111111110110000001110100111000
00000000001010101111101101011101
11111111111100010100000101001111
00000000000110111111101111001111
11111111110110000110101011001011
11111111110010100010100110110100
11111111111110001000010011001000
11111111110111001101011111110111
00000000000001111111101100101001
00000000000100100100100111110000
11111111111110001000000010010100
11111111101101100011010110000010
11111111110010110000001111000000
00000000000101011111001100110011
00000000000010011011100010000000
00000000000001001001111011011111
11111111110000111001100000110011
11111111101110010100100000111010
11111111111100001010110011000011
00000000000000101101010110010001
11111111111110010000011100101111
00000000000000000111000000000001
11111111110010000101101000100010
11111111111111110100010101001000
00000000001010010101000111001000
00000000000011001000001011100111
00000000000010101010000110000111
00000000001010010010111100000101
00000000001011110101101101101000
00000000000110111011010111001000
11111111111010000011011011010010
11111111111010011111010001010000
00000000000101010000011011010001
00000000001000100110001110110100
00000000000011111010001001001001
11111111111011110011110000000101
11111111111101101000111111001000
00000000000101000010110111101111
00000000000000101101001010001101
11111111111110100000000100011010
11111111111111101101100010000110
11111111111010000011101010010011
11111111111010110011100110111111
11111111110110111011001110001100
11111111111101110000010010100101
11111111110100000110001101010101
11111111111101110101010110101110
00000000001011011110110100011111
00000000001011011111101111111110
00000000001100110001111111001101
00000000001100000010101000110010
00000000000001110100000110010001
00000000000010001111110001001100
00000000001001100100001100010110
00000000000001110101101000111010
00000000000001011111000101010100
11111111111010110100000000010110
00000000000001101001011111001111
00000000000101100110101010010011
00000000000010110010111010110001
11111111111100010011000100111110
11111111111111010110100111010011
00000000000111110011110100000010
11111111111110000001001010011110
11111111111100011101010011101100
11111111111111011001011001111011
00000000001010100100110001100010
00000000000001001011000110010100
11111111111110010110111011010101
11111111111101011110011011001010
11111111111101100000011000111001
00000000000011100101111101101100
11111111111011100001000010101111
11111111111011111101011100110001
11111111111010110001010001000000
11111111111101101000111100100101
11111111110010100100001011100011
11111111110101001111000001010010
11111111111000101000011000010100
11111111111010101111011011110010
11111111110101111100111000101100
11111111111001101111000011101001
11111111111110101010100111011111
00000000000111001111010011100011
00000000000011101001110101011000
00000000000101111110100110101000
00000000000111111101011100101000
00000000000010100110101001001110
00000000000111100011111110111101
11111111110111000001101011111111
00000000000010010000100101000100
11111111111111011011011011100111
00000000000010101111001000100010
00000000000011000101011001001111
11111111111111100011001111000100
00000000000001011011000101111111
11111111111000010111110101011100
11111111110111000000110011111110
11111111111111100101011011110111
00000000000110101111010111101111
00000000000101101010100011011101
00000000001011000101000100001001
11111111110011111001010000100010
11111111111001001111010001100010
11111111110111000110111111100111
11111111111111001100111001110001
00000000000111100110011001111011
11111111111110010011101011100001
11111111111011011101000100010010
00000000000001011100101101101111
00000000000000011110100111010110
11111111111000000110111101011100
11111111111100101101010011011111
00000000000001101101100111011001
00000000001001110001111110011000
00000000000101100000011011000110
11111111110110001001101100000100
00000000000000111011110111010100
00000000000111110101010100001000
00000000001001000101111101010111
11111111111111100011001001101100
11111111111100101001001111010101
00000000001000000001001001100111
00000000000000101011010101100011
00000000000100110011100101001010
11111111111111000010001110000110
11111111111011000101001011011000
11111111111110011000001001000111
11111111110101100000011001100010
11111111111111000100100100011111
11111111111000100010000100111110
00000000000000000001001100001011
00000000000100001100001011000011
11111111111011010111011000010001
11111111111111001010011101010101
00000000001100010101011010000010
00000000000010100111111010110111
00000000001100010101100100100010
00000000000111110101110111011100
00000000000000100001101010010001
11111111110110110000010011100001
00000000000100110010101010001110
00000000000111010111110101000110
00000000000100110100001010111001
00000000000101001011101101001101
11111111111110000001101000001010
11111111111010000000101010101011
11111111110110001110010110101000
11111111111000010100111110010100
00000000000011100000010010001100
00000000001101001000000110001000
11111111111111111010000010111010
11111111111110110001010110100000
11111111111000110110101011111100
00000000000011011010011010000011
00000000000011001111101010101010
11111111101110101011001001110101
11111111111100001001000001111011
11111111111011010101111101101110
00000000000101100011110010010111
00000000001000101111110110001101
11111111110101101101000110001100
11111111111111101100001111111010
11111111111110000111110100011110
11111111111000111011000110100100
00000000000001110101010100111111
00000000001000011111011000101111
00000000001101011111010000100001
00000000000001101011010111011110
11111111111011000110010110100100
11111111111100100110110101000100
00000000001110011001011000100000
00000000011100111110100110101111
00000000001001010010111001011000
00000000000111100111000010000010
11111111110000011010100001011011
11111111101111110101001101011111
11111111111100001111101011010010
00000000000101001110000001001001
00000000001011100000100010001110
00000000001001010111010000010001
11111111110011110001010010110100
00000000000000101101010100110110
00000000000101001110011001000101
00000000000011011011000110110110
00000000000110110110100011011111
00000000000100001011101110101100
00000000001100100011111101111101
00000000000110110100001111100110
00000000000000011100001111110110
11111111110111110101011000110111
00000000001010111100101100101011
11111111111101110111101100011011
11111111111110110111010101000000
11111111111111110001011010110011
11111111111111011100000010010101
11111111111111100110001001001010
11111111111100111110010001111011
00000000000101110111000110011011
00000000000011110010010010000111
00000000000101101110010010101110
