11111111111111011101101101101101
11111111111100111011010110110000
11111111111101010010111011000010
11111111111100110011100110000000
11111111111100001010111010001001
00000000000001100010001111001111
11111111111110000111100010100110
11111111111100010011000011010100
11111111111101100111110010101111
11111111111111011000101011001011
00000000000000110011000110101110
11111111111111101001001001011111
11111111111110100100110001100000
11111111111100000111010000000110
11111111111110011001111101010011
11111111111101101000001100001000
00000000000001100001001011110110
11111111111101010011101111101010
11111111111110101000010010101000
11111111111100110001001111001101
00000000000001100011011000101000
00000000000000100000111111001010
11111111111110011010101010000000
11111111111100111100111001100011
00000000000010001100000010010101
11111111111100101111010101111000
00000000000000101110000101111101
11111111111111011111000101101000
11111111111100101110100010111111
00000000000000110111000101110110
00000000000001101011111001000100
11111111111100001010001100110001
11111111111100100010000011010111
11111111111100000110101100000000
11111111111101100000000011100010
00000000000000011001001000010001
11111111111101100100011000000010
11111111111101011011110011000011
11111111111110000011011001011110
11111111111100000100001010111001
11111111111111000011100101010000
11111111111111111111101111111110
00000000000000011111001010011111
00000000000000101001110001101010
11111111111111110101001110110010
00000000000000100000000001111000
00000000000000101010111111110111
00000000000000000001101001010100
00000000000001001011110011011010
11111111111101101011110100100111
11111111111110100110101001100010
11111111111110100111010010101001
00000000000000001010011110001110
11111111111100101101101111110101
11111111111111000111111011001001
11111111111101010100010100000001
00000000000000011000111001001001
11111111111111101000000011110110
00000000000000101001111110111110
00000000000000011110110100001001
11111111111100100011110100100100
11111111111100001101110110000111
11111111111101000101100101011011
11111111111100111100101001011011
11111111111100100001011110110111
00000000000001011011000111101001
11111111111111011010110001101010
11111111111100111111001101000100
11111111111111100100000000000100
11111111111101011011110111111001
00000000000010001100001010101001
11111111111100111111101010010101
11111111111110000110001001001001
11111111111100011110111011011101
00000000000001011001101000101100
11111111111101100110000100110010
00000000000001000011001001011111
00000000000001011011100100011011
00000000000000111101010100001010
11111111111101110111010000111100
11111111111101011001010010011010
11111111111111010101101110100000
11111111111110100011011011000001
11111111111100011110111000100011
11111111111111000101000100111000
11111111111101000110010110010101
00000000000001011110010010111010
00000000000001110010000011101001
00000000000001101001110011100011
00000000000000000100101010001000
11111111111100000100010110100101
00000000000001101000001011010100
00000000000010001000000011000101
11111111111101101001000111001001
00000000000001101100010111000111
11111111111101001111000111100111
00000000000001111000110110010000
00000000000001110011010000101000
11111111111110011111000001111001
00000000000001011001100100100001
11111111111111110110111011000001
11111111111100000111001101111101
00000000000001100001101111000001
11111111111110001000100011101001
00000000000010000001000100010101
00000000000000000101010111000111
11111111111101110011001011110100
00000000000001111101100011111111
00000000000001100000001011001000
11111111111101010100101000111101
11111111111111100000111111111001
00000000000000110111000001001101
00000000000000000111011111000001
11111111111100011100000101111000
11111111111110100011010001110010
11111111111111101000010101100000
11111111111111000101001010000110
00000000000000100010010101010000
00000000000010010001000110000101
11111111111100001011110010110001
00000000000000011100101101000011
11111111111110010011010010101011
11111111111111010001001101010000
11111111111100110001110001010001
11111111111101001001011101110001
00000000000001100101101101000110
11111111111100111111110010100101
11111111111100111011000100101101
11111111111110000010111001001001
11111111111101010111010111000001
00000000000000010100110000001010
11111111111100110001111011000011
00000000000000100001111110111111
11111111111110111100100111101101
00000000000001111010010010101111
11111111111110100100000111100011
00000000000001101100010100110100
11111111111100001011011010011001
11111111111100101100101110100111
00000000000001100110101111000100
11111111111110100010010000000110
00000000000000001001001111001011
00000000000001110001010110101001
11111111111111111110111011011001
11111111111110000011001001100110
11111111111110010010100100111011
00000000000000010000010100100001
11111111111110001010000100001000
00000000000001100111101000110110
11111111111100010111011011101011
00000000000001010111000100010010
11111111111100000010110101001000
11111111111111101111101001101010
11111111111101111000101011110100
11111111111111001100010010110011
00000000000001101100100111000101
11111111111100011000111111100000
00000000000000000101101010101101
11111111111110011111111101010011
11111111111101100100011111001111
11111111111111100100100100010001
00000000000000001100111000110001
11111111111101001111010010010001
11111111111111010100010000001000
11111111111101010110011001110001
00000000000001001011010111011000
00000000000001011101000101010010
11111111111110101001111101111100
11111111111111001010110111100010
11111111111111010001010010101010
00000000000001010011111000111101
00000000000001000010100111101011
11111111111100001110100100110101
11111111111110111011000010000011
11111111111110100001000100010110
11111111111111100101011010000011
11111111111101101000001001100010
11111111111110011010100111110001
11111111111101001011011100011010
00000000000001110000000110111001
00000000000001100010101001101101
00000000000000010000111101000101
00000000000001001101001010111110
11111111111111000110000100111010
00000000000000011101011100100000
11111111111111010011110101110110
11111111111111101001011001100000
00000000000011000101011011100010
11111111111100011100110011100110
00000000000000111001110110111000
00000000000011011110011010101000
11111111111100101100001100101011
11111111111111100111111011001110
11111111111100010101100100001010
11111111111110010111101111101111
00000000000001110010010010110110
00000000000000011111000001011001
11111111111110100100000111001101
00000000000010111011110100011000
11111111111110011000111101100110
00000000000001010001011000101001
00000000000010000101101001001001
11111111111101001110100110100010
11111111111100011001001100111001
00000000000000100000011110000111
00000000000010001010011110100011
11111111111100001010110100110001
00000000000001011000010010010001
11111111111111010100110011100111
11111111111101010110011010100100
00000000000010110000111110101011
11111111111111010011100101000011
11111111111101011011101010111000
11111111111101001100010101111100
11111111111101011100110001001101
11111111111111111001101100001100
11111111111101100100111110010100
11111111111100101110010000000000
11111111111111111011001011010111
11111111111110011101110011111100
00000000000001000100111000101100
11111111111111011111100111010111
11111111111110010011010001010011
00000000000000111101011010100110
00000000000000101001011011100110
11111111111100010111010111011001
11111111111101101000010010110111
11111111111100010111011110010101
00000000000010001101011101100000
11111111111100100001011001010101
11111111111111010000110001110100
11111111111111101101100110010101
11111111111100110011101011101110
11111111111111010011100011110011
11111111111101010000011011001101
11111111111101101010101001100110
11111111111111101011011111010010
11111111111100010110100111010111
11111111111100010110011101101111
11111111111111001011001101010101
11111111111100011101111111100010
11111111111111101101111011010010
00000000000000010101001110001011
11111111111100100010001000100010
00000000000001001111001010100101
11111111111101011110000101100011
11111111111110001011101001110011
00000000000001101000111001001101
11111111111111101001111001011100
00000000000000111010001000000000
11111111111111010100100001010000
11111111111100000011011100001100
11111111111110011110011101110111
00000000000001111011001011100101
11111111111110000101010110001100
00000000000000011110101101111000
00000000000000110100101001101000
11111111111101000101001101100000
00000000000000100101010111100101
11111111111111011010010011011101
00000000000000100000100101110110
11111111111111001011100010010111
11111111111101111100100000000100
11111111111111110101110110100101
11111111111110101010100000101010
00000000000001110010000111110010
11111111111101111111100101011110
00000000000000011101110000000111
11111111111100001101100100011101
11111111111101101001011100110111
11111111111111110011000111101100
11111111111110011110100000111100
11111111111110101001010010010000
00000000000001001010110000110011
11111111111111000011000001010001
11111111111100010100101111011000
00000000000010000111011000100010
11111111111100011111001011011111
00000000000000110011100001000000
11111111111110010100101101011010
11111111111100110000100000100100
00000000000001000111000101011000
00000000000000101010011111110011
11111111111111011001000010110100
11111111111101110110010001100101
11111111111101101100000101010001
00000000000001011100100111110000
11111111111110010000011101001101
00000000000000111110100100011001
00000000000001111000111010000011
00000000000010000010000101011000
11111111111100011110010010001001
11111111111100100100101001001110
11111111111100100000011010000010
11111111111110011011100101000110
11111111111110000001100100010000
00000000000000110000000011110001
00000000000001000001111100000101
11111111111101111110101010001101
11111111111110110011010111100001
11111111111101010100100110101011
11111111111101100010001101100110
11111111111101000111100100101011
11111111111100101011100110111110
11111111111111001100011010000111
11111111111101100011100100110111
11111111111100000011111101001010
11111111111100110000110011001110
11111111111101100010001100100010
11111111111100010011010111101000
11111111111100010001000101110100
11111111111110001001111001010110
00000000000001010110110101100001
11111111111101010111011001111011
11111111111100110100011111111010
00000000000000100100101001101101
00000000000001111101110000001101
11111111111111011001100101010001
11111111111011111011000011011000
00000000000001101101001100001100
11111111111100000101101101010001
11111111111100101011010101100100
11111111111111110001110011110010
00000000000000011010001110010001
11111111111100010110101000001011
11111111111110100001101000110101
00000000000001101001000000100000
11111111111111010000001011010000
00000000000010001001111011010000
00000000000001011100110001100001
00000000000010010100111010001111
00000000000000000101001011000110
11111111111110100100010000010001
00000000000000000000111010110001
00000000000001000111000101110001
00000000000001010100010001111111
11111111111100000001001110100000
00000000000001010010000111111010
11111111111100011111010111110100
11111111111101001110100110111001
00000000000001010101010100001101
11111111111111111100010010000110
11111111111110000010101001001011
00000000000000111111100100000011
11111111111100101101111111010001
11111111111101001011110111000011
00000000000010001011101100001001
11111111111101001010101000110000
00000000000001011111100110111111
00000000000000011110111101011010
11111111111111001100000001000010
00000000000010111110101111000001
11111111111101101011001111001110
11111111111111100011011100110100
00000000000001111011001010101011
00000000000001111010110001001110
11111111111101101111000010101100
00000000000001001101100010001000
00000000000000100001011101100110
11111111111101101010101101001110
00000000000001101010111111001110
00000000000010000100001111001010
11111111111101001101010011101011
11111111111110110110111000101101
00000000000010010000111111001110
11111111111111111111001100011110
00000000000000000110010101010010
00000000000000110111111100001010
11111111111110101110110001101111
00000000000000100000010011111011
11111111111110000111000001011100
00000000000010101011010001101010
11111111111110110001101100101111
11111111111110101000000110010101
00000000000001011010101100011001
11111111111100111000011011100111
11111111111101001010111111011000
11111111111111011111110111001101
11111111111110101010100000001001
00000000000010010000110101011010
11111111111111101001000010000011
00000000000001111101001110011111
00000000000010000101011001110110
11111111111100010111011011111001
11111111111100100101111101010101
00000000000010000111111010011000
00000000000001011100011111011100
11111111111101101001111101001110
11111111111100010001110000111111
00000000000001100011000111011010
00000000000001100011111110110001
00000000000000001011000011001100
11111111111110111000011100001100
11111111111101110100100101100111
11111111111100111101011101000011
11111111111100111000101111100110
00000000000001111011110000011100
00000000000000011010111100011101
11111111111100011010000111011000
00000000000000111011000100010111
