00000000000100110101000010000111
11111111111010000111100100010111
00000000000101111110001011001000
00000000000100010011000010101100
00000000001011101100101101101110
00000000001011011010000001101010
11111111111111011111000011000110
00000000001100000110010000100110
00000000000111111000101000010010
00000000001001010001111101100101
00000000001110101100110011010101
00000000010001011000011110100101
00000000010100110010010011000011
00000000001001001011110000001111
00000000001110101110100110000110
00000000010011010001000111111101
00000000000101000000010000101010
11111111111111011011011101010110
00000000001001010100100100010010
00000000001110111011111000101101
00000000000100010011011011111010
11111111111011011010010100000100
11111111110100011101111101001000
00000000001010101101111110000100
00000000000101110011111110000101
11111111111111110010111110101101
11111111111000000110010110101001
00000000000000001010101111111001
00000000000000001000011001010110
11111111111101111001101010110000
00000000001010000110011101011100
11111111111001110000101100010101
11111111111100110100000110011011
00000000001000011111011101000001
00000000001010100100001011001010
00000000000111000100011010100101
00000000000000001110111000001011
00000000000110100011110101101011
00000000001100011101100101100001
00000000001100001001001000011110
00000000010001011011111011001110
00000000000011100100000000010001
00000000000101100101000000000111
00000000000011010110000011001000
00000000000110111111001010011110
00000000000100111111000110010001
11111111111110001001011010111001
11111111111001001000011101111111
11111111111100110011110101100110
00000000000010001000111100010110
11111111111101110101010101101111
11111111111111101010000001101001
00000000000001001111101000000101
00000000000011011101011111101000
00000000000100011010010111111010
11111111111101100101110100101001
00000000000101110111011110100100
00000000000101001110011101001001
00000000000100010001100010000010
00000000000110011110101111001010
00000000000101011010110010000101
00000000001011000100000000010101
11111111111110001011010000111100
11111111111010010001100000111110
00000000000001110101011011001101
00000000000000001111010101001001
11111111111101011110001111100110
00000000000001101001110111011000
00000000001000101100011110000100
00000000000110001010111100100101
11111111110011010010100100101111
00000000000010010100110011110100
00000000000011110011101110010000
00000000000110101110010111001001
00000000000101011110100010111100
11111111111001100001101000011001
11111111111010111100110111010011
00000000000100011100001011010110
11111111111101010101101110001001
11111111111001010010010101110101
11111111111111000100111000001000
00000000000010001010100011101111
11111111111001111010010000100101
11111111111100110111100101111011
00000000000000101110110100100101
11111111111100101001110100011100
11111111111110010011010100010101
11111111110100011001110101111110
11111111111111001100000101110000
00000000000000110010101101111111
00000000001011000110111100100111
11111111111001011010111100110101
11111111110011110100011110010110
00000000000010000111101110101010
11111111111000010100100010101110
00000000001001111101001101110011
00000000001000000001101101111100
00000000000101001101000010110001
11111111111010110111110000011010
11111111111011111100100011100110
00000000000001010110101101101101
11111111111111000110001101101010
11111111111011100101001110101110
11111111111100010011010000100110
00000000000001111011100101010011
00000000000010100111001011010011
00000000000011000010000110011100
00000000000101011001000111111110
00000000000100110011110111001011
00000000001001100011110000101000
11111111111000000111010000001100
11111111101100110110011111111001
00000000000000010010011110011101
11111111111100110010111010110010
00000000000111001111100010010011
00000000000100111010101000001100
11111111111100110000100001001101
11111111111100001101001000001000
11111111111100011101100001100101
11111111111000000011100100110101
00000000000001011111011001111011
11111111111101011010101000010101
11111111111001100010101110101101
11111111110101100011010010110110
11111111110101000100100101010011
11111111110010011011111100001100
11111111101001010101100011111010
11111111111010011100101110000100
11111111111011101101100110011000
00000000000000111110110101101011
11111111111111011110100101000111
11111111111001001110000001000010
11111111111010101110010010111100
11111111111011001101110110111100
11111111111110110000011001000011
00000000001000110111010101011101
11111111110010011010111101001100
11111111110100111100011000001011
11111111111110011001110000110101
00000000000111011110001101111011
00000000000111010101001101100110
11111111111000011001001111001010
11111111111100000101011010001010
11111111111110001111111110111100
11111111110111111011101100011101
00000000001110001000101000100001
00000000000100000100010000100010
00000000000010011100001110101110
11111111111111010010010111111001
11111111111100110100110100100100
11111111101010001101110110111001
11111111110100100110111001011000
00000000000000111101101100101100
00000000001000001100000101010101
00000000000111010011100001101101
11111111101001001010011000111001
00000000000010110101100101010000
11111111111101110110001100110010
00000000000110000011010011111101
11111111111110001111011101000010
11111111100101111110010001110001
11111111111010111001010110101011
11111111111111101100100110100100
00000000000110011101011101010001
11111111111011111100011010000011
11111111110100110001000111000100
11111111110100010101001111110011
11111111111011001010001110000010
11111111110100011100010101110010
11111111111011010010101000010111
00000000000000101111010010101110
11111111111101100001111001100111
11111111111111101000111011101110
00000000000000010110100110001101
00000000000010100001111000010001
11111111110000000000000101000010
11111111111011011010000100000111
00000000010110010100011110100100
00000000001111011000100001011110
00000000001010110000011100100000
11111111110001011010011001101000
11111111111001010110001110001001
11111111111001011010100110001110
00000000000000111110101000101011
00000000000011011110110011100010
00000000000010100100110101000011
11111111110001100111001101011001
11111111110011100100001010101111
11111111111001010101111000011010
11111111101100100100001100110001
11111111111100110100111000100101
11111111110111100001100110011101
11111111111001001110001001010111
11111111111010000010101001101001
11111111111011111001011011100111
00000000001100011011110100111000
00000000000010000011001011010110
11111111111110001000110010001011
00000000001000100010011010010000
00000000000111010001101111110011
11111111110011001100011110101111
00000000000100101110101010111111
00000000001000000111101111111110
00000000000010100011000110010010
00000000000011010110100101000011
00000000000111111010010010111110
00000000000010000011001000001000
00000000001100010100000110101010
11111111111100110111101111111011
11111111111111110100010111011000
00000000011100011101111010010000
00000000001000101011001100000100
11111111111111101111100011011111
11111111111111001001011001100000
00000000000101101111101100101010
00000000000110111000101010011011
00000000000010010000101011011100
11111111111000111000001001010000
00000000000101000000010000101111
00000000001011000011011011011101
11111111111101111000011010100110
11111111110010111001011000110010
00000000000001011010100111100110
00000000001001011011000011010101
00000000000001110100010100010100
00000000000011111010001010100000
11111111111000111110110110010010
00000000000001011101010010000101
11111111111110111100100001001001
11111111111111011101001001000001
00000000000110111000000010000011
11111111110101110011101001111010
11111111111101010011100111010010
00000000000100101110001100000111
11111111111111100111010000111000
00000000000110011111001010101100
11111111111010000111110010100100
11111111111011100101111010010000
11111111111110100010011001001101
11111111111010110110011111101100
00000000000101110110110011111101
00000000000100000000110111011010
00000000000000000111100010000011
11111111111101001110100111011010
11111111110110101001101110100001
11111111111011001010000111000010
11111111111110100010011101100100
00000000000000011000000000010011
00000000000011000110110010010010
11111111111011111010010110101101
11111111111001010011111111101101
00000000000010000100110010111100
00000000000011000100010111000110
11111111111110011000111010110111
00000000001010001010010001000101
00000000000100111011101010010000
11111111111010100000000100010000
11111111111101010001111011001001
11111111111111010110011111111001
00000000001010100101100000101111
11111111111110111110010110001111
11111111111110100011011110111000
00000000000001101000111000101110
00000000000011000110100000001010
00000000000101000101101100110011
00000000000111000101000000111111
00000000001000100010011001100100
00000000000110000010110001010101
00000000001010001100100110011011
00000000000111100011101010011100
00000000000111101110010000111011
11111111110111101111100001111011
11111111111111011110100100101011
00000000000001110001000110000001
00000000000000001110100001100011
11111111111010110111010101101100
00000000001010000000111000010000
00000000000010110011101010101011
11111111111100011110110100111110
00000000000101001101111110111000
00000000000000010111001011110100
00000000000011101000101001010110
00000000000000000100110110101111
11111111111111111011011111001001
00000000000100101010001110111110
00000000000011110011001000101001
00000000000101010000010001001110
11111111111111000100001101110100
00000000000101110000000101101010
00000000000100101001011101100111
00000000001010001111011011111111
00000000000001000101001111111010
11111111111010101100110101111111
00000000001010001001010001100001
00000000000101011010111000101001
00000000001000010111111111101111
11111111111110000000110011110101
11111111110110000100110110110000
00000000000001110001110101001100
11111111111100111000101010010101
11111111110111000100110111011111
00000000000100110000100101101111
11111111111001110011110100001001
11111111111011000000011110001110
00000000000000001101101100111001
00000000000110011011010001100101
00000000001010001000110110110111
00000000000110110010111100010110
11111111111111010001100111001001
00000000000111100101001000111110
00000000010010001111101111001001
11111111111101011001111010100100
00000000001011000011011111111110
11111111111111000100100011110001
00000000000100101011110110111011
11111111111010001001010111011100
11111111111100101101111101110000
00000000000100001101101010000011
11111111110110111110101001010001
00000000000111111010000001000111
11111111111101011110001110111100
00000000000001001101110001000011
00000000000011011111111011111011
00000000000110010110011100110101
00000000001001001101101110011111
11111111111011001100111110001100
00000000000010011101010001101100
11111111111101000101000011100110
00000000000001110010111011011001
00000000000001001111001110111111
11111111111100001110101001011011
11111111111010011000010001101100
00000000000001010110011011110110
11111111111110001100100011000000
00000000001011011110011011110111
00000000000100011101011101011011
00000000000010111101001101100111
11111111111101001011001101111000
00000000000011011000101101011001
00000000010100010001100011100111
00000000000010110001101011101111
00000000000101010110011101010000
00000000000100010111010010010011
11111111111001100000110101010111
11111111110111010010101010011100
00000000000100100100011100110011
00000000001010111001110010010111
11111111111110000100101000000000
11111111110100111010101000111011
11111111110111100010001001000111
00000000000111111101101001100000
11111111110111110000101001110000
11111111111111011110111000101101
00000000001010010101010110001000
00000000000000001101011101111010
00000000000101100000110101000111
11111111110100010010110101111111
11111111110110111011101111000000
11111111111010111100101000000001
00000000000101011110100110001010
11111111100001001111110101111010
11111111101100010000100110011110
11111111110111010010000110010000
11111111111101011010111010010110
11111111111010000011010101101010
11111111101011001100110011111111
11111111111111011100100010100101
00000000000000011100101110101000
11111111110011000001111111000110
11111111101000001110111101111100
00000000000110001110111011110011
11111111110000110001011001011011
00000000000001101001101010101100
11111111111110011001110101111000
11111111110100101001001000011111
11111111111001100011100001110001
11111111111001100111010110000101
11111111111111100101100101011100
11111111111001011111111100011010
00000000000011110111111111100100
11111111111011100010010000110011
11111111111100011000100100111111
00000000000010111000010100111000
00000000001001000100011101110110
00000000000100011100110100001100
11111111111000100100101111110110
11111111110011101010110110101101
11111111110111111110010011101101
00000000000100010110001110000001
00000000000110010111101010001111
00000000000101111010010010101111
00000000000001011010100100111011
00000000000010001011001000110110
11111111111111100000110001000000
11111111111000010100010010110101
00000000000110010100011110000000
00000000000111111100110000011000
00000000000010111010111100101010
00000000000000100110010010101111
11111111111010011001011001010111
