11111111111111111111110001000011
11111111111111111111100010001000
11111111111111011111100110001111
00000000000000011001101011100010
11111111111101011111011000100011
11111111111110001110110110111000
11111111111101001010110000001100
00000000000000110111011011110100
11111111111111010011000101101011
00000000000000000010011101011000
11111111111111011111011100110000
11111111111110010110010010011111
11111111111100001110000011110011
11111111111111110010011100100110
11111111111111100010010000110111
11111111111110010110110101110100
11111111111110100001000010111110
11111111111110000101010101000001
00000000000000010111000101000011
11111111111101000111101010100001
11111111111100111111000001111100
11111111111111100100000000001000
00000000000000000100010010010100
00000000000001000111010011100010
11111111111101111111000101000100
00000000000001010010111110111000
00000000000010010110110011010011
11111111111110100110000011101011
11111111111110101010000011001100
11111111111111010000011010100111
11111111111110011010011101110100
11111111111111111101100100010101
00000000000000111011110100111110
00000000000010000110011101011000
11111111111100001111110011000111
11111111111110010001011011011110
11111111111111001100100110010010
00000000000001000011001011101100
11111111111111110000101110011010
00000000000001101101011101111001
00000000000000000101101111100111
11111111111111110011111110001111
00000000000001100000001000001111
11111111111101100000110101011100
11111111111110101111101000000011
00000000000001011100010100010011
00000000000010001010111100110111
11111111111111110000100011111111
11111111111100100110100010000001
11111111111111010111000101111011
11111111111110101101111001010101
11111111111110111100100101001010
00000000000001010000000100101001
11111111111111000001001010100111
00000000000001110100010011011011
00000000000000100000011000001011
00000000000010010001100011110010
00000000000001011001100010000101
11111111111100110001101000001001
11111111111110000110110001110101
11111111111101110100110101110000
11111111111111110111000010011110
00000000000001001010110101010010
00000000000000001011110110111101
00000000000001111101010110001111
00000000000000101101101110011110
11111111111110001101100111011111
00000000000001010000100000000000
00000000000000100101111100000111
11111111111101100010001101010110
00000000000001010011000110011101
11111111111111001110100101101000
00000000000000001000000011001110
00000000000001100001001101000101
00000000000000011000011100011101
00000000000001101000110100011111
00000000000000011100010110010110
11111111111101101101000000110110
11111111111100010110010001001011
11111111111100101011001111001011
00000000000000011001000011110010
11111111111111110101001111001011
11111111111101111101110101111111
00000000000001101101111000011101
11111111111111110101000001011001
00000000000000101110010110110000
00000000000001111001100110010011
11111111111100101111010111011011
11111111111100110110101100100101
11111111111110000101001100100000
11111111111101101001110110010000
00000000000001000100101110000001
11111111111110001011111110110011
00000000000000000000001011010001
11111111111110100010010011100001
11111111111111100111011001110010
11111111111100110110011010101101
11111111111111101110000101011111
00000000000000010111011111100011
00000000000001001001110000000010
00000000000001110110110000010011
00000000000010100001100001011010
00000000000001011111011111111000
00000000000000001101010000110010
11111111111101100100001010011000
00000000000000111011001101000110
11111111111100001111001111010000
11111111111110010010011011011110
00000000000010000010000001100010
11111111111111110101000110001000
11111111111100110001000000011100
00000000000000011101101101011101
00000000000000001101111110101011
11111111111111100011111100011100
11111111111111100100110100001111
00000000000001100000001011100000
00000000000000010000001011101010
11111111111101100101000101011100
11111111111101101101101111011101
11111111111100110010101011001010
11111111111100101110011001101100
00000000000000100000011001011100
11111111111101110000011100001010
11111111111101010000010011110000
11111111111110110111110110111101
00000000000000111011000000000001
11111111111110010111010011011000
11111111111110010100110110101010
11111111111111100010101110011100
11111111111111101010100101101111
11111111111110011001110100011110
11111111111110110011010110011010
11111111111101001011101101100011
00000000000000010000001001001110
00000000000010011001000000110110
11111111111111111001011101010000
00000000000001111101000101000110
00000000000000111000011000001111
11111111111110010001100000010110
11111111111111101010101100110101
11111111111111000011010101010010
00000000000000010101011100111110
00000000000001100111111010001000
00000000000010101110011000000110
11111111111110110000011001111111
11111111111101011111111100011011
00000000000001000001000001011001
11111111111101100110010111000100
11111111111110011100100100010111
00000000000000101100101011001011
00000000000010011001010111010110
11111111111101000100001001001101
00000000000001100010000111100011
11111111111101111011011110011101
11111111111101110100011010100000
00000000000000111101010010101100
00000000000001111101101101110000
11111111111110001000101010011001
00000000000000110001011101011110
11111111111110111001001111100101
11111111111111000110111011111111
00000000000000111000100011010001
00000000000000110100011000100000
11111111111101101111000010011111
11111111111101000110110100110111
00000000000000110010100011001110
11111111111110110010100001001100
11111111111111111100010011111000
11111111111111111010011111000000
11111111111110101011101011100010
00000000000000011000111000011100
11111111111111100000000010000001
00000000000000100111100011000111
11111111111101001100010111111001
11111111111100101100001110110111
11111111111111101001101110010011
11111111111110001100101110111001
00000000000000100101000000010101
11111111111110101101110100111100
11111111111111100011100111011010
11111111111110010111010100110101
00000000000010111111110011101101
11111111111110101011101010000011
00000000000011001011111011011101
00000000000001100100110111000001
00000000000001000101100111110101
11111111111110101001110011111011
00000000000000010101100010001101
11111111111111010111010010001011
11111111111100111000111011110001
11111111111101101011101010010011
00000000000001010000100110010001
11111111111101000001101010011111
11111111111111111100011111111111
00000000000001111101111101110011
11111111111100111010101110100101
11111111111110000101100000101000
11111111111101001110101010100101
11111111111101010011100111100111
11111111111101011000001010101001
11111111111110100001001001111111
11111111111100010000000110000100
00000000000001100001001000000101
11111111111110100100010011011000
11111111111100001100000111001100
11111111111100110111011001001101
11111111111110000000111100010100
11111111111110000011100100100100
11111111111101101001101111011010
11111111111100010001111100001000
11111111111111110100110011100010
00000000000010001010111011000101
00000000000010000001111010001111
11111111111110001001100000111100
11111111111111000111110101100000
11111111111110110000100001010010
11111111111101010110000100111001
11111111111100101101001010100100
00000000000010100000000101111001
11111111111101110101011101101100
11111111111111111100000111000011
00000000000010011011101111000101
11111111111111001111100100111111
11111111111110100011010000101010
11111111111100100010000100111011
00000000000000100011001111101010
11111111111100011100100010111011
00000000000001100000000001000111
11111111111110110000101010111111
00000000000000010110110100110000
00000000000000001111111101001110
11111111111101010011111011010001
00000000000001111001011010001100
00000000000000001011000011100011
11111111111101011110110001011001
00000000000000101100100000100000
11111111111100001001100111110100
00000000000001001010101110000110
00000000000001101000001000100100
00000000000001011000000001100110
11111111111100001110010011000010
11111111111111011100011111111101
00000000000001110110111000001100
00000000000000000110011111010111
11111111111100110000011101001011
00000000000001101011011010010101
11111111111110000000000000100000
00000000000010001110010000110110
00000000000010100001011001110000
11111111111100100110111100111001
11111111111100101110011100101011
11111111111111111011010111000101
11111111111101000110100111010000
00000000000001000010100010101111
11111111111101010100110101010000
11111111111101010010011100011001
11111111111110111001100001001100
11111111111110000100001010010001
11111111111101011010110000101100
11111111111111111111000001001000
11111111111100110100110001110110
11111111111100111110100011110001
11111111111110011101101000110001
11111111111110011110011011000000
11111111111111000001100001010110
11111111111111110000000100001011
11111111111100111101111100000101
11111111111110011110000000100011
00000000000001110100011100010100
11111111111101010110111001001001
00000000000010011110100010000110
00000000000001110100011101110111
11111111111101010110110101110011
00000000000000110110101001110001
11111111111111101110000011010011
11111111111101110010001001110100
00000000000000011011010010101101
11111111111111010100010100010110
00000000000001011001000001011100
00000000000010010010110110111001
11111111111101110001011000110111
00000000000000110100010111001111
11111111111111011011010010001110
00000000000001110001100010111101
11111111111100110000111100100111
00000000000000101100111101101101
00000000000000010001100001010010
11111111111100100110100100100110
11111111111110110011000111110011
00000000000010010100111010010011
11111111111100100111111001110011
11111111111111100111110100001011
11111111111110000000010111100001
00000000000010011000011000000110
00000000000001001001010111001110
00000000000010000000001101001010
11111111111101100001001110001010
11111111111110000000101011110111
11111111111111010011011101111110
00000000000001101011001001110010
00000000000010011110100110000001
11111111111110010010110101001110
00000000000000111111001110010111
11111111111101111011111110100010
11111111111110110101111011000011
00000000000010000010111100101001
11111111111100011101100100010111
11111111111111111001011100001010
11111111111101011111101100111101
11111111111111001001101100111011
00000000000000111101100000100110
11111111111100101010010111100111
00000000000000010111001011110011
00000000000001101000111001110000
00000000000000001001101111001110
11111111111100010011110011110111
11111111111110101100001110010101
00000000000000111011111001100101
11111111111111100010011101110110
00000000000000000110000110010110
11111111111111100101110011011100
11111111111110011011111110011110
00000000000001011110100111010010
00000000000001011100100101111111
00000000000000000001011011001101
11111111111100010001011101000110
11111111111111011100011101111010
11111111111101011000101111110100
11111111111110010001101011011110
11111111111111010110111010011011
00000000000001101010110100011011
00000000000010011011100111111011
11111111111100001110001110010110
00000000000001011101110000100110
11111111111110011001000000000010
11111111111100011110001110001110
11111111111110100000000001001101
11111111111101001100011001110001
11111111111110111101000110101101
00000000000001101100011110001001
11111111111101010110110101001100
11111111111101011011011001111111
11111111111101110110101100000101
00000000000000011001111000000010
11111111111101100110100010001001
11111111111100101001111001010111
11111111111100011010101110101110
00000000000001011101110101011010
11111111111111000101010001010000
11111111111110100000000010000110
00000000000000001000010101001010
00000000000001011100011011110011
11111111111110110000011100101000
11111111111110111011111001100011
11111111111110100111001010110001
11111111111100101011011110101011
00000000000001001010101000011000
00000000000010100001001000101000
00000000000001111110111001101001
00000000000000110111000000110100
11111111111110000111100100010011
00000000000010011000111010000011
00000000000001001100000101001111
11111111111111101101111000101001
11111111111111000001010001001110
11111111111101111010110110110111
11111111111100101000110110001000
11111111111101101100100111110111
00000000000010011011000001010000
11111111111111100100001110010110
00000000000010001101011100100011
00000000000000100010010011011101
11111111111101110110110111101011
11111111111101110001100001011010
11111111111110001010010010010011
00000000000000100010111101101011
11111111111101110010010110101100
11111111111101110010011111011100
11111111111111010110111111001110
00000000000010010000100111011011
11111111111100010010101011001011
11111111111100001110000100110110
11111111111101101000000111001101
11111111111111100001010001000101
00000000000000000001101010000010
11111111111110001001100001011010
11111111111101110110100110001101
11111111111100001111000110100101
11111111111101011100100001101100
11111111111100110100110000101111
00000000000001001111100000010000
00000000000010100000010000001000
11111111111111100110001000001111
11111111111111010010010001000000
11111111111111101111110100011000
11111111111110110000100100111000
11111111111101011010101000111111
11111111111101010101011100001011
11111111111101001100011011110110
11111111111101001101001010110000
