11111111111101101111111101100111
11111111111011010110100001100101
11111111110111100101010101110101
11111111110011010101111100001101
11111111111101010100001011011000
11111111111101011001110010011010
11111111111010111000011101000111
00000000000001100000010101011001
00000000000100100101100010011101
00000000000000000100001000100001
00000000000100100111101101000001
00000000000101111111101111100111
00000000000110001011011100110001
00000000000010111110010010110011
00000000000001110011101000000110
00000000000100100000101110010011
00000000000010000111110010010101
00000000001000010100010111110110
00000000000000001110000011011000
11111111111101000110001111011001
00000000000000100000001101101101
11111111111110010011101101010100
11111111111101100111000100100001
11111111111010000011101001110101
11111111111010001010001001001010
11111111110101010111001111101001
11111111111010001000010111010111
11111111111011101010111010101111
00000000000011010100010011100100
00000000000001101110101010111110
11111111111111000100110001001111
11111111111100011001111100000000
11111111111001100100100001001101
00000000000001011001010000010000
00000000000010010011001000100000
00000000000001011110001111011001
11111111111001011110101000111100
11111111111101000011001111100110
11111111111100101110100110101100
11111111111101100110101011111110
00000000001000100001001010101011
00000000000010101101110000011001
00000000000110000011101110001111
11111111110111101110011000101101
11111111111100001010010111101010
00000000000101010111001001111011
00000000000011010101000100010001
11111111111101010101111010010110
11111111110011001111011101101000
11111111111100000100011001011000
11111111111100010011100001100011
11111111111011101011101011101111
00000000000000100111110111000010
11111111111000011011000100010100
11111111111100001010000000010110
00000000000000100000100011101101
00000000000001010010110011100011
00000000000010111011011110010011
11111111111000001001100001001101
11111111111001110001000100111111
00000000000000000111110011001001
00000000000111000101100000011001
00000000000110001001010011001101
11111111111100011001010111011001
11111111111100011010110010000010
00000000000101110011110100101011
00000000000010111011001100101011
00000000001000000101101001000111
00000000000110101100000110110001
00000000000001011001001000111011
11111111111110100100011000100001
00000000000100010011101001010110
00000000000111011100111011011010
00000000000100100000000011010110
11111111111101000011010110101101
11111111111010101100011011011000
11111111111100101000111001001000
11111111110111011110000111001101
11111111111001011010100101011001
11111111110111011110001110011010
11111111110110110001011100110101
00000000000001010101001000010011
11111111111001011101000111111011
11111111111100111110001101010011
00000000000010000000010100100010
11111111111101110101111000101101
11111111111111101110100011101010
11111111111010101111100000011000
00000000000100011011101010000011
11111111111111110000111000100010
00000000000110110010110000010110
00000000000010000011111000100100
00000000000010010101110100111100
00000000001000101101111001101000
11111111111111010011011010011110
00000000000101001000101001011101
00000000000011100000111001111000
00000000000001011100110000011110
00000000000010111100101000011100
00000000000000110111110011101110
11111111110110001011010101100101
11111111110111100001010000011011
11111111110110011101011111101000
11111111111010101111110100111011
11111111111011100101111101110000
11111111111100001010010110111111
00000000000110011001101011111010
00000000000110111001110010111101
00000000000101011010011101010001
00000000001100000000010000111111
11111111111110101110001000100010
00000000000101001000101001110110
00000000000110110101001000110001
00000000001001101011001111010011
00000000000111110010011101100001
00000000000011000000001011101100
11111111111100010010100110111101
00000000000010010111110011001001
00000000001010100011010111010110
11111111111111101000110000111100
11111111111101000010011000010101
11111111111100010010111010000001
00000000000001001001101100111111
00000000000101100001010010000010
00000000000011011011111101011110
00000000000010010100110011110100
11111111111110110110100001011001
11111111110111101110100101000101
00000000000001011100100100011101
00000000000110010111000011101010
11111111110111111111101111001000
11111111110101101011010110101000
11111111110101011101100111001111
11111111111111011000101100010101
11111111111110100101100110001111
11111111111101100100011111001110
11111111111100100110011100100101
11111111111001110000001100101111
11111111111111011011000010010110
00000000000001000111100000011100
00000000000011000111100001011000
00000000000010100000100101101001
00000000000100101000111101001001
00000000000010011010111110100110
00000000000111011000011010001011
00000000000100100101100100100000
00000000000000100100010100111111
00000000000010001011101101010000
00000000000001010101000001011101
00000000000001111111000111111100
00000000000010011110100010010111
00000000000011010101011100010001
11111111111101001111111101001011
11111111111011001001001011011101
11111111101101011000110100011101
11111111111001010100011001111011
00000000000010000111100000111000
11111111111110111001101010000101
00000000000111110110000011111000
11111111110100100110011001111110
11111111101010011101111110101011
11111111111111110011011001110111
00000000000010111111001010010000
00000000001000011001101000001000
11111111111000010010110001110011
11111111110011111100011111110011
00000000000001010111111001110100
00000000001000011100011110111100
11111111111100111101101101010001
00000000001000111100000101011110
00000000001001011110100100011100
00000000010000000101011011110110
00000000001100110000101011101011
00000000000010100110001111000010
11111111111101000101010011010100
00000000000111011110110101101100
00000000000100100010001101010111
00000000000000001111011011111100
11111111110110110101111011110011
11111111111010101010001110001101
11111111111111011000110111000001
00000000000010010001010010011101
00000000000011110001011000101011
00000000000110110010111100110010
11111111111000101100001010010110
00000000000100111011001011100111
11111111111110001100100100100111
11111111110111100101011000111111
11111111111101001010100000101100
11111111110001111110001110101110
11111111111110101101100100111010
00000000000000111011001011101100
11111111111010000100101010011010
00000000000100010011000011100100
00000000000110001101101010111000
00000000001000011000011100111111
00000000001110101010101010101111
00000000000110001011110110001010
00000000000110000001100110011110
00000000000010101100001110100000
11111111111101011001100110001100
00000000000010001011001111000111
00000000000111010100001001100111
11111111111111010010010110001110
11111111110100101101001100001010
00000000000101000111000011000110
00000000000101010001100101001100
00000000000110000111010000001010
11111111111001101100110110011010
11111111111011011100101001011001
00000000000110100101101101010100
11111111110111011011101001011110
00000000000010010110110001001111
00000000000011010110100001011010
00000000000000100101101011101001
11111111111101111110111110011011
11111111111100100110001001111000
11111111111101011000111001100110
00000000000001111000101110111011
00000000000001011010100010010011
11111111111100111011100010001011
11111111111011000001101111000011
11111111110110100101011110001001
11111111110100011011111101110110
00000000000000111011101011010010
11111111110101000000010010100101
11111111111000010000111111000001
11111111111110010000001010101111
11111111111001111011000101000100
11111111110101111011001000111101
00000000001100001010001000000001
00000000000101010010100101100111
00000000000010110111001011001101
00000000000000101010110001001111
11111111111111110101110000011111
00000000000101111010010110100001
00000000000010110100000101111001
00000000000010110101000100101110
11111111111111001001000111001010
00000000001001100110000110001011
11111111111111010101000000111001
00000000000000000010000100100101
00000000000000101101001110110101
11111111111001111110100010000010
11111111111001111101101100001110
11111111111110110101100000101111
00000000000010101001000011101010
00000000000001001010100001011111
00000000000010000001100010010010
00000000000001110110111011100101
11111111111100010000010011101011
11111111111101100010000110011111
11111111111100110000110011111101
11111111111011101010000001101111
11111111111101100101110000100110
11111111111010110100011011110000
11111111111110101011010101100001
11111111111010110001011011101111
11111111111001011011001000100111
00000000000000100011101000111000
00000000000110110000000101101010
00000000000111110110100110011101
00000000000010010101111010010001
11111111111011110101100101000010
11111111111110101101100001101011
00000000000101111001000011111101
00000000001000101100100001111011
00000000000010000101010111010111
00000000000000110010100101101101
11111111111110110011101101110101
00000000000100111000111101101010
00000000000101100110100100010110
11111111111111101101100110111000
11111111111101111001001101011100
00000000000000100101001111011101
00000000000001011100101101000100
00000000000011011001011011111001
11111111111011111011111110001001
11111111111101110010001010011010
11111111111011011110011100001111
11111111111001011100010011111100
11111111111111101101011100111010
11111111111101100000010011000000
11111111111011101101011110111101
00000000000000001111100011110100
11111111111101101111001110100001
11111111111111011000100101111110
11111111111101111011100101000011
11111111111111100001111110110001
00000000000000001010111010101110
00000000000011101000101000011011
00000000000110011001011110111111
00000000000000110101110100110110
11111111111110010011110110000101
11111111111111110011110101100100
00000000000011101000001111101010
00000000000001010011011101001011
11111111110100110101110000100001
11111111110100111011011111011101
11111111111110101000110101101101
11111111111101011010111011110010
00000000001011000100000110001000
00000000000110100001011000110010
11111111111111000011000101101001
00000000000001100000100110100011
00000000000011010111110000000100
00000000000010011010001110000101
00000000000001111001011000011100
11111111110101110001101111101101
11111111111000111111000110111101
00000000000100101111001000101011
00000000000001000100100001110000
00000000000010011110111110011010
11111111110110111011100101001011
11111111111010010011101100010101
00000000000010011010001101100110
00000000000001100111100101001101
11111111110101101101101011011011
11111111111001001011111000101111
11111111111101110010001101110000
11111111110101000001100011000111
11111111111000000010001110001100
11111111110101101110110000001001
00000000000010011100000100000011
00000000000010111101001110001011
11111111111011000000100100101001
11111111111100110110100001100001
11111111111111111100000111110110
00000000000100101110001001110101
11111111111101000001100001100111
11111111110100011101010011011110
11111111111000100111110100111000
11111111111100111011111011010100
11111111111111001010010110000111
11111111111100010100001011100110
11111111111000100110000110111100
11111111110011100000111001100111
11111111111101110110011001111101
11111111111110111000000001111001
00000000000100000100111011101001
00000000000011000000001110000110
00000000000011101000100110100100
00000000000111000100100000010000
11111111111110010110100100001110
00000000000010011011011101100000
00000000001000011101100000011000
00000000000101111011000001000100
11111111111101011001111111000110
11111111111110101100100010100001
00000000000110001100011100111000
00000000001100100100110100101100
00000000000111111011010110111001
00000000000000111000111000111010
00000000000110001110101100010110
00000000000010100001101111010000
00000000001100000010111001000010
00000000000001000011011100111100
11111111111101011010000001000100
00000000000100101111000010111100
00000000000101100000000001110000
11111111111010110011111000011000
00000000000010000001010111110011
00000000000100100110101011000001
00000000001010110010010010100110
11111111111111111110000010100011
11111111100011101110001000111101
11111111110100011101110010101110
11111111111010110010000001101100
11111111111110001111100110110000
11111111111111110000011111001110
11111111111100101000101111110100
00000000001001100100000110001111
00000000000001000111101100110111
11111111110010101110010110001101
00000000000010011011111110101101
11111111110110001111000100101111
11111111111101010110000011101001
11111111111000000101011000000101
00000000000001011000010011111010
00000000000001110011111011010011
11111111110000011101111000110010
11111111110010000011101111110100
11111111111110010100010000000110
00000000000011100011010110001100
00000000000111100110110011011101
11111111110001011001100101011011
11111111110101001110110001110010
11111111111011100010010010101001
00000000000001011100001011111111
00000000001000110101010001100010
00000000000100101101010111111001
00000000000001001111101000101101
00000000001000100010101101101001
00000000000100000011100000001000
00000000000010000001011011011111
00000000000110101111010011111110
00000000000100111100111100101010
00000000001010111111101010110111
00000000000101011010110000001110
00000000000011011010111000000111
