00000000000101100000000011001111
00000000000111011101010111111000
00000000000100110001110010001110
11111111111111110001110100000110
11111111110110111100001101101011
00000000001000000010110100100010
00000000001000011100100001100101
00000000000101100011010100000111
00000000000010001010101001110111
11111111111110111000011111110111
00000000000010111111111110110110
11111111111111111101110100111001
00000000000000010101001000111000
00000000000010110111011010010110
11111111111101010000001100100111
11111111111111000101101010111001
11111111111011010111010100111011
00000000000001101010111101000111
11111111111111000110011110000100
11111111110011110101011101111001
11111111111101011001110101111001
00000000000110101110111100111010
00000000000010110100101111010000
11111111110111101001110100100100
11111111110100000101110001110110
00000000000010100000101011000100
00000000001010011000110110001010
00000000000001011001010110100101
11111111111011110001100101000101
00000000000100110011000001001001
11111111111110010011000110010000
00000000000111010001100111000110
00000000000011010010011000101110
11111111111110011100000110010111
11111111111101011000110010001010
00000000000011000110111011011010
00000000000101010000000110001001
00000000001001111001000000110100
11111111111100011111011101101111
11111111111001101001010001001010
00000000000011011100010111000001
00000000000010100110010111011011
00000000000100010101011101100011
00000000000101000001011111100010
11111111110111100100110101011010
11111111111110011111000110110100
00000000000000000000000101000001
00000000000100101001101101001111
11111111111011101000111110001011
00000000000000101110111101110101
11111111111010111110101000010110
11111111111100001100011101110011
00000000000001000000000101011100
00000000000000010100001000010011
11111111111100110111110011111110
00000000000000001001100001110001
00000000000000001011001010110010
00000000000110010111011001011001
00000000000101110101000000010011
00000000000101111011111111011111
00000000001010001101001000000011
00000000000101001011101101110001
00000000000101110011000000000010
00000000001001000100100000011011
11111111111101111010010011110010
00000000000011011110100101110011
00000000000100011011011000001101
00000000000000111011010011010011
11111111111111111011101110011000
11111111111011010110111111101011
11111111111100110111100101011100
11111111111000111001001100011101
11111111111010011011010010110111
11111111111110010001111011110100
11111111111100010100001001010110
00000000000001110101100010110101
11111111111000000000100111100111
11111111110100010101111010001000
11111111110101110101100111011100
11111111111010001010001110111100
00000000000110011100101000111100
00000000000010101111100110111010
11111111111010110001011110000011
11111111111001111001011001001001
00000000001011101000101001001010
00000000000111111111011001000000
00000000000011000101100011000101
11111111111101110110001010110011
00000000000001000011110111000110
00000000001111110000011111001111
00000000000100111010101100100001
00000000000011010110100110100100
00000000000110001100110100101100
00000000000010000011011001001110
11111111111111101101011101000100
11111111111110101110100111101011
00000000000010101000111000111110
00000000000100011001101100000100
00000000000100100000101101000010
11111111111000100111001101100100
11111111110011000111100100001110
11111111110011101011111010101101
11111111110111100100101100101001
11111111111001111000110011110001
00000000000100010001001010010001
00000000000001100110110101101100
00000000000100000011101110010011
11111111111111011001010011000101
00000000001001101000101110100001
00000000000111101111110000100011
00000000000111011011101011100100
00000000000101010100010110111111
00000000001010111000111101001110
00000000001000100000001100111010
00000000000001101010111100111101
11111111111010110100101101111101
11111111111100001000001000010111
00000000000001100101011110001001
00000000000000001110110011011110
00000000000000000110010001011010
11111111111010000001010010100111
00000000000001000011000101001010
00000000000000101000001000100010
11111111111110011001110110110000
11111111111100110111111011011110
11111111111111001001110111001011
11111111110101011001010111010111
11111111101010100001001111100100
11111111111010011011100010001111
00000000000010110010001111101011
11111111111010010111101101011011
11111111110011001000011001010001
11111111110010100000111111000110
11111111111110100110100110111010
00000000000101000110100101101000
11111111111000011111000000111000
11111111111010000000011010000100
11111111111101110100110110000001
00000000000111000111011000011011
00000000010101111010010010010000
11111111111111010110010010010011
00000000000000011001010000000110
00000000001001001111001111000011
00000000001011111000111000011100
00000000000100000100010010111011
11111111111110001100011010001100
00000000000010100001100010100101
11111111111111111111111011100111
00000000000011010101000011111100
11111111110111101111100101111110
11111111101000101100100010000001
11111111101111011100101100001000
11111111110111111011000001001000
00000000000111000100001001000110
00000000001000111110000010101011
11111111100100111100001111001110
11111111110011011010010111010010
11111111111110111010110001010101
00000000001011000010100001110111
00000000000011000111110111001111
11111111111110110001001110101010
11111111111001000001100010000000
11111111111011011110001100001010
00000000000000101010001111100010
00000000000001101010000000011000
11111111110111110111100101011000
11111111110011110010111001111111
00000000000111011001111011111111
11111111111101010011100010000110
11111111111100010100000000110001
11111111111100100010001101001100
11111111111111000011010111111111
00000000000100110010000000011111
11111111111010010101011111011100
11111111111111111101111000001000
11111111111100111101000011010101
00000000000011010110000101100000
00000000000100011000001001101010
00000000001010100101110011110110
00000000001001111100001001110000
11111111111011110101100100110110
11111111111111011010000110010010
00000000000110010011010011100111
00000000001111010011100101100010
00000000010010011000100101101011
11111111110011100101100000001010
11111111111001111001101000001100
00000000000110001000001011111111
00000000000001010001000110100010
00000000001000101000010000110100
11111111111000111101111011011100
00000000000011000000101110100100
00000000000000101001100110111100
00000000001010000100100110011111
11111111111110100011010001100001
11111111101111010011101011011011
11111111110000010101011101011111
11111111111110001001111101100111
11111111111010100010110011110111
11111111111010110111100111110110
00000000001111001101100001000100
00000000001111110000100001001101
00000000001110000101101100000010
00000000001000101101011000110000
11111111111110011111011101110101
00000000000000011010001101111011
00000000000001111011000001010010
00000000000110100010100000000101
11111111111110101000111100010100
11111111111110101111010011000011
11111111111110011101110001001111
00000000000000011101001001110001
00000000000100010011011100100111
00000000000000011101101001001111
11111111111001101011110000110001
00000000000001111100101111100111
00000000001000011110010001100001
00000000000000111000101011111010
11111111111001100000000001110100
11111111111101111110010000101001
11111111110110111010010101100110
11111111111100100100101010010000
11111111110110100000011011101100
11111111111011000011100010110111
11111111110001000011010110110010
11111111110001001000011100110101
11111111110101110001111101000100
11111111111010110101111000110111
00000000000000100110111101000011
00000000000100010010110001110111
11111111111101100110000010101010
00000000000011010100001110011001
00000000000001100100100011011010
00000000001011000010011001011001
00000000010011100111000111001100
00000000000001110100000101001110
00000000000001111111111010101001
00000000000110100101101100001001
00000000001010010101110000111001
00000000000100111000110001010000
00000000000100111110000010111101
00000000000001011010111111100101
11111111111101010010110110010011
11111111111100001111000100010111
11111111111010000100101001010011
00000000000100100110000010001100
11111111111110110100001101110001
00000000000010101110000110101010
11111111111101100100111111100110
11111111111111110111111100010000
00000000001000001100011101010010
00000000000100111000100111101011
00000000000000010000101010010101
11111111111101111000100000010110
00000000000010011001110110101111
00000000000000100010001111010010
11111111111111011001110011100010
11111111111111010001110011000011
11111111111101011100111010011110
11111111111100001000100001110011
00000000000111111000010011101110
00000000000111000001100110100000
00000000001001011001101101011001
00000000000011001010110100010011
00000000000000000010110011010001
11111111111111100101011001010011
00000000000001011001110011001100
00000000000011101000010100111110
11111111111111100101011010101111
11111111111011111100110101100000
11111111111011000011110110010110
00000000000000110010101000101101
00000000000101011100001100011101
00000000000000000011001110110010
11111111111100000010100011101001
00000000001101110010000001011010
00000000000101101011011001001000
00000000000001111111111000101100
00000000000010100110110100000010
00000000001001111111011100010001
00000000000101100001001011010001
00000000001000101011000011011010
00000000000000110110000100010011
11111111111001000110110111001110
11111111111010111101110110000100
00000000000000111010001000111111
00000000001010011011011001101111
00000000000000010110100110111111
11111111111011001001110110101111
11111111111101110101111101010000
11111111111110100111110101100110
00000000000100111011010000111100
00000000000111101001011110001011
00000000000001110100010011101101
11111111111011000010111000110110
00000000001001001111100111100011
00000000000101111100000101001111
00000000001001111000001010100111
11111111111111001010101010011101
11111111110101011010100011000111
00000000001001010110000000000000
00000000010100110100001110101000
00000000001011011011001000111101
00000000001010000001000010011010
00000000000001011100101111000100
00000000000110001100110001110011
11111111111101011000011010010011
00000000000010100001000101001100
00000000000100100100110001100100
11111111110111111000011001010110
11111111111101000101111010110110
00000000000110001010001010010101
00000000000010000110011111101100
00000000000101010100101010100101
11111111111111001111010101100001
00000000000110010101010001111001
11111111111111010101000111111011
11111111111110011101001001110001
00000000000010111111111100101101
00000000000100010111111100110101
11111111111000111101010010010001
11111111110100110011010011100010
11111111110110101101110110101110
00000000000100010000010110111111
11111111111011111010100101111100
11111111111100011101001011011110
11111111110001110010101011011101
11111111110000111100001001101101
00000000000010110010100111010011
11111111111100011010111110011001
00000000000010010101111110100111
11111111111001101111101111000110
11111111110001000101111111100100
11111111111000010000001100001110
11111111110001100111110111001111
00000000000100101010001111111101
00000000000011011101000000110111
00000000001001101100010001100000
11111111101111011010111000100001
11111111111001011111000101100010
00000000000101001010110001110111
00000000000100001111010110001101
11111111111110100000000000011110
11111111110110000000000100000001
11111111110111000110001000000110
11111111111111001011001101010110
00000000000101110000110010111111
00000000000010101101011000000111
11111111111101110100011101010000
11111111110000011010101011001111
11111111111001100000001111000010
11111111111101000001110101001010
00000000000110001010010101101101
00000000000111011101101011101111
00000000001000110000110101010000
11111111101001100101000010101101
11111111111001010110110111111011
00000000000110000010110100100001
00000000001010010111110000100110
00000000001001001010100001110110
11111111110000001100001110101100
11111111111010001110100010011101
00000000000110101000000001011011
00000000001010010011010100101100
00000000001000110010010110000100
11111111110101100000111110111101
11111111111100100000101110101011
11111111111100010000111000000011
11111111111110010110110111010011
00000000000011101110010000001000
11111111110101001001110101011000
11111111111000100001000001101111
11111111111111001011110010000000
00000000001000011010001100011000
00000000000000100011010111110000
11111111111101110110010101100001
11111111110001100100000100110100
11111111110100000110111000100010
11111111110010110101110001010111
11111111111100100100000111110100
00000000000100101101001101101011
11111111111101111100011000100100
11111111110000111100110010010010
11111111110011011100111011011010
00000000001000001010110001111111
00000000000010001100011100001110
00000000000011100101110101110000
11111111111110001011001001100111
11111111111011110010111100101011
00000000000001011011011011000101
00000000000101111011001111100000
11111111111111100100100011100101
00000000000100110011010001100010
00000000000110010011101000101100
11111111111000111100001001101010
00000000000110001100111011111101
00000000000110011000101111001001
00000000000001101011101100101010
11111111111010010100001001100010
00000000000000000010010101000110
