11111111111100001001000111010100
11111111111101010111000010101011
11111111111110000110110010010110
11111111111101010100010010001101
11111111111110111011010100100000
11111111111110000110010010001111
11111111111100100000101011110000
00000000000000111011101111011001
00000000000000011101101001000010
11111111111100000000100010000010
11111111111101010111100001110011
11111111111011111111011010001011
00000000000000110100011111111010
11111111111101011001011001111101
11111111111111010001010001000101
11111111111100100110010100100001
00000000000001010101000100001111
11111111111101110001110001111101
11111111111110000010011100101100
11111111111100100110101001001000
11111111111100100101001000011011
11111111111110100110100000010011
00000000000000101110100011111101
11111111111101010001110101111010
11111111111110010001111111001110
11111111111011100001110100001101
11111111111101101101100001010100
00000000000000011100100011111110
11111111111101010110101000010101
11111111111101101101110001000111
11111111111011000011110010011001
11111111111101010010101111001111
11111111111100011100100011111000
00000000000010001110111010101000
11111111111111011011100011000011
11111111111101110101001111100010
11111111111111010010001001011101
11111111111101111000000101110001
11111111111101001111111100000101
00000000000000101110110110010011
11111111111101110111010111000101
11111111111101100101110111100100
11111111111111101110001000000100
00000000000001101101101100010110
11111111111101111100100000010111
00000000000000111100001100001100
11111111111110000011101000101111
11111111111111001111011011100101
11111111111110111011010011000010
11111111111111111000000000111000
11111111111011011000111000010110
11111111111011000000111011010101
11111111111110110100100011101101
11111111111100101010110111110110
11111111111110111000010010001010
11111111111101010110111101101101
11111111111110010101100110010111
11111111111101111111111101111111
11111111111011110101000110010011
00000000000001010001101100011011
11111111111110111000000011101010
11111111111100101011110110011101
11111111111101101111111101101111
11111111111100011110000111011111
00000000000000001101011100101001
00000000000000010001001101000111
11111111111101101110000011011100
00000000000010010110001011101001
00000000000001000111101010011010
11111111111011100111100000001000
11111111111111101101001011100110
00000000000000000110010001111011
11111111111111101110000001110011
11111111111111100100100010100111
11111111111111100101110101101011
00000000000000111000001001000101
11111111111011111000111110001111
11111111111011011001100101001011
11111111111010100101100010011101
11111111111101111010110100010111
11111111111001101001110000000010
11111111111101000100101010011101
00000000000010001101000100110110
11111111111101101101111000000101
11111111111111001100111100011000
11111111111111001010111111000001
11111111111100001010011000101111
11111111111101111010111010101110
11111111111001101000010100100100
11111111111100001000000001111110
11111111111111110010101111010001
11111111111110101100011001100011
11111111111100011011100001110000
11111111111101111011100001101110
11111111111110101111100111011101
00000000000000010100110111101000
11111111111111100111000110000010
11111111111110000111110010010111
11111111111011001010100101111001
11111111111011100101110101000000
11111111111100011110000100001110
11111111111001111000111100011100
11111111111110110111001001100101
11111111111001011011101000011000
00000000000000101101001100001101
11111111111010001100100111011010
11111111111110111000101110110001
11111111111001110010010111111010
11111111111100001110011100010110
11111111111010011000101000111100
11111111111100100100111110100100
11111111111101010110001011000110
11111111111101011100100001100000
11111111111110100010001001000100
11111111111111011011000001101100
11111111111101111011001100110011
11111111111111101110010010000011
11111111111110010111000100101011
11111111111010001000101110001100
11111111111101010001100000011000
11111111111011011111110101100100
11111111111111100100111101100100
11111111111010100011101000101100
11111111111110100010011010111000
11111111111001010100010010001100
11111111111100111111110110111111
11111111111011011010101001110110
11111111111111110011011100001111
11111111111101100101111001101011
11111111111100000011001001001010
11111111111100000110111110101101
11111111111101010010011110111110
11111111111010011101010101101010
11111111111110111101000111111100
11111111111011111000011000010010
11111111111111110010111110000001
11111111111010100110010001100110
11111111111110000001101001010111
11111111111011100111110100100011
11111111111100111010100101101000
11111111111110001100110001100100
11111111111101001000010010010010
11111111111100011100100110010111
11111111111111110001010111001010
11111111111110101110110010100000
11111111111101000001100000011110
11111111111101011111000100101010
11111111111110010101011111110001
11111111111110001000110011010111
11111111111011111011100010101100
11111111111111001111100101011001
11111111111100101001010101101111
11111111111110011100001011010111
11111111111110010111010100101110
11111111111110001111001110001001
00000000000001001100011000010100
00000000000000111011001111000001
11111111111101000000000001010001
11111111111010100100100001011010
11111111111111100101011100111100
11111111111101011101110011011000
11111111111001111010101010001001
11111111111100111001001111111100
00000000000001010001101110010100
00000000000000111101001011111001
11111111111011110111101010011001
11111111111101011001111010011011
11111111111110101101101101001010
11111111111110100101001111001010
11111111111101101011001100111110
11111111111111010001101110110011
11111111111010110101111010110001
00000000000001100001100001010010
00000000000010011011100110111010
11111111111110110110010100010010
11111111111111011011010110011011
11111111111011010010001001001010
11111111111101001010010011000111
11111111111110111100110011101111
11111111111011110000110101000001
11111111111110010110000110110110
11111111111110110000000111100000
11111111111011111110011001001010
11111111111110110010011110011101
11111111111011101000100101011000
11111111111010101100000000100000
11111111111111101100101100000010
11111111111011111111111100101001
11111111111010010101101111001001
00000000000010100100000001011100
11111111111101010000100111010101
11111111111111011101101101001010
11111111111101100010111100110001
11111111111100111101001101011011
00000000000000010110011100111100
00000000000000011101010001100110
00000000000000000000001100110100
00000000000011001010010101110011
11111111111011001101100100001011
11111111111110101011000000010000
00000000000010001100111101010101
11111111111111010100110110100000
11111111111010111110010110001010
11111111111110100010100111101101
11111111111101111100010010001011
11111111111101011101110011000001
11111111111101001000011000001001
11111111111110001011010001111100
11111111111101100011111100001111
11111111111011010010100011001001
11111111111111101101010011111001
11111111111101101101110011111100
00000000000000001010100111000111
11111111111100101111110111011001
11111111111111010100000101010111
11111111111110100111110100010000
00000000000011000001111001001011
11111111111100111010111111001100
11111111111100011000100101001001
11111111111101111001010011000011
00000000000010010100110101011001
00000000000000000111010100001101
11111111111100111011000111100011
11111111111110100001000110001001
11111111111001100101110110011000
11111111111010011111111111000001
11111111111110000011011101000111
11111111111100010100011010001001
00000000000001110000000011110001
11111111111100100000010001100010
11111111111010010010001110000101
11111111111100000100000110100100
11111111111101011000011111001110
11111111111101001000010001011100
11111111111011001110100010110001
11111111111111011111011001100000
11111111111110000000011101100100
11111111111100100111100110001110
11111111111110000110110111011010
11111111111011110110011001110000
11111111111101110000010110010001
11111111111101110110001001111101
11111111111111100100101100101000
11111111111101111101000011111000
11111111111110011001100110100111
11111111111110110010111110110101
11111111111110100001111000111010
11111111111101110101110010110100
11111111111011001000110100110010
11111111111101111101011110011001
11111111111110111110100011111011
11111111111100100010101000011001
11111111111110110111100111100010
00000000000001000010010101111001
00000000000010010111010110101011
00000000000001000110110001001100
11111111111111101001000010011111
11111111111111000110011110010110
11111111111111111011101110110110
11111111111100110001001010011011
11111111111010011001001001011000
11111111111011100110100110000001
11111111111100110000111011001110
11111111111111011101001110111101
00000000000000010001010101101001
00000000000000101011100111011110
00000000000000001101011101011001
11111111111101111111000000100111
11111111111101011001011111010110
00000000000001110011001000011000
00000000000000101100000100111111
11111111111110100010110000001011
11111111111101111100000011011101
11111111111100100001100001111011
11111111111111111010010011011101
11111111111101100001100100010110
00000000000000110101010100001000
11111111111110000111110111100011
11111111111101111011010011011111
00000000000001100100011001010010
11111111111100011110110011100110
00000000000000011000111110111001
11111111111100101001000010111001
11111111111111000011011100111110
11111111111110010011110100101000
11111111111100110111000111011010
11111111111011110010011011000001
11111111111111111100000111100111
11111111111110100110101100101111
11111111111100011100010000100000
00000000000000001010011010011000
11111111111111001111101011011000
11111111111110111011100000100001
11111111111100010111111010011000
11111111111111000010101111110010
00000000000001011101101001101101
11111111111110011100010011001110
11111111111110110000111101010111
11111111111101000101100010110110
11111111111101101000110100000110
11111111111110110101100000101110
11111111111100101000100000111001
11111111111101010100011010011101
11111111111110010010110100110011
00000000000000110101101001111100
00000000000001110011000000011111
11111111111001100100110011100001
11111111111100000000001011011011
11111111111111010010101001010010
11111111111111100101110110011100
11111111111111111000010001011000
11111111111110101001110100000001
11111111111111111110110000001111
11111111111110010001001001110100
11111111111100101110001000011101
11111111111100100010011000001110
11111111111110001110010001000000
11111111111100111100111000000111
11111111111001100011011011111101
11111111111111000110101110111110
11111111111100011111101001111111
11111111111111000000000000001111
11111111111111001100111111101010
00000000000010001110101110000011
11111111111101100001101100111011
11111111111110000100101010001011
11111111111100110111011111110101
11111111111100110010110010010101
11111111111111110111100000010101
11111111111101000110010111111110
00000000000000011010000001010111
11111111111100100111110111011101
00000000000000011001001100010010
11111111111110101111101011010011
11111111111100111101101000000000
11111111111011110100111110101010
11111111111010101000000111000101
11111111111111100011110011111011
11111111111011101011101000000110
11111111111101010101101000110111
11111111111100100001110001001000
00000000000000000111101010011101
00000000000001100011110001101101
11111111111011100111001010111100
11111111111011000000100001000111
11111111111011111001011101001100
11111111111100111100001001000010
11111111111111001100011000110110
11111111111011011101100000000000
11111111111111101011101001011100
11111111111101101010110110010110
00000000000000011101101010011101
11111111111010111010101100011010
11111111111111001001000011110101
11111111111010101011010111100101
11111111111011110010001001001010
11111111111100110000101000001100
11111111111110010101010011111000
11111111111101111101100111011111
11111111111010010001101001100100
00000000000000101010010101110001
00000000000000100011010010000111
00000000000000011101111011111001
11111111111111110101101011100101
11111111111100000111101000000011
11111111111101110111110101101011
11111111111010100001101100000000
00000000000000000011000100100000
11111111111110011110100000101010
11111111111111001010010011001010
11111111111010011010100000001010
11111111111100100001000001001011
11111111111010001000100111000000
11111111111110100010011000111011
00000000000010010101010101101010
11111111111110100110110111100001
11111111111111000110000010110110
11111111111110111000000111000111
11111111111111111101000101100110
11111111111111111100111010111001
11111111111110010111101110111010
11111111111100111100001001101101
11111111111111001101010100010001
11111111111100101011001000001000
11111111111110101100011010101011
11111111111011011110000101011110
11111111111100010111010010010010
11111111111001101001111100010111
11111111111110100111100110110001
11111111111111001100010111101001
11111111111100111110000110001101
11111111111101010100101111101001
00000000000000001100011111000111
00000000000000110101011010110101
11111111111101001111110010110011
00000000000000101010001010100001
11111111111010010010100000100011
11111111111001110001100000001110
00000000000000000111111010110000
11111111111110010111000001011000
