11111111111001100001010010001010
11111111110110001011101010000100
00000000000100010001111111100000
00000000000110100001001010000000
00000000000011000010010001100111
11111111111111011100111101100110
11111111111111100101000010001001
00000000000101100010110000001001
11111111111011110100010000011110
11111111111010111111000111001110
11111111110111010001000100111110
00000000000000000100100111110110
00000000000001101110101001101110
11111111111011010110111111010110
11111111111101110101100010110110
11111111111000000010001111000001
00000000000001101001110101110010
11111111111001101110110001100011
00000000000100000010111010000010
11111111111000110101101011100100
11111111110100000101000110001000
11111111110111111110011010110100
00000000000000100011000010001101
11111111111101111101001000110000
11111111111101011010111100110111
11111111110101101010010100111010
00000000000001000111100110011100
11111111111110111001111100011011
11111111111010010100101011001101
11111111111010001100011011000001
00000000000001011011010010110011
00000000000101101110011111001100
00000000001011111000111110001010
11111111111000110001011000111100
11111111111000001001111000001011
00000000000111111001010100011110
00000000001000111001000011110001
00000000001101011101011011110011
00000000001001000100101010001011
00000000000101101011011001010100
11111111111111011001001001101110
00000000000011001001101100100001
11111111111101110100000110001010
00000000001000000111111011010010
00000000001010000001000111001100
11111111111111011011101101000010
11111111111100000001000001000011
11111111110110111001111001000011
11111111111111100001111111010101
00000000000101011100110001110110
00000000001001110100110011100000
11111111111011011001001000001111
11111111111111011110010001111110
11111111111101111000111100100000
00000000000111011100101010110111
00000000000011101001111000111010
00000000000001010100101011100001
11111111111001000100010100000001
00000000001000111111001011011010
00000000000011011110000100001001
00000000000000010101101111001011
11111111111101101010111001111101
11111111111101011000000000010110
00000000000111111000011110100101
11111111111011001011111000111011
11111111111001111000100000011110
11111111111110001001110111001010
00000000000000111111011000111010
11111111111110000010100101101111
11111111111010100001001101011001
00000000000010110000011111001110
11111111111111001001001001000111
00000000000100110011100001011111
00000000000110000111101101100100
00000000001001001001101111011100
00000000000110101100000110100011
00000000000011111111010101001000
11111111111101110100111110001110
00000000000101011000101101011010
00000000000010001011000101000010
00000000001010101000101100001010
00000000000001010100100100001011
11111111111110100010010001101000
00000000000000110010110100010100
11111111111011100010100111111110
00000000001000011000001101010011
00000000000011101010100000111110
00000000000101111011001100110001
00000000000100100110110101001001
11111111111110011000100000101100
00000000000000011000010001100110
11111111111100110000010010000111
00000000000010001000110100010101
00000000000100001111111100000001
11111111111101101101110010101101
11111111111011011100010101001010
11111111111000000010111001101010
11111111111111110000010100101001
00000000000000100001110010000010
11111111111011100010101110111000
00000000000001000101000001100000
11111111111110110101001100001010
11111111111111100000101110101000
00000000000000001011110110111101
00000000000100000101010001001000
11111111101010001010110010011101
11111111101000000110110011100010
11111111111010000011010010001100
11111111111010110011001111010000
11111111111000001001000111011101
00000000000110110100010010011001
00000000000010101110100000001100
00000000000100011000110101011111
00000000000010001101000011011011
00000000000101010011001101001111
00000000001011010011000011010101
00000000000101101010101101111100
11111111111111000101110000100110
00000000000011101000110110011100
00000000000100100001010001101001
00000000001011100110001111010011
00000000001100101110001100010010
11111111111110011000011001101111
11111111110101000001111001010000
00000000000000010011101111100000
11111111111111010000010110111101
00000000001110110011110111011000
00000000000111000011000101001010
00000000000110110010100000111111
00000000000000100011000111011101
00000000001011101000100011010011
00000000001011110011111110001010
00000000000000101000110101100110
00000000000001111000101100001111
00000000000000000111001001100110
11111111111100100111010111100110
00000000000010111001011001001111
00000000000110000001000110000010
00000000000101100000101100011100
11111111111111100001000010111000
11111111111011010100100101100101
11111111111110101100011001101001
00000000000000100001001111110111
00000000000001111110101000000011
11111111110110000000100101110110
11111111111011010000110011010100
11111111111010000111110101010110
11111111111101110111100110011000
11111111111011010001000111110100
11111111110010110011100001101111
11111111111101100101001111000011
11111111111100100010101100111010
00000000000010001100101011101111
11111111110011001100011100110110
00000000000100111110001111011001
00000000000011111110010101101010
11111111111111010010111010110100
11111111111010011001011001011111
11111111111001101010001001001111
00000000000110111111000011100010
00000000011110011010001110001011
00000000001011100000001100011101
00000000000010001111000011100001
11111111111100100000111011010001
00000000000111010110100010111011
00000000010010101010110010001010
00000000000111111101100011100000
11111111111101100000010100001111
11111111111101011001110101100101
11111111110100000111100011100101
00000000001101010110101001001010
11111111111010100111000101001011
11111111110011001011100000101111
11111111110111011110100000111000
11111111110111011011000100111010
11111111110111011110111010010111
11111111111010010000011101010101
11111111111101001110101000110110
11111111111101011111010101001110
00000000001011100110101001010010
11111111111011001100010111101001
00000000000001100001000100110111
00000000000010101000000101101000
11111111110100010110010011111011
00000000001011110110001000100010
00000000000000011010111010110101
00000000001001100101011100110010
00000000000101000001100111110100
00000000000111111100110100011110
00000000010111001010111011110101
00000000000000010100010001001110
11111111111100100111000010110101
11111111111011101111000101011001
11111111110010101010111001100100
11111111101001010101100110110010
00000000000100110100001111100100
00000000000101011100100000001011
11111111111110101000000001010100
11111111111010000011110110000011
11111111101111111110111100010011
11111111111110101101001101101101
11111111110111100101100110001101
11111111110010101100111100011001
00000000000101111010000100001101
00000000001010011000011111000101
11111111110110100010000111110000
11111111111101010111000001101001
11111111111101111001001010001001
00000000000111000011111001110001
00000000000011100000110010010100
11111111100010001010000110001011
11111111111110100001100111111101
11111111111110001001001100100110
00000000000110001101111100011100
11111111111110101111010110110100
11111111110000011001010010111110
11111111110110101000000111001010
11111111111100001001011010101101
00000000000011101100010011011110
11111111111011010101001011100010
00000000000000010010101100011001
00000000000100010101001101011011
00000000001111010111100010010011
00000000001000100111111001100001
00000000000011010000000011011100
00000000000101111111010100100111
00000000000101110101101100000000
00000000000010111111010100101000
00000000000100111111010011010001
00000000000011111101100000110100
11111111111001000110110110000100
11111111111100110101111000101000
11111111111101010101011100101111
00000000000100010010111001111101
00000000000011101000111011010100
11111111111110101110001110111111
11111111111111101101101000011000
00000000000010011010001110110110
00000000000100100111000001001011
00000000000001000111111011110100
11111111111010100010001111110010
00000000000001101001110000111011
11111111111100011101110000111111
00000000000101001101110101111001
11111111111010110010010110001101
00000000000000000100000001101100
00000000000001100010110111011110
00000000000011010011111110011000
00000000000011000000100101001000
11111111111010101101001100100101
00000000000100101010000000010011
00000000000001010011101101100001
00000000000001000010100010001000
00000000001000111111011110011001
00000000001000000100110011000011
11111111111110010101111110101100
11111111111110110000101110011110
11111111111111111011010001010100
00000000000000110111100011101000
11111111111111101100010100110001
11111111111011000110101010010011
00000000000011111011011001100111
11111111111010011110100110010111
11111111111110011001001010101111
11111111111110001111101000010100
11111111111101001011011001000101
00000000000010000111011001010011
11111111111010010011101001101100
11111111111111110011001001110000
00000000000000001111111000111110
11111111111100110100001101001010
00000000000101101000010100010010
11111111111011110011011111110100
11111111111111001101010110101111
11111111111111010110100001101010
00000000000001101011001000101101
00000000000110100001101001011011
00000000000011011111011000010111
00000000001001000111110011000100
11111111111101110110111001100111
11111111111011111011000000001011
00000000000011011101110100001010
00000000000100011010110100000010
00000000000100010100010000111011
00000000000010010011111010100110
00000000000000001101010001010001
00000000000111001101111011011010
00000000000001011111100010011101
00000000000001111111001110010001
00000000000001100010010111011010
11111111111010111010000001001001
00000000000000100111110001110010
00000000000010110111010111011110
00000000000100110011100011101000
00000000000000101110000111011000
11111111111011101110001000001001
11111111110111011001111111111111
11111111111110010001011100100111
00000000000111000000010100001011
00000000000101001011000100101001
00000000000100111011000010001001
00000000001100101010111101111010
11111111111011000011010001001110
00000000001011111010101101001011
00000000001001000101100101100110
00000000001101001110111101111110
00000000000010111100010001011111
00000000000001101111100111101010
11111111111111000010110100111110
00000000001011000000100010011110
11111111111100110011011110110101
11111111111011000101000000010101
11111111111111000110100010111000
11111111111010100110110101100001
00000000000110101010010111001010
11111111110100101011101000001111
11111111111111000111001101111001
00000000000010110110000100000011
11111111111110100101110110110010
00000000000110010110010111001101
11111111111000011110101000010111
11111111111101011101001000001101
00000000000011110010001011000111
00000000000000100111100101101011
00000000000110001111110100110010
00000000000010001000010110101011
00000000000101111111010001110100
11111111111011100010101100011000
11111111111100001101111100100011
00000000000010010101011100111111
00000000001101010100110011100000
00000000001000011111011001100101
11111111111101111000010000101101
11111111111010001111001010110110
00000000001100010101100110101011
00000000001010111011111001000110
00000000001110110010001100001000
00000000000010101011000010111100
11111111111000011010100101000010
11111111111100011010110000111100
00000000000010010011000000000000
11111111111001110000110100100010
00000000000001011000010100001101
00000000000110011100001010100000
00000000000110010111001110011001
11111111111101110011110001101001
11111111110010111100110110000111
11111111110111000000110101111110
11111111110111001000010101000010
11111111111100001100001010010010
11111111110110110011010001010000
11111111111010100000000011100001
00000000000000110110110001011011
11111111111100000101001010111011
11111111110111110010100100110100
11111111101101000100100110010000
11111111110101010001100011100000
11111111111110101101011010111111
00000000000000000001011110010111
00000000000010000110010100111110
00000000000001000110101101110101
00000000000010011011110010101101
00000000001010001001001001000010
00000000000011010101101111000000
00000000000011110011110011011111
00000000010100101101110000100000
00000000001110101001001011000001
00000000001100110011100100011011
00000000000111010100101010101111
00000000000001100100011100110010
00000000001010101111101011010100
00000000001000000101011101010110
11111111111111011100101011101011
11111111111110110011010000111110
11111111101101001110110110111101
00000000000011101110101101101001
00000000000010101101101011101010
11111111111001110001111111000110
11111111111011111111110011011001
11111111111110011001101110111001
11111111111110111110010000101100
00000000000000101001101010110111
11111111111011100010010001010101
11111111111011100100100111010111
11111111111010001110010011100101
00000000001010111001000110100010
00000000000101000001100110110110
00000000000010110010011100001000
00000000000011001110110000011100
11111111111110101001100010011101
00000000000111011110001100010011
11111111111111000101011001011100
00000000000001010110010101110111
00000000000110110110011010001000
00000000000001110111001001111111
11111111111110110000110100100010
11111111111010101101010110010011
11111111111100110111011000110100
11111111111011110101101001000101
00000000000001100101011111010011
