11111111111011101010100100101011
11111111111010111010011100001001
11111111111100010111000110000000
11111111111101111001100000011000
11111111111100011111100100000110
11111111111011000100101011011110
11111111111011010000001111011100
11111111111101010001110011110001
11111111111100100101111111101111
11111111111100001001111000010101
11111111111100001110111001000111
11111111111100101111001001110010
11111111111010110101101100100011
11111111111011010000010010000100
11111111111100010101011000101000
11111111111011000010111110010110
11111111111110001100101000001100
11111111111011100011010010110100
11111111111111001010111100010011
11111111111101110011010011010101
11111111111110101101110010000010
11111111111111011100000111010000
11111111111100010001101000000011
00000000000000110111001111101011
11111111111011111111011011100010
00000000000010010101111100011111
11111111111111011011010101111100
11111111111010001100000001100101
11111111111100001111010000001000
11111111111100111101111100010000
11111111111100111111100010000011
00000000000000001111010110011001
11111111111101010110101010111110
11111111111001101110111001000101
11111111111101001110100111101001
00000000000000101111110111111000
11111111111110011000001110110100
11111111111010111011010110111000
11111111111100000011001000111111
11111111111100101011000010001001
00000000000000111100010101100101
11111111111010110011010011101010
11111111111111110001101111111000
11111111111010011010000011100001
00000000000000011000110101000111
11111111111110110011100001101000
11111111111110111001011111100010
11111111111010000101001100100011
11111111111111001101100010010011
11111111111101101100101010001011
11111111111110101000000000001001
11111111111110100001010101010110
11111111111010100111010111101001
00000000000001000011100010001100
00000000000000111000011101001001
11111111111100111101011101011001
11111111111111000001110101011001
11111111111100010011110000101101
11111111111011111010111000011111
11111111111011111011101010110101
11111111111010010110010010010011
11111111111110010001001111010010
11111111111001111111001100110111
00000000000000001011111011010000
11111111111100110010101101111001
11111111111110010010100011100101
11111111111011101101010111010100
11111111111100011100011100011011
11111111111010001111101010010101
00000000000000010000100110111110
11111111111100101010001010011101
11111111111110111101111110110101
11111111111111100001110000001110
11111111111010101101111101000111
11111111111011010000101111010000
11111111111011001101001100100111
11111111111010111011110010100011
00000000000000000000110111110000
11111111111100011011111111010101
11111111111110011001101001001111
11111111111101111001010000101100
11111111111101001011011101001010
00000000000000110110111110100110
11111111111101111101011100110010
00000000000000011011011001010001
00000000000010101011001011111110
11111111111011010011001010000110
11111111111110100011010001001100
00000000000000001111011010010110
00000000000010011111110001000101
11111111111110000011111001100101
11111111111110000000110101101100
11111111111101011100111011010100
11111111111101111001110000110011
00000000000000111111011011011100
11111111111100110111100001011011
11111111111110001110101001101101
11111111111010110101111000011011
11111111111111001001100100110111
00000000000001001101010111101111
11111111111101011100110010100011
11111111111101100010110000011000
11111111111010010101110100100000
11111111111111000011101010011000
11111111111011111010110011000001
11111111111111010111101010101111
00000000000000101011010000110100
00000000000010000001000001101011
11111111111010100110101000111101
00000000000000010101101000101110
00000000000000111010101010011100
00000000000000101010100010101011
00000000000001100110101010001111
11111111111100101010010000111100
11111111111100110000101001011010
11111111111111100010110001001111
11111111111100011011101000101001
11111111111100111000111011100100
11111111111001111000110111011010
11111111111111001001010101111011
11111111111110000011000010010100
11111111111111000110011110101010
11111111111101001000100000010000
11111111111110100001111000101000
11111111111110100110000100110000
11111111111101101110011011000000
00000000000000011100000010001110
11111111111011110100000110000000
11111111111110110111110011111100
11111111111111111000111011110000
11111111111110111100001001111000
11111111111111111100010011110100
11111111111011010010110001101100
11111111111010010010000101100001
11111111111110011101011001100010
11111111111111111001100100011000
11111111111101010110000001010001
11111111111100110000000001010101
11111111111111000110000100001000
11111111111010011110111010111101
11111111111101111111011001101010
00000000000011011010111110011001
11111111111111001110111000111100
11111111111111011000010001011000
11111111111011010100101010001001
11111111111101100110110101111000
11111111111110000010110001110111
11111111111111011101100011111110
11111111111011011100101110100100
11111111111101101011110100100010
11111111111010101100100100110000
11111111111010100101101101010111
00000000000000010010011000011001
00000000000000100100010001111001
11111111111111110001100000110010
11111111111110101101111000111100
11111111111101000111111001111010
11111111111110111101101100110011
00000000000000101010111101101111
11111111111100001101000010011001
11111111111111110011101011010000
11111111111100010000011101111010
11111111111110100110011111101011
11111111111101101111101110110001
11111111111101100111111100010010
11111111111110000000111111101001
00000000000010100101110010110101
11111111111100001100110100011111
11111111111110100111010011101010
11111111111101111100110101000111
11111111111101011001110001001111
11111111111111100111101011001111
11111111111110001101000010100101
00000000000010001011000100010001
11111111111111111010100101011010
11111111111111001010001011011011
11111111111110110011001001011011
11111111111111011100100000001011
11111111111110001011101110001010
11111111111101011001101000000110
00000000000000010011100111000100
11111111111110011000001001110011
11111111111110011001010101100010
11111111111101101110100011111000
11111111111100111000001101001111
11111111111010100011010000000011
00000000000010010110000101101010
11111111111100100101111110010000
11111111111111101111100111111000
11111111111011000110001100001000
11111111111111101110111010110001
00000000000001010110000000100000
11111111111101100110100100000111
11111111111111110010000101100010
11111111111101010001010110001010
11111111111110100011011001010110
00000000000000011001001010111000
11111111111100011100010000001111
11111111111110110001011100110110
00000000000000101011001000001111
11111111111101101011111111100111
11111111111011101110000111101110
11111111111010100001011010110100
11111111111101011011001010000011
00000000000000001001011001110110
11111111111111110111001011000111
11111111111110001110100000101000
11111111111011110011100011110000
11111111111110101110000100101000
00000000000010011010011000100010
00000000000001000010001101010110
11111111111111101101001110101011
11111111111110110001011001111101
11111111111111100101100001100000
11111111111110100010011000000011
00000000000001111110010000001110
11111111111101100100000110010011
11111111111110110001100111011111
11111111111110010101010110100000
00000000000001100000111101001001
00000000000011101000101010011101
11111111111101100000000110101101
11111111111011011000001100111011
11111111111110000101101111000111
11111111111111100011011011111000
11111111111011001001000101000000
11111111111110101001011011000010
00000000000000001101000010110101
11111111111101011011000010100100
11111111111110000111010011010100
00000000000010011110101001001111
11111111111101101011010011111010
00000000000000101101011000000100
11111111111111011001111111101100
11111111111110111000101000010011
00000000000001001000000011010111
00000000000001000000010100110100
11111111111101010010010100010111
11111111111101011111010110110101
11111111111111111000100011001101
11111111111101100101001001110001
11111111111111111101011010011001
11111111111100101110111010000001
11111111111101010101010001111101
11111111111110101000100110101111
11111111111110010110111100010011
11111111111110011101001110011011
11111111111101100000000100111011
11111111111100100100100100101110
11111111111101001011011110011000
11111111111111001011101111111000
11111111111101011101000001011010
00000000000000010000000010000101
11111111111100111000100111000100
11111111111101111111010100100111
11111111111101001110010001101011
11111111111101011111010110110111
11111111111111000011100001101011
11111111111011100111000001000101
11111111111111011011001101110100
11111111111011010101000100001000
00000000000000001110110011001001
11111111111111101101110010101001
11111111111111001001000101001110
11111111111110101010010111010011
11111111111101011110001100001010
11111111111111110100011000100010
11111111111111101001010010110010
11111111111111100000010011111111
11111111111100011110011100000111
00000000000000111001001010110001
11111111111111100001011001110000
11111111111101010111101110010001
11111111111011101100001011100011
11111111111111010110000010101111
11111111111011010110100111100111
11111111111011111100001110110110
11111111111011111100010011110111
00000000000000100010100001001111
00000000000010100000110011101000
11111111111011101000110011110111
11111111111110000001000100101010
11111111111011000100100010100011
11111111111010101001011011001001
00000000000001110110011101111110
11111111111110110100110101111000
11111111111101011010000101011100
11111111111101000100110010101010
11111111111110011101011100111000
00000000000000010110001101000100
11111111111101111100110001011100
11111111111111000101111010010011
11111111111100110001001001111110
11111111111101010110110110011000
11111111111101111000010111011000
11111111111101110000111001101111
11111111111111001001110101000001
11111111111101011110000001110100
00000000000000001011010011101011
11111111111100011000010011110111
11111111111111101101111000001101
11111111111111001000111010100111
11111111111110000000100111000000
11111111111010100101001101110101
00000000000001101110100010110111
11111111111101100000110000111101
11111111111011100010001101111100
11111111111010100000011111000011
11111111111100111110010001011010
11111111111110001010011011100110
11111111111101111101110110010110
11111111111001101110111001000100
00000000000000010010011101101001
11111111111101111100001111001110
11111111111111100001000101110000
11111111111010111000010001110000
00000000000000000000001001111110
11111111111111010111111010001111
11111111111010011100001011000000
11111111111111100010010001100100
11111111111111110011100001000011
00000000000001001011101011000010
00000000000010111011010001000011
11111111111101011100101111001100
00000000000010001110010000011000
00000000000000000000001110100011
11111111111011001101001010000110
00000000000000001111001100111111
00000000000001111111000000111011
11111111111110111100110110111000
11111111111111101101011100001011
11111111111011111110100000001010
11111111111110100001111101000010
00000000000000111000110101111100
00000000000001111100001000101001
11111111111101100101000011010111
11111111111011110011101001001011
11111111111100011001101100000110
11111111111111010011101100011100
11111111111101010101010001110111
00000000000000110110011001010101
11111111111010011010100001010010
00000000000000101100100111001111
11111111111101000001100010100011
11111111111111111011101000010100
11111111111111111101000101000100
11111111111110011001001100011011
11111111111101010100001110110111
11111111111101111011000010110010
11111111111110110110000101010101
11111111111101111011110100110100
00000000000000000100010000010011
00000000000010010001001010011110
11111111111010010001101100010101
11111111111011000010011000100110
11111111111111110011010010101111
11111111111111100111000110110011
11111111111100010000111110010100
11111111111011010100111101011010
11111111111111010111101100001101
11111111111111010100011001001011
00000000000000000100001111111000
11111111111110010000001111111110
00000000000001110001001111001001
11111111111101110100101000001110
11111111111110111010110000011111
11111111111111111111100111010100
11111111111100001000011000001111
11111111111110000000111011101000
11111111111111101000110110011110
00000000000010010101101111001010
11111111111101000111101000100100
11111111111111110101110100010010
11111111111011001110010011111011
11111111111111111110110011101000
11111111111101001110000111101011
11111111111111111100000111100001
11111111111110001011000100000011
00000000000000110100001001110100
11111111111100001001100100010101
11111111111111101010010011110001
11111111111111011111100100111011
11111111111011100100111100100010
11111111111110001011100100010101
11111111111101010111110010101100
11111111111110010011000110110010
00000000000000011001110101101001
11111111111110010100101101111110
00000000000001010000001100110010
00000000000000010111011110110101
00000000000011000111001010000010
11111111111110100110011001111101
00000000000000010011000011001010
00000000000000000100101111010010
11111111111111001000000001000001
11111111111110001000111000100110
11111111111111001100100010111101
11111111111111111110001010111100
11111111111111010000010110110100
11111111111100100100111001000101
