11111111111111010110010111111111
00000000001000100001111010110100
00000000000110110001110000011000
00000000000110101111011101111111
00000000001110101010010000100000
00000000000010111101111011100111
00000000001011010100111100001100
00000000000110101100001001000111
00000000001011010101101000101000
00000000000111101111010101011011
11111111111111011111011001100111
00000000000000101011001000010110
11111111111101111100011100111011
00000000000010111011010100110101
00000000000010100111001111011010
00000000000011111110011001100110
00000000001000010001011010000001
11111111111001101010010010000110
11111111111100111110111010111010
00000000000101101101101000001111
00000000000001011000001110110100
00000000001011011011100100101111
00000000000010111101011010011000
11111111111011000101110110110110
00000000001011011001100101011111
11111111111110101001000110110100
11111111111100010010011110011111
00000000001011000101010111010101
00000000000100000011101100001110
00000000000100000000000101111101
00000000000001011111110001000100
00000000000101000110101001011100
00000000001000100100001101001110
00000000001000001101000111010010
00000000000000010110001111100010
00000000000101100110010101101011
00000000000100011000100010001000
11111111111001011111101011100100
00000000001001010010001001010100
00000000000001100110101001110010
00000000000000111100010001000010
00000000000011110000100010011001
11111111111101011001111000100110
00000000000100100111111001111010
00000000001010000010011110000001
00000000000000100101101111000111
00000000001001100010011010110100
00000000001111010011111010100001
00000000000111101111010000001101
00000000010001111001101001110000
00000000000110001010111110011001
00000000000111110000000001100101
11111111111110110100011111110101
00000000000010000101110100000110
00000000000111101101000101000101
00000000000101010110000101110001
00000000000100001011110001110111
00000000000101101011000100010111
00000000001010010001011000001110
00000000001110001000110111011101
00000000000100101101111010000001
00000000000110110001001110101111
00000000000010110110111000010011
00000000001100000111000000011100
00000000001010001100101100010001
00000000000100001000101100011010
00000000000011111101110110101100
11111111111100110110110011101001
11111111111100011010111000000011
11111111111011110101110101011111
00000000000000110000111010111010
11111111111101111011101110011110
11111111111000100000001111010011
11111111111001000000001001011011
00000000000101000001000100011110
00000000000010111111000111111010
00000000000101111110000011100001
00000000001010110000010010100110
00000000000100011100100011010011
00000000001001000000101111100000
00000000000101000000100100110001
00000000000000011001101110111110
00000000001101011111101111011011
00000000000000101110100011101111
11111111110110101100010001011011
00000000000001010011101101000101
11111111111111110001111011111101
00000000001010111010100101101011
00000000000000011110101101001110
11111111111010111001110111101001
11111111111100111011001111000011
11111111111101100011001011110011
00000000000001010000100111010011
11111111111101011000101101111010
00000000000100100011111010011100
11111111111100110011110010110000
11111111111111101000010110011101
11111111111111100101010000100111
00000000000011101110101000100101
00000000000011001011110110100001
00000000000100111111101101110111
00000000001000010011000101101011
00000000001011101110100010111010
00000000000101101011110010110110
11111111111110111000010100000101
00000000000111000100100000010110
00000000000011000001011011001000
11111111111110110011100110110110
11111111111000000011000011110100
11111111110011101100000011011010
00000000000011101001001101100101
00000000000010011111111100011001
11111111111010000101010110000010
11111111111010001001000001101011
11111111111101101001011011011010
00000000000000100001001110000001
00000000000011101010011000010010
11111111110111001111001000000111
11111111110100110111101000101011
00000000000010110000101111011000
11111111111111010111001000111101
11111111111000101011001001100001
11111111111100000110100100111011
00000000000001111101011001110101
00000000000111110100111110000110
00000000001010001011001011000000
00000000000001000010010000110101
00000000001000101011000101010000
11111111111110010100010101010011
11111111110111110001100101101010
11111111111111111010110101100001
00000000000110010011000100111111
00000000000100110110111110001101
11111111111000011011001100000110
11111111110111000111000001111011
00000000000010001100010101001111
00000000000110100100101101000101
00000000000111001100110000111001
11111111110111001110111010011010
11111111110001011001000011100000
11111111111100011000101011111010
00000000000110011000000011101010
11111111111100001101110001110111
11111111111111001001110100010010
11111111111110110001101110111101
00000000000000011011010111010000
00000000000001001011111111100110
00000000000000100010111100101001
00000000000001000000000000001110
00000000000110111110101000001001
11111111111100000000010111001011
11111111111010010000101000100001
11111111111011000010100101100011
11111111110111000111000110111110
11111111110110110010010000010111
11111111111010001110100101110111
11111111101111111101100101100000
11111111111000101000101110011111
11111111110100011011001101001000
11111111111110111101010101101100
00000000000101010000000000001101
00000000000001110010111001010111
00000000000101100101001110010100
11111111110110100001010111011100
00000000000011010011011100010111
00000000000110011000111110110111
00000000000111001100011101110001
00000000000110001101011100000000
00000000000110101100011011000110
11111111111111010010011101110001
00000000000001100110010001010100
11111111111011000111001010011111
11111111111011001110110101100110
00000000000001010001010000010101
00000000000000010110011011000011
00000000000011010111100010101001
11111111111000111000101100100011
11111111110110111001100111111010
11111111101011000101110100000110
11111111110010101111101010011111
11111111111011010110001010011010
11111111101011011001000101101010
11111111101010001010011011001100
11111111110000111100001000000101
11111111101101101011101111011000
11111111110101000100111011100111
11111111111100100001111101011001
00000000000001001001101010100001
00000000000010001001110010001100
00000000000111111011100010111111
11111111111111000101011000010000
00000000000000111000000100011101
00000000000010010101011111100000
00000000000101110100101010001111
00000000000001010100001000100010
00000000000011101111011011010101
11111111111011011010100110001001
11111111111101111010101010000100
11111111110111100010010011010011
11111111111100011111101101110110
11111111111100011000101011011110
11111111111100100111011001111010
11111111111001010010110011101110
00000000000000001010011101000101
00000000001010111111000011100111
11111111111010011011001101011111
11111111111111101110001111001011
11111111111110101101000111001011
00000000001111001001011100110101
00000000010000110011111000101011
11111111111010001001100100010001
00000000001010111100110000000111
11111111111111010111001000011000
00000000000111111011101110000111
00000000000111101011100100010110
00000000000100111001111000000001
00000000000010100101000010101101
00000000001010000011011101011011
11111111111100110110011111011100
11111111111111100011100110010010
00000000010000001110010001011000
00000000001001111111010000011001
00000000000001110011111001101011
11111111111001100001100111110001
00000000001001000101000001110111
00000000001010010000110000110011
00000000000111100010011101001111
00000000000100001010001001101101
11111111111011010100101110000110
11111111110110100111100110000100
11111111111001010111001110110110
11111111111101001011011100111110
00000000000001011110011100001001
11111111111001001000000001111100
11111111110101011010101000001100
00000000000110100101101100110000
11111111111100110011010000001101
11111111111111011011000110100100
00000000000001101011110001011011
00000000000000011111001101110000
00000000000001000110101110011111
11111111111111101000000001110110
11111111111111111100111001111001
00000000000110100011101100100101
00000000000101011011100010001001
11111111111111011100110100011111
11111111111010011011100001111001
11111111111011100001100011011100
00000000000011011000011001101111
00000000000111000011110000101010
11111111110010001011111011110000
11111111111001110101001001010011
11111111111110000010000100100100
11111111111100110111100000111000
11111111111101010111110111111011
11111111110110101100101111100100
00000000000000111100011110100111
00000000000101010111000000001110
00000000000100000011111100010001
11111111111111011100000110111010
11111111111001001011100011010011
11111111111001000110101101100111
00000000000000101100110111101100
00000000000000010110110101110110
00000000000100000000001010101100
00000000001011110100101010110100
00000000000001011110010000101001
11111111111100100001101111011001
11111111111111101011101100100111
00000000000011011100001001111111
00000000000110000000110001110000
11111111111010100100111111001011
00000000000001101011001010101111
11111111111100111000001111101101
00000000000001100110110101000111
11111111110101001000000001111000
11111111111000110101001110000000
00000000000001111011111010101101
00000000000001101000111011010011
00000000000110011101001100110101
11111111111100000001001101011001
11111111111011110101110011100110
00000000000110100001001111001001
00000000000001111101101001001010
00000000001010010111011010100001
00000000000010010100100010000011
11111111111101000101010100101100
00000000000101011001110001110010
00000000000101111001100000001000
11111111111111100111101101011000
00000000000110111000101111001010
00000000000111110111001011011110
00000000000011011001000000100001
00000000000000001000011001100010
00000000000010110101100011100000
00000000000001111111010100101011
00000000000101001111010111101001
00000000001110010111000111100000
00000000000100111101010001011100
00000000001001110000010111010011
00000000001011010111001001101001
11111111110100110010101001010011
00000000000001100110110100000101
11111111111101110100100010010000
11111111111111110010110010101111
00000000000101110000001010110001
00000000000110000010110001100101
00000000000001110101011001111100
00000000000101001001100111011100
00000000000000110010011111011111
11111111111111001111001110001010
11111111111010011101110110100101
11111111111111001101001101110110
00000000000001010100001110110010
00000000000110011010010000010110
11111111111110010100111111100101
00000000001000011101010010100110
11111111111110010110011101011000
00000000001010000100011011000010
00000000000001110010001111010110
00000000010000000011011110001010
00000000001101111010011011110110
00000000001000001011001001100000
11111111111111110000100001011010
11111111111011000110001111101110
00000000000100001111111001111010
11111111111111111001101001011011
00000000000110100110100100110000
00000000000110110000010011001111
00000000000001010110100011111111
00000000000100010001011111100000
00000000001000111110010000110001
11111111111011111110111001111110
00000000001000000111011101010010
11111111110110110001000000000011
00000000000000111011010001011111
00000000001001000001101100010110
00000000000011011110010101000011
00000000000111011111111000101010
11111111111001111000110000010011
11111111111111111010111011010111
00000000000011011111011111111000
11111111111111011011011000000000
00000000001101111111001010100010
00000000000001011110100111011110
11111111111111111010000011000010
00000000000001010001010001011011
00000000001011011000111111001011
00000000001100010000110110010101
00000000000110100110000001001001
00000000000011011000010100110000
11111111111111010110110000011111
11111111111110001001001111011111
11111111111010011011000110111010
11111111110100010011101011111011
11111111110111010111111000011000
11111111111110010111001011011011
11111111110110101111000010100111
11111111110001101100011111110110
11111111110001011111001100100100
00000000000011111111100101001000
11111111111010010000101111111110
11111111110100000010110101000101
11111111110101110111010101101000
11111111111001110000011010011111
00000000000010110001010100000000
00000000000000001010100011100011
11111111111101001100011010011000
00000000001000010100110011100111
00000000000110011110011001111010
00000000001000100101011101011010
00000000000010110111010011111101
00000000000000110010010011000011
00000000000110101111110111111111
00000000000010100101110111111111
11111111111110001111110011101001
00000000000100000101110111000000
00000000001010100100100111010011
00000000000010110000110100111100
11111111111010001100010100101001
00000000000010011101110101000000
00000000001010011111001001110100
00000000001010000111101011010000
00000000000001101101010101001010
11111111111000101011111011111111
11111111111111111001111010000101
00000000001000011000011100011110
00000000001000100001010001000111
00000000000000111101100011011100
11111111111100000110110111000101
00000000000001000110011010101011
11111111111111101111100011010000
11111111110110001000001100010111
00000000000011100010001100011000
00000000000010101010111001011001
11111111111111001101110101000011
11111111111011111000001000110110
11111111111001110100010100010000
00000000000001110001101011101111
00000000000011011100100001011110
