11111111111011011101011001011100
11111111111111100100011010010111
00000000000000011110110101111010
11111111111100010011100010110100
11111111111111101111111000010000
11111111111110110111010101000001
11111111111111000101001010011010
00000000000001110010001101011101
11111111111100101111001111111101
11111111111110100101111100110101
11111111111100010100100010100111
00000000000000100101100001100110
11111111111111110001100110010110
11111111111011111011111101011100
11111111111010101010111001111101
11111111111010100111111100110110
11111111111001100010001101101000
11111111111011110011001000010100
11111111111111111110110100111001
11111111111101110000110000000011
11111111111010101001010010100100
11111111111011100110110111000111
11111111111110111110011010011000
11111111111100101011101110111010
11111111111111000111000110010010
11111111111011101010011101110010
11111111111111010100001110101010
00000000000000100010111010000011
11111111111111010001110111000011
11111111111010111011100100011100
11111111111111001111001111011001
11111111111100111010001100100000
00000000000010111111111110101000
00000000000000010011110011100100
11111111111011101011010111111000
11111111111100001001010011110010
11111111111101100100110010101010
11111111111101110011001001000010
00000000000001010110001100011010
11111111111110000101111110111000
11111111111101110111101010011100
11111111111011110000010000000011
11111111111100111110001100111000
11111111111011111101100110101010
11111111111111100001000001010110
11111111111110000110001001100110
11111111111011010100000001100010
11111111111111110001010001100101
00000000000000101001101011110110
11111111111101000111010010000110
11111111111101110001011111010010
11111111111011010101100010001100
00000000000000001001001110010001
11111111111111011010100001001101
11111111111011101000000010010001
11111111111100010001000110111001
11111111111110011001110101000100
11111111111100110110001110110000
11111111111011011100100011010000
11111111111011011000101110101100
11111111111101100010100111110110
11111111111110011010100100000010
11111111111111111110111100100111
11111111111101010101001111011000
11111111111110010001000000001010
00000000000001101011111011100000
11111111111100001101011111000110
11111111111110000110110001110010
11111111111011111100110101010001
11111111111110000100000011100001
11111111111101111111110101100111
11111111111111100110110000100001
11111111111110011100010111101010
11111111111011101000111111011001
00000000000011000110001010011100
11111111111010110111001011101101
00000000000001010011010110000110
11111111111011011000010011010011
11111111111011100001110101101100
11111111111011110010000010000010
11111111111100111101110011000011
11111111111111010000101000111011
11111111111110111010011000100101
11111111111110001011001000101101
11111111111111111000110101011011
00000000000000110001111110110011
00000000000001001110001011100100
11111111111100001100010101011110
00000000000010001101111001110001
11111111111101100010000101100011
00000000000000010111101010001000
11111111111110110010001100010000
11111111111110010101000101110001
00000000000001101111000000011110
11111111111110111100101010100011
11111111111010111100010100001101
11111111111101100111010001000110
00000000000000000000001011010000
00000000000001111100010011101001
00000000000010010100111100011101
00000000000000011111010111010010
00000000000000011110010101110001
00000000000000101111011000001011
11111111111110011011000110010011
11111111111111100111011100110100
11111111111111101000100110101110
00000000000000100100010100010000
11111111111101110101111101010010
00000000000001100111001001110101
00000000000011001101001111100110
11111111111101001000111011000001
11111111111011011100110111110001
00000000000001010000001011011001
00000000000001010100100010110011
11111111111101111001101000000011
11111111111100000011100011111000
11111111111010011101010000110110
00000000000000011110010101000010
00000000000001100000100001111000
11111111111101010111011111100110
11111111111111110110100110100011
11111111111111001111110010010010
11111111111110011000000111100111
11111111111100111101100101000010
11111111111100111101110101100000
11111111111010101011111010011001
00000000000000011110111011000010
11111111111011011001110111001011
11111111111110110101001000011111
11111111111101111001100000111011
11111111111110001001101111011110
11111111111101001000101011100000
11111111111011110110011101111100
11111111111100100111100000000100
00000000000000011000000010100100
11111111111101100110101000011111
11111111111110001000100000101000
00000000000000100110011001111100
11111111111011010000111101001011
11111111111111001010011000011000
00000000000001100101011010010100
11111111111110000001001000000001
00000000000001010010001010000010
00000000000001001000011010011010
11111111111011111011110000110100
00000000000010000000000001011111
11111111111111100000011011011100
00000000000000100011101011001000
00000000000011001111000000101100
11111111111110011000001101001001
11111111111111000101101000010111
11111111111010110001000111110100
11111111111110110100111101001100
00000000000000101011110111010111
00000000000010011111111000100001
11111111111111010111110111000101
00000000000001000101111001011111
11111111111111101001000110001001
11111111111111010111010100111000
00000000000010100010111101110011
11111111111100100001000111000100
11111111111110111101110100001010
11111111111110000111111001000110
11111111111100111100110010011000
11111111111011001111011111111000
00000000000001101101011010000101
11111111111110100010001000001100
11111111111111101011111010100100
11111111111111110101001011100111
11111111111110011000101101000011
00000000000001010000111100111101
00000000000011000110101100110111
11111111111101100110100110110000
11111111111100101010010111010101
11111111111111111000111010001100
11111111111111010111110011110111
11111111111010010110101101001111
11111111111100001000011110001101
11111111111101001011100100100101
00000000000010101000010011111010
11111111111101101001101010110001
00000000000001000010011010001111
11111111111110100001010101000111
00000000000000110001100111001001
11111111111011010000011011000011
11111111111100111111011010001001
00000000000000101111110100001000
00000000000000100011011010011001
11111111111010010101011000010010
11111111111101001100011011010110
00000000000010000001000101000001
11111111111100101011111110011010
11111111111110000001000011000110
11111111111101001011011110000110
00000000000001001010110001110101
11111111111111101110101100001010
00000000000001110000000011001001
11111111111110111110011100101110
11111111111100001010101001101100
00000000000010011100101110111101
11111111111110000010011000000111
00000000000001011100011100100101
00000000000001101010001011100000
00000000000000110110010001011000
11111111111100111010100000011101
00000000000011010000001011111011
11111111111101010001011110011110
00000000000000110101011001001000
11111111111111111001011110110100
11111111111011010000011101011110
11111111111111110011001111101100
11111111111101010110100100111100
00000000000010101100011111001011
11111111111101100100010001011001
11111111111011010010101001111101
11111111111111111010110111101110
00000000000000100001101000001101
11111111111110001101111101001110
11111111111100111000010111011110
00000000000000100000000111010111
11111111111101100011101110101111
11111111111111101110011111101110
11111111111011100110100011010000
11111111111111101100101100100110
11111111111011000010110101101110
11111111111100011101110111000000
11111111111110001000111010110110
11111111111100010100011111010001
00000000000001000100100111001111
11111111111010101001100011001000
00000000000001010111001110011111
11111111111101010001101101000000
11111111111111000100001111000101
11111111111110010001001010100111
00000000000001111001000100100001
11111111111110000111101100111001
11111111111100100111101001001111
11111111111111010100011001110111
00000000000001000111110010011101
11111111111110011011011010001101
11111111111111010110011010010110
11111111111101101100000100100111
11111111111110100110010111111100
00000000000001101001001001011111
00000000000010011011010011001110
00000000000001011110101111111001
11111111111101000110111110100100
11111111111111001110111100000010
11111111111111100111000010010001
00000000000001101011101001001010
11111111111100111000001010001111
11111111111100001011011101010001
11111111111100110000011110101101
00000000000001110101000011000110
11111111111101010110000100001100
11111111111011001000110011111110
11111111111010101100011100101000
00000000000001110100110000100110
11111111111110001101110101110111
11111111111110011110011010000000
11111111111110101000111010110101
00000000000001010111111001100110
11111111111111001000110000010011
11111111111111000110010100101110
11111111111100010100110000100000
11111111111100100111011110000100
11111111111100100111011110111100
11111111111111010001000000100010
11111111111110111100111000110011
11111111111100100001001100001100
11111111111000111110000001101010
11111111111001110011101100001110
11111111111111111100111001011111
11111111111010110001111011001101
00000000000000110010010000010101
11111111111101111011011111000110
00000000000000010110100001100000
00000000000001100001101100100000
11111111111101110110011011100111
11111111111010011011100011101110
11111111111010010101011001000101
00000000000000101100011000001011
00000000000010001010101101010011
00000000000001100100001001110101
11111111110111110101110010010010
11111111111101110001100000001010
11111111111101111111011010100101
11111111111101101011111011001010
11111111111111111000111100011011
11111111111010011010010010001101
11111111111010111011001111011100
11111111111110110001111011000000
11111111111110101110000011100010
11111111111100000110111111000110
11111111111100100100001011101110
11111111111000110011001011001110
11111111111001110011100101001111
11111111111011100010001101101001
11111111111101110111001101101100
11111111111110000111111101110110
11111111111011111000110011110010
11111111111100011111110111000000
11111111111110000101011011111000
11111111111100001000111001111000
11111111111110000010110011110010
11111111111110010101111110101001
11111111111100010001011101010111
11111111111101101001111010110001
11111111111101000001011111011011
11111111111100011011001000101101
11111111111101010100010010111101
11111111111110010001111111110000
11111111111110101000011110011001
11111111111100111010001111000110
11111111111011111001001011100110
11111111111101101110101111001101
11111111111011101100111011101000
11111111111111111011111101101101
00000000000000110101011101110100
11111111111101111111111001000110
11111111111111010101011001111011
11111111111111100001000100010100
11111111111011010111001010000110
00000000000000001110011000010000
11111111111110100010010100000001
11111111111100011010101100010001
11111111111011111000001111111101
11111111111010101111101110110010
11111111111101011001000111111101
11111111111100101110011110011110
11111111111110000000001110110101
11111111111011111111111101010010
11111111111110011100010001001100
11111111111101001110011001001111
11111111111111110110101001010001
11111111111110000001111110010011
11111111111111001111010100111101
11111111111111001101100001100001
11111111111001001001011001010010
11111111111111010000000100010101
11111111111101101100001001000101
00000000000001111001111111110101
00000000000000100110000111101110
00000000000000101011001101010111
11111111111101000001010011011110
11111111111111111110010100000010
00000000000000001000001111011011
11111111111110110101001001100110
00000000000000001000110000010110
00000000000001111000000101010111
00000000000000000100011101000110
11111111111011110001010000100001
00000000000000001111100010111101
00000000000001010010110000110111
11111111111011111100011011110111
11111111111110010000010010000000
00000000000010001111010100000010
11111111111110011100101001101001
11111111111100010101010110110001
11111111111111110001011001000011
11111111111110010010010000010000
11111111111110010101110010110010
00000000000010101000110100100111
00000000000001110011010011111111
00000000000011001011111101100111
11111111111100010011100011101110
11111111111110110101010100000100
00000000000000101011011011110111
11111111111111010101010001000100
11111111111011101010111010010000
00000000000001010000001100001111
00000000000001111010011110110110
00000000000001100001110010111010
11111111111110100011001100101101
00000000000001001100100001111000
11111111111101111010011111111100
00000000000000101011111010011010
00000000000000011110001110100110
11111111111111100110011000011110
11111111111010011000011101100110
11111111111101010010100111111101
11111111111110011100100011110100
11111111111011101101000100011001
11111111111101101101101111101001
11111111111100000010011110011011
11111111111110001000100110100010
11111111111101110011010101100010
00000000000000001110100000000111
11111111111011101000010101111001
11111111111011100111110100110111
00000000000010111011101101001001
00000000000001100100100100110000
00000000000000011100010011100001
11111111111011110011110011100001
00000000000000111110000111011000
00000000000000100100111001110000
11111111111101000000001100011011
11111111111111111011000100000110
11111111111110110000111101110000
00000000000010111101000010110111
