00000000000010111111011111101101
00000000000111001001011001010110
00000000000000010110100011100111
11111111111110111111110111001110
11111111111100111000001011100000
00000000000001010110100000110110
00000000000011110100111000000111
00000000000101101110110001111100
00000000000111000101110010111011
00000000000000100001101101101110
00000000001000111011101000101000
00000000000101111010010110011111
00000000000110000001101101001101
00000000000100010101100001111010
11111111111110110101101001110000
00000000001000011101111101110110
00000000001001011000101110000010
00000000001011000110111011000001
11111111111100100010110101010100
11111111111011101001111111101111
00000000001010110101010000001001
00000000001000001110110011011010
00000000000100101000100101101101
00000000000000101110010110010111
11111111111001110111101111110001
00000000000110111101001010100001
11111111111010011011101001001100
00000000000011111111111011011100
00000000000001111100101000100111
11111111111101101001111000110001
11111111111100010010000011111110
11111111111111010001000011100000
11111111111000111001000110000110
00000000000001010010101111000100
00000000000010111000000100111100
00000000000010001100010110111010
11111111111101010011010011001000
11111111111100101111011001101000
00000000000010111011101101010101
11111111111110000010110000110010
00000000000100101101110110000100
11111111111111100110011100100100
00000000000011100011111000101111
11111111111101000101001110001111
11111111111111001101100100000000
00000000000110001100001010100011
00000000001010111001001010110101
00000000001000001110010000000010
11111111111001111010111101010011
11111111111000011011100101011010
11111111111100111101011011001001
00000000000100011011100100110000
00000000000010100100101101001110
00000000000100110011100000000001
00000000000100001010010011001111
11111111111100010110110110110000
00000000000010001101111001100101
00000000001100110111100011100001
00000000000011101010011001110010
00000000000000111111101000110010
11111111111111000011010010111101
00000000001110000000100100010101
00000000000110111101100001000010
11111111111001010011101111100000
11111111111110000010001101101000
00000000000010111001010000010000
00000000000101011101000101111001
11111111111101110100100100000101
11111111111111101011011110110011
11111111111101000100111000011111
11111111111101001000010101000001
00000000000010010010001101100100
00000000000101111000100001101101
00000000000000011111000001111100
00000000000110001000100011011111
00000000000001101110111100011000
11111111111011110111011001000010
00000000000100010010010111011100
11111111111011011010101001011111
00000000000000000100001111011101
11111111111111001001011110110000
00000000000000111101011101000001
11111111111101111001100010011101
00000000000001100111001101100111
00000000001000000010001010110011
00000000000000100011010010101000
11111111111111011011000001110011
11111111111011000111001000010111
00000000000100110000010101101101
11111111111110011000000111010010
11111111111111001001001001010011
00000000000000110000110001011100
11111111110110101110011001001011
11111111111011010111001101000001
00000000000010011101101101001010
11111111111111011010101101000000
00000000000110010101110111110111
11111111111111111000100110011100
11111111111110000010100001011110
11111111111101001100001011111101
11111111111100110001001011011010
11111111111011101100101100100101
11111111111100011100111010000001
00000000000000000100110110010100
00000000000101110011101010111100
00000000000101000101011010110111
00000000000111010110010111101010
00000000000101110111001100001000
00000000000101001111000000100001
00000000000111111101110100010010
11111111110010100100010100111010
11111111110111000010001010101110
11111111111000011111000010011100
11111111111111110111110001010000
11111111111010010000110000011001
11111111101111101010111001010011
11111111101111000000011010111111
11111111110011100100010111000110
11111111111011111101101101011000
00000000000001000000001011010001
11111111111000110000010011101101
11111111111010011110011111110000
00000000001001110011110010000000
00000000001010110011010111000110
11111111111101000001010010110000
11111111111011110100100011111000
11111111111010010010011001000111
11111111111011101000100111110100
11111111111100010111001001000110
00000000001001101100010101001000
11111111111011001101111101011011
11111111110111110010110111011010
11111111110110101010110000111000
11111111111111101001011011011111
00000000001010011100100001101000
00000000000001010011110101000110
11111111111010000110100110000110
11111111111101110100110110011010
00000000000001101101101000001101
11111111111110111101000110100011
00000000000011001100010010010011
00000000000011110110111000111001
00000000000010011111000100010001
11111111111111100011011110010101
11111111111111101101111110101001
11111111110110111001000010110001
11111111111010010011111010111100
11111111111101101111111010001100
00000000000000000101001001100100
00000000000000110010100010010011
11111111111000100100100000000001
11111111110010001011001101110010
11111111111000111100000101100010
00000000000111011100111011100110
11111111111001111011011110001010
11111111101110001001110100101010
11111111111100001110001100010111
11111111110110011111011100001011
00000000001011001111010100111100
00000000000010001010100110010110
11111111100101011000101111011100
11111111110101100110000001000010
11111111111100001110110111010100
00000000000111010110010111011100
11111111111010101001001001001000
11111111110011110010011110111000
11111111110001001100111000111001
00000000001000101001011111100011
11111111110110011001000011001100
00000000000000000111011000000100
11111111110001011101010110100011
11111111111110011011110000110101
11111111111110100010100001011001
11111111111110000111001101000100
11111111111001100111110001101011
11111111110100101010111100010000
11111111111001000111100111000010
00000000000111100011100111100000
00000000001001110110011001010001
11111111111110001100110110001111
00000000000011010101001011101001
11111111111001111001110110001101
11111111111010110001001000100011
00000000001101011000101110011101
00000000000100001110000100000000
11111111110011001001001010100001
11111111111011000000111010010100
11111111111001110010010101110000
11111111111010011000001100110110
11111111110010000100011000010100
11111111101110001000110111001001
00000000001000111110010111010001
11111111111111101001010101111001
00000000000011010001110110110110
11111111111111101110010010011010
11111111110000001100011010001100
11111111111001001011101111111101
11111111111101010110101011011110
11111111111101100001010100100010
11111111111100110001101001111100
00000000001001001110000111101001
00000000001010010110111001000000
00000000010000011001010001000101
11111111111110101000011001100100
11111111111101111000011110001111
00000000001000000101010011001000
00000000001000100100001100101100
00000000010000000111100010001011
00000000000110010110010110100011
11111111111111101001101100011110
00000000000011111111111100111000
00000000001011110111011110110000
00000000001000101110001100110100
00000000000001010010011101000101
11111111111011011111010000110111
11111111111110101000010011010111
00000000001010101011011111110100
00000000001011101000010100011110
00000000000100100100100101011000
11111111111010011110001011111000
00000000001101011100011011011000
11111111111110111110100111110111
11111111111011100001011100001111
11111111111011001111111011110000
11111111111101001101001101011010
11111111111001001111111100111000
11111111111101111010010000110110
11111111111011110001111111010111
11111111111010011100101100101001
00000000000010001110100110100111
11111111111100100000111111111111
00000000000011101010100101111111
00000000000010101010001011001101
00000000000001011011001011011101
11111111110101100010100001100110
11111111111101000110110011011110
11111111111010111011010011101101
11111111110100001110101011111011
11111111111100010000100100000001
00000000000000111010111001101001
11111111111110001101000010011000
11111111111000011001100011000100
11111111111000001011011110011110
11111111110100111000110101110010
11111111111100010011111100100001
00000000000001100111011000011000
00000000000100001100000000101101
00000000000010000011001010010011
00000000001000111101111101000011
00000000001110010001110100110101
00000000001011011000000000110010
11111111111110111100010110001011
00000000000011001000011100001100
11111111111110111010000100011110
00000000000100101110100000111011
00000000000000111010101010110110
00000000000101110010111011101011
00000000000011000101101010010001
11111111111111001110101000111101
00000000000001011010000101111110
00000000000011101100111010001111
00000000000011001101110000000001
00000000001001000101000100111110
00000000000001011110010100100000
11111111111011110011101010111011
11111111111111101100111000110000
00000000000110010111001010010100
00000000001000000111100001100100
00000000000000110111011101000010
00000000000000111100101010010110
00000000000010000100111101111000
00000000000000000111101000110001
00000000000011000000101110101010
11111111111101111001101100101001
11111111111101110111001100000000
00000000000111000100111010000110
11111111111010000010100111011011
00000000000101010010011001111000
11111111111001110111100110100000
00000000000111111100110010010000
00000000000111001001100101101110
00000000000000011100010010010101
00000000000001110100010100011000
11111111111101000111011111000100
11111111111101111111000100111011
00000000000110101000001010011110
11111111111101001001000101011110
00000000000000000010000010000000
11111111111010100001000111100010
11111111111001111010010001100101
00000000000000011001111110011101
00000000000110100100101001010011
11111111111110101011011110100010
11111111111101011101100101101101
11111111111010111010000010011011
00000000001010111011100010111001
00000000001011000010001010011011
00000000000011100011111010110011
11111111111010111010100101001101
11111111111100101011101100101111
00000000000000000100001100010101
00000000000100000010111011001101
00000000000010101000111111010100
00000000000000101100010101111111
11111111110110110101000111111100
00000000000000000111000001001100
00000000000100010011100011100000
11111111111001001110100101110010
11111111111100101110101100100110
11111111111010101001110110011011
00000000001000111001111101111111
00000000000011000011010001110001
00000000001001101010001001000110
00000000000110001110011101111101
11111111111110101101101110110011
00000000000101101110111000001010
00000000000001111100011010010110
11111111111110111010000101110010
11111111111011110110010110000000
00000000000010010010001100110000
11111111111000100000110000010110
00000000000110110101101011010010
11111111110011000011000001010001
00000000000000011000001000010101
11111111111010101010001011001010
11111111111100011000111101100011
00000000000001000110111011101001
11111111111110000001110000010101
11111111111111010101010111100010
00000000000000000001111011010100
11111111111001111110100101010111
11111111111101111010011111000001
11111111111110011001110101111001
11111111111011100101010111111010
11111111101111100011111010011011
00000000000001000100111010000011
11111111111101001011010010101000
11111111111101010101100000101000
11111111111011000000110101100000
00000000000100110101010000011101
00000000000010000010100110000101
00000000000010111100110101011001
11111111111011110110011000000110
11111111111111111100101111100001
00000000000000110011101100011111
00000000000111001000100010011001
00000000000011100011011011011100
11111111111011010001001010000010
00000000001010110110000000100011
00000000000001110111001100110110
11111111110011001001100010000010
11111111111011110001001000101000
00000000000010100110111110101111
00000000001000010010010111011000
00000000000100111101001110100100
11111111110111010110011010100010
11111111111100011101100011101100
11111111111100110111110000000011
11111111111100010101101011011101
00000000000010001011111001000010
11111111101011011011010000000011
11111111111000011001111101010101
11111111110110010101001111100111
00000000000011000100011000011111
00000000000011001001000001011100
11111111100001001100011011111100
11111111110010001001101110100011
11111111111001010001000101011111
11111111111111111001110011110101
11111111110111001100010111101001
11111111100001000101110100101100
11111111110001101011011110111001
00000000000100010111010100110011
00000000000111111011011110110001
11111111101110011100100110010110
11111111110111101010000010010101
11111111111001000000110010010011
00000000000011110001010000101010
11111111111110001010111101010000
00000000001010100111010110011010
11111111111110111010000010000111
11111111111010011101100010110010
00000000000000011011001001011100
00000000000001110110000011110101
00000000000110111110100001000011
11111111111100010010011000011101
11111111110001100111001110010011
11111111111110101010010101100011
11111111111111001111100011001111
11111111111010000111000000111010
11111111111001100010001000100100
11111111111001001001000100101100
11111111111000010001010100110101
00000000000001101111001011000111
00000000000101111101101011010011
11111111111110100111100111000110
00000000000110110100001111110101
00000000000010000111100000101001
11111111111011100101001101101011
00000000000011100011110011010100
