11111111111111001111100000111001
00000000000010111001000110010100
11111111111111101111011011110110
11111111111101101100010110110000
00000000001101101101111000111111
00000000001000010010000001110000
00000000010001101100101000111101
00000000000110101011010010100100
00000000000101010101010001000100
00000000000000110001001111010111
11111111111111100000001010011001
00000000000011001000000011010101
11111111111011001101011111010001
00000000000001100100111000011001
11111111111100110110101111110011
11111111110101101110010100111101
11111111111001010000100101000100
11111111111010110110100001001000
11111111111110001010000111111111
00000000001010111001101011100000
00000000001000100011100001101001
00000000000110011001001111110010
11111111111110101001110011001011
11111111111001010000010011101010
11111111111101011100010110010001
11111111111110110000011110011001
11111111111110110111100110010100
00000000001100100001011011010100
00000000001010100000111100000100
11111111111110111010000010100111
00000000000111101001001010000010
00000000000111001001110100101010
00000000000110001010001010101001
00000000000010111100101110111111
00000000000001011011100110000100
00000000001010111010111000001100
00000000000110001110001100101111
00000000000000001001010000111001
11111111111010011000011111101100
11111111111011101011000010000101
11111111111101011000110100000000
11111111111011010110100000101010
11111111111101000000100100010100
11111111111111001000011110111101
00000000000001100110011100010101
00000000001011010000000010111011
00000000000110001111000111110110
11111111111110101011101101011100
11111111111100101010100000000111
11111111111101110110110000001010
00000000001101010011110000110001
00000000000010100001011100101000
11111111111110000100001001101010
00000000000001111001001001000100
11111111111110000101100101000100
00000000000000011110000100000001
11111111111100111110000000001111
11111111111010111111001011101100
11111111111110011100000111010100
11111111111101000010010111100110
11111111111100010010110011000001
11111111111100001011111011010001
11111111111101100100101000011000
00000000000010111001110101001111
11111111111111000000000011111000
00000000000101010111111101111111
11111111111111111111100001011000
00000000000011011101000111100110
00000000000111011001111010111100
00000000000000100001110011000110
11111111111111111110001111010001
11111111111011101100101100100000
00000000000010110100000000010110
00000000000010111011101111101101
00000000000100101111100001111011
00000000001010011100000101100010
00000000000001100011011000100110
00000000000010101100100111100001
00000000000000110011110011001000
11111111111100110110011011101101
11111111111011111010111101110111
11111111111010011011101001110101
11111111111100011000111110110110
11111111111010000111001101011111
11111111111101010000001111110000
11111111111111010001011110101101
11111111111101111110011101101101
00000000000001000010101101001010
00000000000010111000011011010010
00000000000010110100011010101000
11111111111110101010111011000010
11111111111111001110011110000101
00000000000000110111101011110011
00000000000010110100101100101100
00000000001000111010000111111000
11111111111110101011100011101101
11111111111100011101001010011001
11111111111011110110000010000010
00000000000001001101111111001101
00000000000100000001010111011011
00000000000001001100010111111000
00000000000010010100011001100100
00000000000011011010011111110111
00000000000001100000000111000001
00000000000000100000111111000101
11111111111010110101010100100100
00000000000100011011001000100100
00000000000001110010100000111011
00000000000101010100101000111100
00000000000000011001101001011011
00000000000101011011010101000011
00000000000111011000101100010111
11111111111110001111010101000010
00000000000110111110110100111001
11111111111010110101110100000111
11111111110101010101001110111111
11111111111100000010100001001101
11111111111101100010110011001000
11111111110011110010010010101000
11111111111001111111110011010011
11111111111110101000011100101100
11111111111110000001001000001100
11111111111001001100001001110001
11111111110110010101011100000011
11111111110011001000110111011100
00000000001011110110010111110100
00000000001010000010110011101100
00000000000010011101011101110001
00000000000000010011011111110010
11111111101111110001111001101011
11111111111010000101111001011101
00000000000001000111100000100010
11111111111111110000100110010100
00000000000101101100101010111110
11111111110101110010011110010101
11111111111100111111110100011101
11111111111101000101010001110101
11111111111111010001110001101000
00000000000111010101111000101000
11111111111000101100100111100000
00000000000010011100100011101111
11111111111111100010110011011101
11111111111010000100100011001001
11111111111001100110100011110011
00000000000101001111010011000101
11111111111101011000010000000000
11111111111101101110101110101101
00000000000000111101010000011100
00000000000001111111011101001000
00000000001100100011101001110000
00000000000010010100100110000100
11111111111110001110111000011000
11111111111110100001011001001111
11111111111111001001101010110010
11111111111101101110111011100110
00000000000011011000110011010010
00000000000100000101011011101010
00000000000011011011110101001110
11111111111111000110110110011000
00000000000010110001100010011110
11111111111110111001010101100011
11111111110101101111110010011111
11111111111100001100000100010011
11111111111010000101010111110110
00000000000110001010110101001110
11111111111101011010111000110010
00000000000000100100100100101111
00000000000100101100101111111111
00000000000110010110000000100110
00000000001110100000000000111111
11111111111010101100101011001001
11111111111000001010100100101000
11111111111001001101111100011110
11111111111100011110011011001011
00000000001000100111101100101111
11111111101110111100100101000100
11111111111111011110101101011011
00000000001111001001110010011100
00000000000010011100110110010000
11111111111011100001111101110010
11111111111110101111110110010011
00000000001000100101101111111110
00000000010000001111000010111100
00000000000110001101000000100100
11111111110110110011101110010010
11111111111011101111111011110101
11111111110111011011100111100101
11111111111110100101111010011000
00000000000000011001000001011001
11111111110111011001101011001000
11111111110111100000101100110000
11111111111110110011010011010010
00000000000010001001100111101101
00000000001000010100110110001000
11111111111010010000100111100011
00000000000110110100011101011001
00000000000100011011011100101001
00000000000101011110000010100111
11111111111111101100110110011101
00000000001110000111101100110110
11111111110111101100001000010110
11111111110111111010101011000110
11111111111111101000000111110011
11111111111101011101110101001101
00000000001001110101001111001000
11111111111100000001110100001111
00000000000110101111000000011101
00000000001110001000010011111101
00000000000101101111000010111100
00000000000011000010001111011111
00000000000100001100000101100111
11111111111110111010100010010101
00000000000001101000111110110100
00000000001000010000101000000100
00000000000111101010101111100110
00000000000000100101000011101101
00000000000001110000100110100010
00000000000001010101001110010010
00000000001001110100100111011100
00000000000001001001001101001011
11111111111111000011010100010111
00000000000110001111101110111110
00000000000101010001100011110100
11111111110010111101111011100111
11111111101001110011010010110001
00000000000110001010110000111101
11111111111100100010010111100010
11111111111101101000001001111001
00000000000010010111001001100000
00000000000001101001111010101001
11111111110100111110100000110101
11111111111100100000110010011000
00000000000010011001011010010000
11111111110100100010010111111000
00000000000001100111011100000010
11111111110011111011111010001100
11111111111110110100110110110001
11111111111110000011000110101101
11111111111100101010010110101110
11111111111111000000011100101011
11111111111011100011000101101001
11111111111011010100111010000111
00000000000001111110110101011101
11111111111111110001001001101111
00000000001001111110101110010100
00000000000011010000001100010010
00000000000110001010101111001100
11111111110111110110011101011001
11111111110110001000000000000101
11111111111110111110001000100100
00000000000110000001100011010010
11111111111111011010101110011110
00000000000000100100010011011001
00000000000010000011000010111101
00000000001010010111110111010011
11111111111100111110101100111111
11111111110101110100100100111110
00000000001100110110001001001100
00000000000101010101100011101110
00000000001001001101001001110011
11111111111010110101100010010110
00000000000010010101101100111100
00000000000110110001110011100110
00000000001000101111000111111000
00000000000100000100100100100110
11111111111100000100011100011111
11111111111011110011001111111010
00000000000000000011000000111011
00000000000100111100110100101000
00000000001010011011000100111111
00000000000000110101000111000110
00000000000011100111101011100000
00000000000001011111010000000110
00000000000110010111111101001110
11111111111010100000000001000000
00000000000100111000010101010011
00000000000101000000010011101010
11111111111011001010111101101011
11111111111111010001001010101110
11111111111010110001001010101011
11111111111111010010110110001100
11111111111011101111100011001100
00000000000010001100001011010101
11111111111111100111111011111100
11111111111010010101111111011100
00000000000011110111011100011001
00000000000011111101001101000011
11111111111110010010111111100001
11111111110101001100100011110001
11111111111011010110001111110101
00000000001001101110001110100000
00000000000000011010011110101100
00000000000011100010010001111111
00000000000010100110001111101101
00000000001110110001111100101110
11111111111011111100110001000001
11111111111100110010000000111101
00000000000001011110110011111111
00000000001001101111001010011010
00000000001011011000001001010010
00000000001101101000010101001001
00000000001110011100110011000010
00000000000110001111010111100101
11111111111010001110001110101001
00000000000001011000011100010110
00000000000101111110010100000101
00000000000101100110000100011101
00000000000010101011111100010000
00000000000100111010011011110110
00000000000100100110100100101110
11111111110110110110011010011111
11111111111010101101010001011011
11111111110100111000101101110100
11111111111111111010010111110001
00000000000000001110000111100100
11111111111101001011001110100011
11111111111101000101110110100000
00000000000000110000100111001101
11111111111010001111000100001010
11111111111000110010011110000011
11111111110111001110010100101011
11111111111111011100010000110001
11111111111111110011011001110000
11111111111011100011111010011010
11111111110011000000110100011011
11111111111101001000011101110111
11111111111101101000111011101011
11111111110011101110001001101111
11111111111100000101100001011010
11111111111111101101010100010000
00000000000010000100111000111111
00000000000111001111000110011001
11111111111101011011010010000100
11111111111100010111100110111111
00000000000011011111111000111110
00000000000100110000101010011010
00000000000100010111000111110000
11111111111010010110111110111010
11111111111101101010010010011111
00000000000101000011011111001010
00000000000100000101111101111001
11111111111011101110110000101111
11111111111001101010010100110101
00000000000100110110011110001011
00000000001011000101110001101011
11111111111110101000000010011000
11111111111110100110000111011000
11111111111111101111101011111010
11111111111110111000011001101101
00000000000101000110001101100001
11111111110111011010101101101011
11111111110110110111000011101101
00000000000011110110110001011101
00000000000011000111101010110001
00000000000010001010101100001110
11111111111100110010001110000011
11111111111101111011110110010001
11111111111111110011001001010000
00000000000010000011000110111100
11111111111111110100000100010001
00000000001001001110011000111000
00000000000001100010100010000010
00000000001001100000001110110100
11111111111101111011001011100011
11111111111101111110101101101111
00000000001100010010101100001011
00000000000011101011001100011011
11111111111011111100000000000110
00000000000001000100000010010110
00000000001000000000101101010100
00000000000010001011000100111000
00000000000000011011111110001111
00000000000001101000111010110011
00000000000001010001001001111101
00000000000101011110000001010001
00000000001000101101011101100000
00000000000100000110100001000001
11111111111100111000101110100000
11111111111000011110011010010000
11111111111010101001111010001000
00000000001000000010111010101100
00000000000111010011101011111010
00000000001011001110101000000010
00000000000101010111011111001100
11111111111110111111110111011001
11111111111000100101011110000000
11111111111101000010010100000110
00000000000001111000000110011011
00000000001010100011100100001010
00000000000101100101000001111111
11111111111110001011100010001100
00000000000011110000000111100100
00000000000100110100100001111111
11111111110110010001000000010011
11111111111010010000110001110111
11111111111010001111010010011010
00000000000010110001100111101011
00000000000101011001011100000000
00000000000100001001011101000011
11111111111101001001010000000011
