00000000000101000101100001000010
11111111111101010110010001001101
00000000001010111010010011100011
00000000000100111000000111111010
00000000000100010000110100001000
00000000000110100111001000011000
00000000001001100011101101111111
00000000001000110001111000111101
00000000000101111111101000010000
00000000000001100010100110100111
11111111111111011010001111110111
00000000001000101011000000010000
00000000000001011000000101011011
00000000000001100001010011100010
11111111111101010101111111100010
00000000000000001100010011100111
11111111111100010110110000011101
11111111111111110110001101101011
00000000000001010100011000000110
00000000000000101010100000011110
11111111111110111011100010001100
00000000000000011100101100010001
00000000000001100011010001100111
00000000000110001010101000001001
00000000001001111100011000001100
11111111111000001001101001011101
11111111111110001000010010011100
11111111111110011010111011000101
11111111111011001011001111100100
11111111111110111011100101111010
11111111111011010010000010111101
11111111111001001001100101111101
00000000000110010100100011110000
00000000000101110001000101011110
11111111111101010101010111010010
00000000000110110001000110110010
11111111110011001101111101110011
11111111111101010111100010001100
00000000001000001110111000110101
00000000000110101010000100000001
00000000001101101101000111001110
00000000000000111111010110001001
11111111111001000010111000001110
11111111111011000110111000011000
11111111111011001101010100110100
11111111111101100011010111000100
11111111110110110001110111011010
11111111110110000101111011011001
11111111111001010011100110111011
11111111111011011101010110111010
11111111111001101101110100100101
00000000000011000010100101101101
00000000000110011100101101010111
00000000000001011001011110010101
00000000000100110110011111101010
11111111111010101001000110111010
11111111111100110011111110011001
11111111111111100110011011010100
11111111111101001011110101001011
11111111111101000010001011111110
11111111110000110101100001000011
11111111111010101010000001011110
00000000000000011111000000110111
11111111111010010011000101000100
11111111111010011000101010100000
00000000000000011101011000110101
00000000000011000000011000011000
00000000000001110111101001010101
11111111111100101001101011111100
11111111111100000000111001000000
00000000001000100001001010100101
00000000000101100010100000100001
00000000000100001000101110000110
11111111111011000000010101110110
11111111111100010011001011110100
11111111111100111010000011110110
11111111111111111010011001100100
11111111111111100001010100000011
00000000000000100000010110101111
11111111111110110000110000000000
11111111111111010001010110001101
11111111111100010000110100111010
11111111111111000001000111101101
11111111111101101101100001100011
00000000000000011100100100001000
11111111111011100001101110111011
00000000000000010000100010111011
11111111111111101000010101110000
11111111111110001011101011100111
00000000000010001110101110100110
00000000000011001010100000100001
00000000000011111001000011111000
00000000000011010001110111111001
00000000000100101010010111111010
00000000000001001010001010011100
00000000000011010011101101010011
00000000000111110000001010011100
00000000000101110110001101001110
11111111111100101011011110100000
00000000000011000001000101011101
11111111110110110101011111101001
11111111111110110111100101001111
11111111111100100111010000010110
11111111111011001100000101101101
11111111111101101001011010010010
11111111111001000001110111100110
11111111111011101100111100000100
11111111111011000010110000001111
11111111110100110010001010110011
00000000000001111100001000001010
11111111111111001100111100111101
00000000000101001011100100000101
00000000000010000010010110000001
00000000000101001001000110111010
11111111111100001010001100100000
00000000001000100101110000111100
00000000000100000101100010000001
00000000001010100101111101110000
00000000000001011101010110001011
00000000000011011010000111000110
11111111111111101100111000111010
00000000000010000101100100101101
00000000000011111011011000110100
00000000001011001010001110110001
11111111111101001011001101010110
00000000001100011001101001001101
00000000000100010010010001111001
11111111111110001111100011111111
11111111111111000000101101100111
00000000000001110010010001000110
00000000000000100000100111110111
00000000000010101000101110000111
00000000000010010001100000000000
00000000000011001001000010100110
00000000000001101100110000010100
00000000000101011011011000010001
00000000000011101000000110100110
11111111111110101110011000010011
11111111111110110001110000000101
00000000001010100100010110011100
00000000000000001010000011001101
00000000000010001011101000010111
11111111111011010111101011111111
11111111111000000000001110011101
00000000000011000100011100010011
00000000000011100111011001000011
00000000001001001010011010000011
00000000001011111010111101100001
00000000001000011100011000100111
00000000000100100111100111011100
11111111111100000001011100000001
11111111111110110000100001010110
00000000000110110100110100110101
00000000000100010110111111110000
00000000000001000110011100110110
00000000001000011100011100000011
00000000000111001110110100000011
00000000001000100010100111100100
00000000000111110101010110101010
00000000000001100101000000110111
00000000001001110100100010000100
00000000000111010101010011000010
11111111111101011001101010100110
00000000000011111100100100001011
00000000001100000100110110101000
00000000000101000000001011110001
11111111111101011011101010001010
11111111110111110010110110010011
11111111111011101000001111101001
11111111111110100101000010001011
11111111111100000010100111100001
00000000000011001111110101101011
11111111111111011111111000000111
00000000000011101000011100101011
00000000000011001100100001111010
11111111111010101101001001001100
11111111111101000111100100111100
00000000001001000001101001011101
00000000001111000010001011111011
00000000010010100001100010011111
00000000000110110011101001101101
00000000000010000010110010000100
00000000000111000001100000000001
11111111110111010101100101111110
00000000001100100101100100100100
00000000000001011101101000110000
00000000000001111100010010000000
11111111111110111101100010000000
11111111111101011110010111101011
00000000010000010111110101010000
11111111111111110010001110010001
11111111111111000101101001100011
11111111111111101011111111000000
00000000000001111100010001101110
00000000000001111011010011111000
00000000000001111110111111010010
00000000000110111101100111100101
00000000000111101101011110111110
00000000000111101001000101010001
00000000001010010000010011110101
00000000000000000011110000011001
11111111111001101011111001011011
00000000000000011000001110100011
11111111111000100100111011111111
11111111111010111010011110110001
11111111111010011110101010000101
11111111111011101000000010101010
00000000000010101001111111000101
11111111110100000101100011000110
11111111111111110011100010100000
11111111111101011000100010001101
00000000000000010111000011110111
00000000000100010100101100100011
11111111101111111101001001010100
11111111111111000010111110011001
11111111111111011011000101100100
11111111111111011010101000101110
11111111110101111101101101111000
11111111101111111010100010101011
00000000001101000101111010000010
00000000000111001100110101101000
11111111110011011010010111000111
11111111110010010111100111101000
11111111110100001101101010110111
00000000001110010110110110010011
11111111111010001001010000010111
11111111111010011010111101100000
00000000000011010111011100100111
11111111111001000101101000011000
11111111110110101100011100010001
11111111111100110110101001100011
11111111111101111001000101110111
00000000000010001001101101110100
00000000001110000010100100010111
11111111111110000111110001110101
00000000000101010110011011111011
00000000000000100001000000011010
00000000000111001100000111000101
00000000000001111000110011101110
00000000000100011101100000110100
00000000000110011110110000101101
00000000000010011001100100000111
00000000000010110101001011111111
00000000000011011110101001000001
11111111111101000001111111100101
11111111111101111001111101110111
11111111111111000010111110111110
00000000000111101011001001101101
00000000000010000111110111101111
00000000001000101110001100011011
11111111111101001110111101011000
11111111111001111100011010101000
00000000000100000000011000110000
11111111111101010100111000011001
11111111110111001110001111011001
11111111111110101110111011000100
11111111110101011011011111000000
11111111111011101010111101010010
00000000000100011001110101111111
00000000000101101111110000001001
00000000000010110111101000010110
11111111111100101000001110011111
00000000000100101111101100000101
11111111111111111010010111101010
00000000000011001000110001101010
00000000000001010111001100000001
00000000000011111001110001100100
00000000000101000101100001100100
00000000000010101010100001100001
00000000000111010110000110101010
11111111111010000110111110100101
00000000000001010010000101111110
00000000000100100101000000111101
00000000000111110001001000100001
00000000001110100000110000001111
00000000000001010010001111100101
00000000000110010101011101111101
11111111110111100001001000000010
00000000001011101110000010001010
00000000000111001010100001011010
00000000001100110100001100110101
00000000000100001100101111110001
00000000000000010010011110101000
11111111111111100100000010110101
00000000000111111001010001110111
00000000001010100111111001001001
00000000000100000001101110000011
11111111111111111101110011010100
11111111111010101111100001101000
11111111110110001011110000000110
00000000000100010100100110110001
00000000001000001001010011011101
00000000000011011101111110000110
11111111111110100001001000001011
11111111111110000001110001110001
00000000000111110001111001101100
00000000001010111111000111101101
00000000001001110101101010000010
00000000001100100011010010001100
00000000000101000000110100010110
11111111111010000100010110001110
00000000000101101110110111100000
11111111111010111000000101101010
11111111111010110101110100110100
11111111110110011111010100111000
11111111111000011000010100110000
11111111111101001111011111000110
11111111111110100011111101001100
11111111111011000011101010110111
11111111110110010010000110001101
11111111111011001110101011010101
11111111111010110011110000110101
00000000001000100111000101110111
00000000000111011000101101001010
11111111111101110000110011001101
11111111111001110010110010110011
11111111111000100001011001010011
00000000000010010000011001010101
11111111111101110011001010111101
11111111110111011011001011111100
00000000001011110101000111010010
00000000001001101001101111110011
11111111110100111111000101100100
11111111110101100100011010110110
11111111110011001100100100110001
11111111110011111010010000001011
11111111111101010001101100110101
00000000000011000111000010011100
11111111111110101100110011101101
11111111111001011000111001010110
11111111111100011101001011001111
11111111111010011101110110011111
11111111111010111011111001111100
11111111111101010011111010111000
00000000000000110000000101010100
00000000000111110001000000001101
00000000001001110011111011011011
00000000001011101010001000100101
11111111111010101101110111101110
11111111111010010110111101011110
00000000000000111011001000001110
00000000000110111110011011001010
00000000000110100001000100111001
00000000000001101101111111101000
11111111111110101001001011001010
11111111110110100000110000100111
00000000000010001101011011010010
00000000001001010000100011010110
00000000000110010011011110110001
00000000000011101110100010101101
11111111111000000100010000101100
11111111110111101010100011111010
11111111111000111100000100100111
11111111111011100000000110111101
11111111111101000111010100000010
11111111101011000111011111001010
11111111111100000101101000000011
00000000000000001110001111000101
11111111111101110011110110001101
11111111111011110110000000110100
11111111101101110111001011011111
11111111111010100010100001100111
00000000000000001010000010010110
00000000000010110101110111110011
11111111111000001010000010010100
00000000001000111101010110001100
00000000000000000011010001111001
00000000000101001111111000100010
11111111111010110010010101111111
11111111111110100010101001010011
11111111111011111111111101000101
11111111111000101101000001000001
00000000000000110111001110011011
11111111111100010111100001110110
11111111110111001101000011000000
11111111111011001001000110000010
00000000000000010101011000111000
11111111111011100001110110111001
11111111111011110010100011000001
11111111111010111011001110100000
11111111111110011110110000110010
11111111111110100011100001110100
11111111111000111000010011011011
11111111111101011111010111010100
11111111111010011011100101001010
00000000000101010011011100011110
00000000000101101111101100111010
00000000000101011110100100011110
00000000000101101011110010000010
00000000000110100011100011101100
11111111111111001110000010001010
00000000000000001011110100100100
00000000000111111100010001001111
00000000000011000011011110101111
00000000000111100111010001011110
11111111111111110100110011101110
00000000000001100010000101001100
00000000000011011101011001100010
00000000000010111101101111100010
11111111111010101111011100110101
