00000000000101011011011100010111
00000000000011011000011111111011
00000000001011110010111000001110
11111111111110011001011110111011
00000000000101001010010000100100
00000000000011000001110111011010
11111111111110111110111111001011
00000000000010101011101000011111
00000000000110000011110101011010
00000000001110110101001001000011
00000000000010000011110011010011
00000000000010101000010001100101
00000000000110001110101001110111
00000000000010110000101101100010
00000000000000000111001011001010
11111111111011001010011111010000
11111111111001101101001000000110
11111111111100110101001001011001
11111111111101001011010010100011
11111111110101110101111000000010
11111111111100011100001101010110
11111111111010110100111110001010
00000000000001111101111011101000
00000000000000110101101110011100
00000000000011110011001011011000
11111111111100011001010101010001
00000000000101101011001110010111
00000000000000111111000100001110
11111111110100000110000001101100
00000000000010001000010111011010
00000000000010111010100111100100
00000000001011001000010110111111
00000000000111110111010000100111
11111111110111001111010110101100
00000000000001101111001001101000
00000000000111000001110011111111
11111111111010001111000010010000
11111111111011010010000001111011
00000000000001011010011000101100
00000000000100111101101001110000
00000000000010010000011110110110
00000000000101100001010001010011
00000000000001011110000101010001
00000000000001110000100101111101
11111111110111100100001101011110
11111111111011111011011010100111
11111111110111001011001001010011
11111111111100110000011101000110
11111111111011100100001111001111
11111111111010110010111111101010
11111111111101000100101101011001
00000000000010010110011001000001
11111111111011001011110110001001
11111111110110100111011011111100
11111111111100110001010111110001
00000000000001001010000100010011
00000000000010010110100100011000
11111111111111011101000110111000
11111111111001000001001101010011
11111111110111100010110001110101
11111111110110001000110100010100
11111111110101111010010100101011
11111111111010111010101010001101
11111111111011100111111100010100
00000000000001010101001011111001
00000000000101001110111111101011
00000000000010001110100111011011
00000000000101010010010111101111
11111111111111111101111110101110
00000000000011100000010010110110
00000000000111101111110111111000
00000000000110110011111001000001
00000000000101001010111100101000
00000000000101011010010000001000
00000000000100001000011011000000
00000000000000010110110111100001
11111111111011011000100110101111
00000000000100001000001100101001
11111111111111110101101001010000
11111111111000011010111111000000
00000000000000001100011010110100
11111111111111011111000010011010
00000000000000100110101111101101
00000000000101010001010010000101
11111111110111101010110000111110
11111111111100110110100000110101
11111111111100000111111100110000
11111111111001110110011000100011
00000000000011000010011100011101
00000000000000000101100001110010
00000000000001001000001110110111
00000000000011110100100000110001
11111111111110101010010101011111
11111111111111010111000000100101
00000000000001000001111111110011
00000000000011010010001010111110
00000000000011100111001110111000
00000000000101100001101110011001
00000000000011100000111101100111
00000000000111111000001011101011
11111111111001111011000001100011
11111111111101010011000010011011
11111111111000101111000011010000
00000000000100010110000011000110
00000000000100110100010101101111
11111111111011001100100000100000
11111111110111001100000101111000
11111111111001111110101000010111
00000000000010001101100000111011
00000000001101001001110001011110
00000000000000010011011100101111
00000000000001001010011110111000
00000000000101000111100000100001
00000000000100101101001101010010
11111111111010111010101000111010
00000000010000011111010011101111
11111111111110011001111101101001
11111111111111101011011100000101
11111111110111111000101000100001
11111111111100011111000011010100
11111111111001101110111101000101
11111111110110111011101010111010
00000000000101001101100010011111
00000000001001011000111011000110
00000000000111011001001000011010
00000000000011011100000101001101
11111111111110100001000010110001
11111111111111101101101010011000
00000000001001000111111110100100
11111111110101111111101100100010
11111111111110110110010101110110
11111111111110010111000011010001
11111111111111110010111101100100
11111111111101010110000101110000
11111111101110010010110110010110
00000000000011010000110010011101
00000000000011001100101000001011
11111111110111101010000010000000
11111111111011100101001111010011
11111111111011100001000111000010
11111111110111011111001011010100
11111111111110001100100011101100
11111111111111100101010100011110
11111111111010001000101010110011
00000000001010100010000100111001
00000000000010110101011100111010
00000000000101001101001010010100
00000000000110001100000001001001
00000000000011010000011110001111
00000000000111001000110000100000
00000000000011000111000000101100
00000000000010110010001000010100
00000000000001101000100011000000
11111111110101010101100011010010
11111111101111111000111101110001
00000000001110001111010111001100
00000000000111001110001100000010
00000000001110001101101010000100
00000000001010011001111010111010
11111111101110111101110011111000
00000000000110000010011000111011
00000000000110100111101000110011
11111111111110100101101101000101
11111111111111010111011001101101
11111111111100000001111101101100
11111111111011110000100001010111
11111111111011110100100001100100
11111111111110010111001000111110
11111111111011101101100100101100
11111111111011111111000000100100
11111111110000101010100100100010
00000000000001000000010100101000
00000000000011000101000111110100
00000000000101011011100011010111
00000000010001111100001101100000
00000000000001001110111111101000
00000000000011010000010110110011
00000000000110100101001100110111
11111111111101100011000111001001
11111111111001100101001010100001
11111111111100011111001011010110
11111111111100001000000011101110
00000000001111110001110000101011
11111111111010011101100100000100
11111111110110110100010000001100
00000000000100010101011011111001
00000000000011100110000010101100
00000000000010111110100111010101
11111111111000001110100000000110
00000000000110101010111111000010
11111111111110100110001010100001
11111111111100001000001011100111
11111111110101011110110011100100
11111111110001100100010001101100
11111111111001000000101010000011
11111111111001000101111010110011
00000000001000000100011000100011
00000000000001011111101011100110
11111111111110001011010001101101
00000000000010010000101011000001
00000000001000001111011100110100
11111111111011011011110110111110
11111111111010101110010100101001
11111111110001101101101110101111
11111111100011100111110010010011
11111111110110110001100101011010
11111111111010101010110011011000
00000000000011101010010001011000
00000000001110101110001001010010
00000000010010001011111000000010
11111111111011101010010110110000
11111111111101111001000011100000
11111111111110100111100011101000
00000000000000011100101111011100
00000000000001100001001001010010
00000000000011010100101001101101
00000000000000101001100000000001
11111111110110000010011110000011
11111111110011011110101111010000
11111111110001010011110011111010
00000000001000001011111111100100
11111111111101100101110001100100
11111111110001000011010000000110
11111111110000100110011111011001
11111111110010100110011001011010
11111111111111010110110110010011
11111111111101100010000101010000
00000000000100011000100001001111
11111111111001111100100001101101
11111111110110101111000001000110
00000000000100101100010000011111
00000000000011010010111000100110
00000000000010100000100000111101
00000000001110000101100100101011
00000000000001101000010010001110
00000000000101111100010011000100
11111111111111101001110100010000
00000000000011010000101011001001
00000000000010111000100101111010
11111111111101100111111001010010
00000000000111000010110111010010
00000000000000101100100010110001
11111111111111100100101101010111
11111111111111100001100011101011
11111111111110100111010111000001
11111111111001001111110101111010
11111111111110010100100010000111
00000000000110100101011011000011
00000000000110101000000111111011
00000000010011110101111011110011
00000000000101000000101000011111
00000000000100110110100010111010
11111111111101111001011000010011
11111111110000000101010011101110
11111111101011010001001110110010
00000000000100000101101000111110
00000000000000011100001000101011
00000000000001111001111101000110
11111111111101010111100000110111
11111111111110001111100100100100
11111111111101100011001010011011
11111111111110101101111110011001
00000000000000010100110000001110
00000000000100110011100111101100
00000000000111001110010101010100
00000000001010101100010101001000
00000000000011010110001000101110
00000000000010111111001101100011
00000000000101001011110001000101
00000000000110011010100010000001
00000000000100110001111110101011
11111111111001001011001101100000
11111111110101010010110100100100
11111111111101010111011001111111
00000000001101110110001000000011
00000000001110110001110100001000
00000000000100100111010010011101
11111111101101011100001100000010
11111111110010001001010100000011
11111111101011001011000010001111
00000000010001101110010011100110
00000000000100111011000111000111
11111111111110111110111010110101
11111111110101100011010001000100
00000000000000100010111111111100
00000000000000011110001101111100
11111111111011100010000111000011
00000000000001110001100110110000
00000000000010011101010010011001
00000000001100110111111011111111
11111111111001010101110100010011
00000000000110101000111111100100
11111111111101100001101110110000
11111111111110111100010011100010
11111111111001000011101100110010
00000000000010001100001111011110
00000000000110010011011001110110
11111111111111001011101111011001
11111111111110100011000000101000
00000000000001001111111000111000
11111111101001111000011000110100
11111111110101101000101100101001
00000000000001100000111001100001
00000000001010001010100010001111
00000000001001000000110110101001
11111111110000101011100001111001
11111111110111000001110111001100
00000000001011010000101100010001
00000000000110101110010100000111
00000000000101000111000110001011
11111111111000100100101111000101
11111111111001110011011110111010
11111111111111101110100000100010
11111111111100100111011101010110
11111111111100100001000000111110
11111111111011011001111110001011
11111111111101011011001001101100
00000000000111101110010011010010
00000000000011101010101111101100
11111111111001100111111101011100
00000000010000100011110111011000
00000000000111100011000111110001
00000000001111101001100001010111
00000000000111010100100000001000
00000000000110011001000111001100
00000000000111011100110100011101
00000000000001111111100010011011
00000000000000001010110001001110
00000000000010000010010011001110
11111111101000111110000101010010
00000000000010010010100100101000
11111111111011001101110110011100
11111111111001011000001100101001
00000000000100101000101001100100
11111111111011010110110111111101
00000000000010110110100001001000
11111111111011110111011110111111
00000000001000011011000001100000
00000000000100111001011000011100
00000000000011001000011110110000
11111111111101001000010011001110
00000000000010000010111011010100
00000000000100111010100111000001
00000000000100001000110011101010
11111111111110010001100001101010
11111111110100001010011101000010
11111111111000101001110000100101
11111111111111000111010110001110
00000000000010100101011110111010
00000000001000000110101111100010
00000000000101011001001110010110
00000000000010110000011111111011
11111111111101111011100001011010
11111111110110000001010111111111
11111111110100100101100100111001
11111111111001110100101101000110
11111111111011110111101101101011
00000000000010100000111010111101
11111111111001110110010111101111
00000000000001000001101000011111
11111111110111001101111101111110
11111111110100000111011110010010
00000000000010010011010111110000
00000000001000010101101011000101
00000000000110111010010000010010
00000000000101100010011010001110
00000000000010001101101001110110
00000000001001011100100001001111
00000000000001110011101001101101
00000000000001001101010000101100
11111111111011001110001100010000
11111111110111010011010110011101
11111111110110111001001111000000
11111111111001001010101111111111
11111111111011110100110010111001
11111111111010011110111111111101
00000000000110101110001000101011
00000000000101111000010010101110
00000000001010011100010010000010
00000000001000111001011101100101
11111111111010010100010011000111
11111111111111100101110000001010
11111111111011101000101110011100
11111111111111100000110100100011
11111111111011110011000001010100
00000000000010101000100010100010
00000000000011110001101110101101
00000000000101110111100011001011
11111111111111000110100100110111
11111111111111100100001001110001
11111111111110110110000101000001
00000000000011110000010110100101
00000000001010010000100010001110
00000000000111111111011011011011
00000000000001000010111101010111
11111111111110011110101110110011
00000000000100001000001001011101
00000000001000111011101111010101
00000000001001001101011110110110
00000000000010000001111110001101
