00000000000000011100110100100011
00000000001100100001011100111101
00000000010010111101011111110001
00000000000010011010110001100011
11111111111101010111100100000001
11111111101111001010001001110110
00000000000101110010011101000010
00000000010010101110100010011101
00000000001010011010000000101010
11111111111000101010010100011011
11111111111111110101000001110100
00000000001010101001110100110101
00000000000011110110000100010011
11111111111111110101010011000001
11111111110101001111000101110001
11111111110101111110001110011100
00000000000100110100101110101101
00000000000111011101111110100001
00000000000010000000100000100100
00000000000011101011111001000111
11111111111111011001100111101101
00000000000101010100001001101000
00000000001101001001001111100000
00000000001000100100000001010111
00000000000011010000111111111010
11111111110010011100011001101101
11111111111101000000100011101101
00000000000100000001101110111011
00000000001000000011101100010011
11111111111111100101100101011000
11111111110110011100001000101000
11111111110110001101110010111111
11111111111101001001001001011100
00000000000111001100011110010110
00000000000000011100000101110100
11111111111110001101000110110001
11111111111100110000110100110001
11111111111101011000101100110111
00000000000111110001010110001101
11111111111001000101101101110000
00000000000001000000000011111010
00000000000011001101101010001101
00000000000110110011011001110100
00000000000111111010001111011111
11111111111011001101100000100110
00000000000011110001101100010000
00000000010010101100110011101110
11111111111101101110101110110110
00000000000100111000110011101100
11111111111100000111111110001001
00000000000100001011001100100110
11111111111100111000010001111110
11111111110111011010101001001100
00000000001100001110101001110010
00000000000100001110100110101001
11111111101101100111111111000100
11111111111001000000011100101110
11111111110101001001010000011010
11111111111011010011000000001010
00000000000000010011010000010101
11111111110000111101101110100001
11111111110111011010010100100110
11111111111000111101000011011111
11111111111111111011101101011111
11111111111111000011010010010011
11111111111111000100101001100000
00000000000101010001010101111010
11111111111111100101010100110110
00000000000010011101100001100001
11111111111001101010101000000000
11111111111101111000110011110100
00000000000001001010111010010110
00000000000011010000011000111011
00000000000000110011011111010100
11111111111000001110110010110111
11111111111001010101000000101110
00000000000110110011110111101010
00000000000011001100001100001001
00000000000100001011101001000110
00000000000000100011100101101011
11111111111100010000110101111111
00000000000000011111111111110111
11111111111110000111011111001011
11111111110111011111100001001000
11111111111110011001011110001010
11111111111100010011110000010001
11111111111101101111101001011111
11111111111100101110110010101100
11111111111101100110001011000111
11111111111110101110111101110100
00000000000101000000000000110001
00000000000011011010010110111100
00000000000001100110111100110101
11111111111100111001000101110011
00000000000000001101010110000100
00000000000000001010111011100100
00000000000000110011101010010111
00000000000000000000110010011101
00000000000000101010001100001000
11111111111011011000100000010111
11111111111000101000001101110111
11111111110001111111100110011110
11111111111111011110011000011010
00000000001001010001110101001000
00000000000010001011000101100000
11111111110101101011101111110111
11111111110111000001101100111010
00000000000100000101010000010000
11111111111101111101111110110011
11111111111001101111101011110101
11111111111110110111111110110111
00000000000100011000011100101110
11111111111110010001000001010011
00000000000101000001111001111111
11111111101111010101001100101110
00000000000010000100001111001111
11111111111111100000110000010011
00000000000110001000000100011100
00000000000000101100110111000110
11111111111100010110101100110010
11111111111111010100000010100101
11111111111101000110010011100100
00000000000000010110011100001111
11111111111100001100100101100100
11111111111100001011110110011010
00000000000000111011010011011100
00000000010001000100010000001101
00000000001010101110001011101010
00000000000000011100001100110100
11111111101101100000001100100101
00000000000011000111000100101001
00000000001011001111000111001100
00000000000100101000101101110000
00000000010001011011100001111111
11111111111101101101000000001111
11111111111111111000100010010101
00000000000000111011000010101100
11111111111011010001101000100010
11111111111111000101110100110000
11111111111011110001010110110110
00000000000000011001001001001000
00000000000001000001111001111000
00000000000010001101011011110111
11111111111101100001110110011000
00000000000010000111011110001101
00000000000111111100000101110011
00000000000110011011011111001100
00000000000101001101001100010100
00000000000100010000100111101100
00000000001001011010000110010001
11111111111010010011001010101110
00000000001001011101111001101011
00000000000001001110100101001111
00000000000100010001011001011101
11111111110111111011011100011010
00000000001000100001111001101111
00000000001011101110100100101100
00000000000000101110011100000100
11111111111000110111100110010111
11111111110100100010000110001101
00000000001010010111000111001111
00000000000110011010000111001000
00000000000001110111000100001101
11111111111110101100011001100010
00000000000101110000000111011100
00000000000001001011101101011100
00000000000111001100110000111010
00000000000111011110101001000110
11111111111111011011110001010101
00000000001000010001101010011101
11111111111101111001111110101011
00000000000001000001010110010100
00000000000011000101010000101010
00000000000110110000010101111110
00000000001101011000111100000111
11111111110111111000100100010010
00000000001000100111101000111001
00000000001011000000101110000011
11111111111111100110000000000000
11111111101100110011011000111011
11111111111100010110001001001011
00000000000111101010000111010000
11111111111110001001011110101011
11111111111110101010001111000101
11111111110111000110110100110110
00000000000000100110110010001100
11111111111011011111111101000111
11111111101100111010010101100101
11111111111100101100001100010000
00000000000001111110100011001010
11111111110001010010100110001111
00000000001010101101011100110101
00000000000100011110110011010001
11111111111010110010100110001110
11111111111111001010100100001000
11111111111010011010101010111001
00000000000010011001111110000010
00000000000010110101011111110011
00000000000110101110100000110000
00000000001001111101111100101001
11111111110010110011100011100101
11111111111010110100010011111001
00000000000110111000001000010011
00000000000100011010000000010000
00000000000011000000110000000111
11111111110011001000100101100100
11111111111010011001100011011101
00000000001011010110000001101110
00000000001001111000101001011100
11111111111110001000100000001001
11111111110110011001011101100110
11111111111101000011110111011101
11111111111110000000100111011000
11111111110101011110011111000011
11111111111010001001111001010001
11111111110100100000101000001001
11111111111100101010110110101101
11111111111110011001111111100100
11111111110110010000110111110101
11111111111000100000010100010101
11111111111011010011101010110000
00000000000001110011011110011010
00000000000010100011100010001001
11111111110000100111011100000001
11111111110001111111100011100000
11111111110101101100011101011100
11111111111110100101100101000110
00000000000101001000000000110001
11111111111101110110001010001100
11111111111111111001000111011010
11111111111000101010100001111001
00000000000000001011001000011000
00000000001110000000101111111010
11111111111011000110000101010101
11111111101011110101101011000110
11111111110110100111111000100101
00000000000101100000101010100000
11111111111110110011001000011011
11111111111110001001101111101111
11111111111000110001000000110110
00000000000000100000000010111110
00000000000010011010001001011111
11111111111111100101001001111100
11111111110111100101110110101100
00000000001001100101110011010111
11111111111101000010110101100001
11111111110110100111100100001100
11111111111011101101010000000111
11111111111101110101101111110010
00000000001100011011001011101000
11111111110010001001100001010000
11111111110100110110101001111010
11111111111110111111000001000011
00000000000010100000011101000010
00000000000001001001011010111111
11111111110011001010101110111000
11111111110100111111001010111011
11111111111111010001100111011111
00000000000101010100110011001010
11111111110101101111010010010000
11111111110111010010001010111001
11111111111011111010011000111011
00000000000011110101111011001101
00000000000100100101001010010100
11111111111111000001001110000011
11111111111101101001100011000010
00000000000011010111100110010101
00000000000011100001010100011110
11111111111101100111111101111010
00000000001100111010111001110101
11111111111100100111101011111100
11111111111111111110001111001001
00000000000001011010100011010001
00000000000001001010001010101001
00000000000100111001010010010000
11111111111110111001000000000010
11111111111110001001001010011010
00000000001111011111010110100001
00000000011000111000011001100010
00000000000111000011101111001001
00000000001110100101000010111000
00000000010100010001101110110001
00000000010011010100000100011110
00000000000110011110101110000110
00000000000110000001010000110111
00000000001011100110110000110100
11111111111111100110101010011100
00000000000010000111000101111001
11111111111110001101001001100100
11111111111001011010001100100010
00000000000001110110011101111100
00000000000110110000100001100100
00000000001000000011111000011001
00000000000011100011000010101100
11111111111010011011010001010000
00000000001101011000110111011011
00000000000011101011101110101011
00000000000011110011000011000100
00000000000011011000100110011011
11111111111110000101111000011111
11111111111110101101010010010001
11111111110100111100011010111000
00000000001001011010111100001001
11111111111101001001011110011011
11111111111000110110011001100110
00000000000000100111111110111110
11111111101100110001000001010001
11111111101110101111011111100110
11111111111100011010011101110011
11111111110111010111001111101101
11111111101011111111000011011111
11111111101111010000101011011000
11111111111100110110110011100001
11111111111101010011011010010100
11111111110001101110001100001001
00000000001000111011011111010110
11111111111101011100001001111110
00000000000000001110101010001000
11111111111110111110011110101000
11111111110110000110100111010100
00000000000001110100010001010010
00000000000010110100111110101110
00000000001001111011010011011101
00000000000010010111101111010001
11111111111011110011101111111111
11111111110001000111010000100011
00000000000110111100001010000110
00000000001000011010011110100100
00000000000100011110101100111100
00000000000011010010101001001111
00000000000111101010011101011000
00000000001011100000111010010011
00000000001001100100111011010111
11111111110100101110001110100011
11111111110110001101011100100100
00000000001001110000001000111110
00000000000101111101000101100100
00000000000110011000001101011101
11111111111110011101010100111010
11111111111011010100001000001000
00000000000111011010010100000100
00000000000110011001000100011110
00000000000000110000111001001110
11111111111010001000011100011011
11111111111111110101010000100100
00000000000011010011011110000010
00000000000110111100101010100101
00000000000100001000010110000110
00000000000101001011010001011110
00000000000110100100101011100101
11111111101011010011001001111010
11111111110011110110110110100001
11111111111100100100011000110011
00000000000011011001000100000101
00000000000101001010101011011001
11111111100001010111111010101010
11111111101101110110110111000111
11111111110111110001010101100101
00000000000110000110110101110010
00000000000000110000010000000010
11111111101011010010101110110000
11111111101110111110100100111111
11111111111100111011110010101011
00000000000110100010000100110010
11111111111100100000000110010110
11111111110101101011100111100001
00000000000110111110110000110110
00000000000000010011000111110001
11111111111111001100101100101010
11111111110110001011001101011100
00000000000110000001011010010000
00000000000011100011011101100100
00000000000001001001010111000000
11111111111000111101001011100000
11111111110010011001101110011000
11111111111001000011100011110111
11111111111111010100001000111011
00000000000011001011000000000110
00000000000000101010011100000100
11111111111011011001101011011010
11111111111111000010110001011111
11111111111100111011000100010011
11111111110101001000101101111111
11111111111110000001000011100011
11111111111010000011100010011011
11111111111110101111100100011101
00000000000010011010101110001100
11111111111111100011010101110010
11111111111110101001111011110001
11111111111011011100011000111000
00000000000011001001000101101110
11111111111110100011100011010010
00000000000101110000100100010001
00000000001000110110100110101111
00000000000100001000010111111111
00000000000111110111110010110100
00000000000100010101100101011010
00000000000100011000100000100111
00000000000011111101011000000110
00000000001000011111010101010110
