00000000001100100010110011011010
00000000000110011100110110110110
00000000000110001011100110000100
00000000001110101100011011011110
11111111110111010100101000011100
11111111111011001001001101111011
00000000000011000001000010110000
00000000001000101011111000000100
00000000000000010010011100001010
11111111111000111001100110000100
00000000001000101010100000011111
11111111111101001100101101101101
11111111111001100101000101010101
11111111111101101010000110011110
11111111111101110001101111011101
00000000010011111101100011101000
00000000001101010010111100001111
00000000000000001111011001011110
00000000000100000011110010110001
11111111110011111001001001010111
11111111111011000100010010010000
11111111111100101000101001110100
00000000000000000000100000101011
00000000000110000010001110111011
11111111111000010101011110110011
11111111111110101000101110110001
00000000001001011110001011111001
00000000000010111100110010101010
00000000001010000001101111110110
11111111111101100011110101011111
00000000000111110011111010101000
00000000000000101101101000101101
11111111110110010101011110011001
11111111111110101111001100000100
11111111111011011001100111000010
00000000000100000000000001110001
11111111111001011100010110110111
11111111111110001110011110110000
11111111111111011001001000010010
00000000001001111111001100001000
00000000001001000100001001001001
00000000000000010001101000001101
00000000000001010001110011110111
11111111110101101110000110000101
11111111111100110111100111000001
00000000000111101111100100101101
00000000001010000110110100111111
11111111111100001100101100011101
00000000000100001101010001101111
00000000000000001101110000000110
00000000000101100010100100000111
00000000001000011011000001010111
00000000000100010000010100010100
00000000000001111111010010000100
00000000000001011001101110101100
00000000000100111001001101010111
00000000000110110001111011000100
00000000000100010111101111100011
11111111111110010011100100001000
00000000000001110111111101010111
11111111110111101000010101101101
11111111111011110001001110111010
00000000000011000011110010111010
00000000000010011101101010000010
11111111111001001100010100111001
11111111111000111100110011001101
11111111111100011001111000100110
11111111111001110000100101001100
11111111111110111000000000100101
11111111111110001011000110100001
11111111111001000010110001001100
00000000000010010110110010101000
11111111111110100110111101001000
11111111111110110101110001011011
11111111111111111000100111001100
11111111111101001010000010101110
00000000000001100011111011011001
00000000000000100111111000100010
11111111111101101101111100100000
00000000000000001000110010010010
11111111111111110111010010000001
00000000001000000110100100100110
11111111111111100110101110011101
11111111111011000101010110011101
00000000000001000111110111111110
11111111110101000011011101000011
00000000000100011000110001011000
00000000000011000101110111110101
00000000000000110111100101100110
00000000000011000101111100001111
11111111111001101101000000001101
11111111111100011101110011001000
00000000000011011111110011111010
00000000000011100110001001110000
00000000000001010001010011100100
11111111111110000100111100000000
11111111111101011010010111111100
00000000000011100110110000001110
00000000000101011000011100101001
11111111111101000100110011101011
11111111111101000111101100011010
00000000000000001110001101001100
11111111111111001011111100110000
11111111110101010111100000111000
11111111111110100101010000010111
11111111111100101111001111011000
00000000000010110000000011100011
00000000000000010101111110011001
11111111110111000001001111010110
11111111111010111001101110111010
11111111111001100001101111010000
00000000000011010111001011001001
00000000000101110101110110110011
11111111111101000011000011000010
11111111111110111100111011100101
00000000000000000110010001110011
11111111111100100000111100010110
00000000000011110111010001001110
00000000001010101100111001000010
00000000001101101111100100111001
00000000000100111011110100111000
11111111111110000001000111001111
00000000000001101010000000100110
00000000001010111100010101111101
00000000000111010101011110010100
11111111111001000111110101110011
00000000000001001101000101111001
00000000000100100110101011101011
00000000000100101000010100001000
00000000001111110101101111111111
11111111111111000110111101001010
00000000000000010011111001111010
11111111111110010011111111000010
11111111111110101100001001110110
00000000001000010001000010001100
00000000000000110011111000110100
11111111111110101011100001101110
00000000001000000100011011011111
11111111111001111101011110101011
11111111111011110010010101101000
00000000000111011000101110100110
00000000001010110001101000000100
00000000001000001100110100111111
11111111110101111100101110111101
11111111101101001001011001010100
00000000001010000110110010010101
00000000000111011000000001101001
00000000001110001111010001100000
00000000000111001000001100111110
11111111110110111001100001110101
11111111111111011101000011100111
11111111111100110001011110110110
00000000000100111100100111101000
00000000000100011000011110101010
00000000000100011010001010010000
11111111111011101100101011001010
11111111111100011110111100101001
00000000000011100000100111101111
00000000000100110111110110011011
00000000001001101000010111000111
00000000000000111101010001101101
00000000000100001100011101110100
00000000000010011100011000101100
00000000000010101101110101000101
11111111111111100011111100110110
00000000001001000101110101100000
00000000000011001101100110011010
00000000000100010010110111010110
00000000000010001100011110111110
11111111110111001100001011111010
11111111111010111010001011110100
00000000000100001100000111101100
00000000000101001110001111011101
00000000000001000010100110110101
11111111110010010000001101001001
00000000001010010001011011101000
11111111110110011111010000010010
11111111110100011011011100110001
11111111111110010101011010100111
00000000001101101100011110111101
00000000000001101011011110000110
11111111111011101011101000001111
11111111110011011001111000100111
11111111111101010000100000101001
00000000000101110001111100011110
11111111111101010011110001011000
11111111110110111101100101000110
00000000000000001000111011111110
00000000000000010101011111011100
11111111111111011111101011100001
00000000000011100010110111001101
00000000000100000011011000110001
00000000000000100000101000111111
11111111111110110010101101010101
11111111110101101111011000111110
11111111111001111001100101100110
11111111111111110011001001101101
00000000000100101101101100111010
00000000001111001001101100000111
11111111110011110101000000001001
00000000000100010001100111011100
00000000000101011000111111000100
00000000000101110101101111100001
00000000001100001000000110100100
00000000001001100010111010000101
00000000000101011101010000111011
00000000001000110100100110110110
11111111111001011000101110110100
11111111100111101001111101101100
11111111101001001110100010010100
11111111111110001011000100010101
00000000000011010110010101111001
11111111111000001110111111111001
11111111111010110011100000000010
11111111101101000100111100011110
11111111111010000100111001001100
11111111111101100001001110110010
00000000000101010001010111010011
11111111111111000111010000010100
11111111111111110101010011100100
11111111110110010100111000000001
11111111111001000101001111000110
00000000001100010010011010010001
00000000001111100101000011101011
00000000010011101000100111000001
11111111111010010110101111100110
00000000000010111111011011000110
11111111110111110010111001110011
11111111111100000111001110100111
11111111110110011001100011101111
11111111111011001101010111110100
11111111111000010111100100101000
00000000000000101001101011110101
00000000000001000100010110111101
00000000000110000101110111011111
00000000000010111110110111111000
00000000000101010001010111101100
11111111111100110100111100010100
11111111111001101111111011111011
00000000000101100111100111111010
00000000000101011010010110001000
00000000001011101000100000110000
11111111111111000110000111010001
11111111111101011110011100101001
11111111111101100110000011101101
11111111111011100101100111011101
11111111111100110110010000111101
00000000000100101111100111111111
00000000000100010000101100011000
00000000000010100111101010110100
00000000000110100001100011001111
00000000000001000101011000111001
11111111111100011110010011100111
00000000000100010001100011111011
00000000000001001101010100110101
11111111111010110000001001000101
11111111111110110001010001101011
11111111111010100001111010011101
00000000000100001100111010001110
11111111111110100111100010100111
11111111110110001100100011111110
00000000000010000111111110111100
00000000000101000011111000011000
00000000000000011011111111001000
11111111111110101011111100001010
11111111111000011000100011011101
11111111110110011010111101101111
11111111111111010011111100101010
11111111111010100000011101110001
11111111111000101111001000000011
11111111110010110010100111000100
11111111110111111001001110000001
00000000001010110010100010100000
00000000000010011101101001000110
00000000000111010100000111110101
00000000000010100110001111100110
00000000000010011000000111101100
00000000001100111010101001100001
00000000001101000110000010101101
00000000001101001000011011110000
00000000001101001110111101110110
00000000000001001010011010010111
11111111111111001010101110011011
00000000000100001001110100100010
00000000000011100111001111111010
00000000000110000100111000110011
00000000000111100101111110011001
00000000000111101000010101101000
00000000000011111101100111101000
11111111101011100101011110111000
00000000010001101011100001011111
00000000001011011000000110111111
11111111111101110100001110010101
11111111110110111101000000110001
11111111110100100000101111100101
00000000001011100010010001111000
00000000001001100011110100101001
00000000001011100000001010111010
00000000000100101100011010010111
11111111111110010111000001011101
00000000000010000100010000000101
11111111111110011011111111001100
11111111110110010000001010011110
11111111111000101101111001001010
11111111111011011010000110000011
11111111111110011010000010100001
11111111111110011110110101101011
11111111110010101111000110101100
11111111111010000111010110000100
11111111111010011000011101110100
00000000001001111011101011000001
11111111110101010101100000101110
00000000000010010101101000111110
00000000000111111100010010110001
11111111111110001111100000011011
00000000000110000001000000100011
11111111110011001111011010110111
11111111111110001001110000010111
00000000001011110011101001001100
00000000001000010001101100011011
11111111111111001010000111000010
11111111111110100100110011000000
11111111110011000000110110011100
11111111111001011101011010001111
00000000000100000011010010001011
00000000001001001000111110101001
00000000000011010011111001111000
11111111111111100110100010011110
11111111111101000110100111100100
00000000000001100110010000011100
11111111111111000111010100010000
11111111111011010110010001111111
00000000000000101000100000100101
00000000000010101001110110110110
00000000000001001100001011001010
11111111111111000010011111011011
00000000000111011000101101001000
00000000000110010101110111110011
11111111111110101101110011000110
11111111110001011111110001001101
00000000000111111001110111101101
00000000001000100011110100000100
00000000000011110000101010110101
00000000000001111100010111001101
11111111110111001000110100000111
11111111111110100010001011110110
00000000000111111111111001000111
00000000000110000001110111001011
00000000000111100110101100010101
11111111111101100111101110110010
00000000001100100111101111010110
00000000010000001001110100000011
00000000000100111101101101111001
00000000001001011010100111010110
00000000000010001010110111010101
00000000000000101000101011110111
00000000000011110011000101101101
00000000000100001000010001110011
00000000000011001011011110010011
11111111111101111010111000011110
11111111110110111110100011110101
11111111111010101010000000000100
00000000000011000000010011001100
11111111111110110100111010000001
11111111111001111101100110010101
11111111110100011101011100111011
11111111111011001101111010111010
11111111111110000000100100101110
11111111110111100111001010111101
11111111111101110111000111101010
00000000000001011110000010101111
00000000000101111010001011000111
11111111111111001100001010110010
00000000000001010110011011111111
00000000000010010001111001000101
00000000000001000100001101111011
00000000000001001001011111000110
11111111111111110010000011110101
11111111111001111010000000000001
11111111111001010011001010100101
11111111110110100010011010010011
11111111110101010000110100001001
11111111111101001001100011110011
11111111111101000110011011000110
11111111111010101000110001010010
11111111111001000001000001010000
11111111111101001010010010011101
00000000000010010111010110110000
00000000000011010110100111111001
00000000000100111001011001001110
00000000000001010001010100110101
11111111111011111010111110111111
11111111111111101111111110011101
00000000010000111101111010011010
00000000000111101000110110111001
00000000000011111101011110011111
11111111111110110110101101100000
11111111111110101100011011001011
11111111111110100011101101111000
00000000000100001101010100101001
