00000000001100111010110011000111
00000000001010111001010000111101
00000000000011111011001101000111
11111111111111000011110001000011
11111111111011111100010011101110
11111111111111001101101111011100
11111111111001100101011100011000
11111111111111101000011100101101
00000000001001110100010111101000
11111111111111001111001110001111
00000000000000000000110110010111
00000000000100000010110111110111
11111111110101011100101001110111
11111111111100101000011110001100
11111111111011100111101101000101
11111111110011000001001111100010
11111111111101011111111101110111
00000000000000010000011110001011
00000000000100111001111010110010
11111111111110001011100111011001
00000000001000011010010111101110
00000000001001100111111010011101
00000000000101010000110101101010
11111111111111000100011000000111
11111111111101100001100001100100
00000000000011110100101010110100
00000000001000110001101100001011
00000000001101111111110100101110
00000000000110001111000101011010
11111111111101111101111011101011
00000000001001000111100001110100
00000000000000110011000001111000
00000000000100011011111000000111
00000000000111100100110100100001
11111111111101111101110010101111
00000000000001011100100000000010
00000000000000010010001111111001
11111111111001011000110010110010
11111111111010010101010110100111
11111111111100110101110011110111
11111111110101010110001000001001
11111111101111110100110100001100
11111111111100001011101010011101
00000000000000101100011000110101
00000000000010010100001010110011
11111111111101101010000111011100
00000000001100000000100111011000
00000000001011101100011100010110
00000000000101111000101101001010
11111111111011001101100010010100
00000000000001010111011001010110
11111111111000111011010100110111
11111111111110111010100110100101
11111111111101011000110011000001
11111111111000001010101111011011
00000000000001011101010101110111
00000000000010110000111011111000
11111111111101110001111010101100
11111111111111100001001000000101
11111111110110010001000100111001
00000000000100001100010010011101
11111111111110110000101011010010
00000000000101011001010001001011
00000000001000000100011111101000
11111111111100001001111010110101
11111111111010101011110010011011
00000000000000000111100001010110
00000000000110010111011000111111
00000000000111011110110100101110
00000000000111010001010100101011
11111111110110011010111001101010
11111111111100101001100110100101
00000000000000101011100011011010
11111111111111010000101001011110
00000000000100001100010101111000
00000000000101100101110010100100
00000000000010011001100010111101
00000000000000101011000110001100
11111111111101100001110101110001
11111111111010111011100010011101
00000000000011101000000001101001
00000000000011010101001110000011
11111111111101101010110000101001
11111111111111111100010011010010
11111111110100001000010111101000
11111111111101100110001011111011
00000000000011111101100101000000
00000000000010100111011110100001
11111111111111011100100101110110
11111111111111111010011001100001
11111111111111111101011100100100
00000000000001101111000110010110
00000000000011010110100001100100
11111111111101011000111011110110
00000000000010000001100011111010
11111111111000100101000110100100
11111111110111100011010101101001
11111111111001101010001101010101
11111111110111101011001000111110
11111111111011000101001111011011
00000000000010100011100111011000
00000000000101000101111011000101
11111111111110110000010001100111
11111111111100000001101111101111
11111111111111001010111100101000
00000000000001011011000110100011
00000000001100010010101101010000
00000000000100001000100100001110
00000000001000001011101011001001
11111111111010000100110100110000
00000000001110010100110010010001
00000000000011000001110010000110
00000000000111110101110010011001
00000000000111111000111010100101
00000000000010011101001000100100
11111111110100110101010101101111
00000000000000001000001000011011
00000000000010001000011110111011
00000000000101011101000010100000
00000000000010111001111011011110
00000000000100111110010101000101
11111111111001000110100000001010
11111111110011111001010101011100
11111111110111111000010100000010
11111111110011001101000010111110
00000000001110010100101111001010
00000000001111111111101010110000
00000000000100111100101011011011
00000000000011010000100001000111
11111111111110100101011011101110
00000000000011001101011011111110
11111111111001110010101011011111
11111111111000110001001001100001
00000000000100000011110010111001
11111111111101000001110001100011
11111111111011100000000101000001
11111111111111110110111010000110
11111111111011010011110100110010
11111111111001101001000000100000
11111111101101111101010001110111
00000000000011100011000111101011
00000000000111001110010010011111
00000000000110111001100011001100
11111111111111100000000001110101
11111111111010100010010110000000
00000000000011100111000001001001
00000000000000100001010101101000
11111111111111001010001110011110
00000000000011110111011011001110
00000000001000110010111010001001
11111111111110101001000111111110
00000000000001011111100010000111
00000000000100110100010001010101
11111111111010011010111101111001
11111111111001111000110010011010
11111111111011111100011100001001
00000000000101010101001110000010
00000000000111110011001011001110
00000000000001001100100101101011
11111111111000000110100111111011
11111111111101010011000100011000
11111111111101110100111101110101
11111111111111101111001101110111
00000000000110110001000011011001
00000000000100100010001110000101
11111111111011101001001000101111
00000000000011110000001111100101
00000000000000100110111101011001
11111111111011011010100100000000
11111111111110101101101011100101
11111111111100000101110101101110
00000000000001001101011011011010
11111111111001010100001001110100
11111111110111001011000110001011
00000000000111001001011101110111
11111111111111001000110110011001
00000000001110101011111001011011
11111111111110010101011001111111
11111111111010001010101010011110
00000000010010001110111100010110
11111111111101101110001010101101
11111111111111001010000110101001
00000000000010001100110000100110
11111111111101100010101101100100
00000000000110010001001000110111
00000000000001101100111101111001
11111111111100000010100000000100
11111111111101000101100110110110
00000000011100011111100010011111
11111111111011101100101000110010
11111111111100001001000110100111
00000000000000110100101101000100
00000000001100000001001111110000
00000000000000101111110001111011
11111111111001110001000100000110
00000000001101010010101101111010
00000000000111100001010001011001
11111111111110100001110010100100
11111111111111000010001110111101
00000000001011101110011111110010
11111111111010101001111101101010
00000000000001100101001011101010
00000000000011101100101111110111
11111111110000111010000101010111
11111111111101101100000110001110
11111111111110100101100110001000
00000000001100000110110101010101
00000000000010010110011010100100
11111111111011001010100101110000
11111111101110111001010011011111
00000000000011111011101001011110
00000000000000100000000100001110
11111111111011101001101001011010
00000000000100011100110111101001
00000000010001110010000000110111
00000000000001000100011110101100
11111111110111000101001100010001
00000000001010000101011101100011
00000000001001111101100011011111
00000000001110110001011011000010
11111111111111000100100000000111
00000000000010001010101100011011
00000000001011100111110011010101
11111111111111011000111101111101
11111111110100001001101001110011
00000000000100101101010011010000
11111111111111110101011010001110
00000000000101000011101110101010
00000000000100101100110100010100
11111111111111101011010100101011
00000000000111110000011001110101
00000000000010111010100111100011
00000000000110110000001011010110
00000000000101000011100000011100
00000000000001101100000011101001
11111111111110010110011101011100
11111111111110101110000101001010
11111111111100000011001001001100
11111111111100100111010100001000
11111111110011101001100001001100
11111111111100011001111100001000
11111111111101000111101110011111
00000000000111110010111001010010
11111111111001000001011100110110
11111111110000011110001101100000
11111111111101001010111001100001
00000000000000110111111100000100
11111111111101101111001101001100
11111111110001110101001010110101
11111111110111011010010100101100
00000000000100011101101011001100
11111111111111101111011110000000
00000000000010000011100111101010
00000000000001011111001111110101
11111111111000110111101001011010
00000000000100100011000000010001
00000000000001001011000110010100
00000000001101001000001011000000
00000000000001001011001100111100
11111111111111101001011011100111
11111111111100000010111010010110
00000000000011101000101111101001
11111111111110011011001011100111
00000000000110000110100011110000
00000000000000101101100000001110
11111111111010010101000101111001
11111111111010100010101110001110
11111111111000100001001100010001
00000000000100000010101001111111
00000000001011111110001000101001
11111111111001111001111010111011
00000000000001100100001101010011
11111111111001111001101111110010
11111111110111110101000111000011
11111111111101001010110110111000
00000000001001111101010001000000
00000000000100000111100111000111
11111111111111101111110000111110
00000000000110011110000101010011
00000000000000110000000011011111
00000000001110001000100100000010
00000000000000111011100001001000
11111111111111010111111001100011
00000000000110100110111011110101
11111111111001110001010111010011
00000000001001100101101001010110
00000000000011111001010000111001
00000000000101110000001010000100
11111111111101001000011100100010
11111111110011100010001011001101
11111111111011001000101100111110
00000000000000010011011011011111
11111111111110111011100001101110
00000000001000010101000000110111
00000000000100011010010011001001
11111111111011000101111000111101
11111111110111010011001100111101
11111111111011110101010001010010
11111111111100101101100000100100
11111111111011001110111100000101
00000000000010101111110110011011
00000000000010011100100100001101
00000000000111001110001001111011
00000000000001011011010001100010
11111111111000101110101110100011
00000000001011100101100001000010
00000000000101010100110011100011
00000000001000001000110000001111
00000000000001100111000001010110
11111111111111101110100111111111
00000000000010011010010111000101
11111111111010001011000010110011
00000000000010000000011100010110
00000000000100010001111101100110
00000000000100001011011001111010
00000000000011110101001011111010
00000000000111111010111001010111
11111111110011001101111100010100
00000000000001011001011101011011
00000000000001001010110111011000
11111111110010111110000011100111
11111111111010010111101010111101
11111111111100111110100111000111
00000000001010010110010100101010
00000000001101101010010000000011
00000000000101101111101010111101
11111111111110111001001010001000
11111111111100111111101100010011
00000000000000100010111101110000
11111111111011101001101000000100
00000000000110001100110001101100
11111111111111101001001100000001
00000000001000001011001111010100
00000000000010101011011000101100
11111111111111001111100011000000
11111111110111111000001101111110
11111111111001110110000111010110
00000000000011100100000101000001
11111111111010000010101101110000
00000000001001000000010100101000
00000000000000000101100100000011
11111111111010100001001000111111
11111111111001010110011001000111
11111111111101110000100001011111
00000000001000000111100011000010
11111111111010110100011000101010
00000000000001011101101001100111
11111111111101111000100101101010
11111111101101100110001111010111
11111111101011110100011110010111
11111111111011111110110001110110
00000000000110101101101100100111
00000000000000011011111111111100
00000000000101101111001101111101
11111111111001100100111101010001
00000000000101011100001000001100
11111111111010111111001101000001
00000000000101011010111010100000
00000000000111111010010101110101
11111111111011011011011000111001
00000000000000011011101000110001
11111111111100010110011101000011
00000000000100101110110100111110
00000000000110111010011010101010
00000000000010001111110111001011
11111111101110110011000010001001
11111111110010111001111111100110
11111111111000101110001101100010
00000000000010010111011101100000
00000000000000111110010110011111
11111111101111001101101001110110
11111111111100100010101001111110
00000000000010110110101010110110
00000000000011001111100100001101
11111111111000010001001011101001
00000000000101100110110000001000
00000000000010100101011001100110
11111111111110001100010101001101
11111111111100111110111101011011
11111111110011110111011100001100
00000000000001001001111100111110
00000000000000011011000010101011
00000000000001011000010101010110
00000000000100110101000000111011
11111111111101000100101011100100
11111111111101011101011001001100
11111111111111010100100010010001
00000000000010100111010100100011
00000000000101000111001010000101
00000000000010111001011101111011
11111111111001010001110101010100
00000000000010001110111111011111
11111111111111000010111010001011
11111111111011000000010101101001
00000000001001001000001001000000
11111111110110101000000111100110
11111111111110101101101101101010
11111111111011110011010000001010
00000000000000101011001101010000
00000000000101011011101011101110
