00000000000111000000111000010100
00000000000011100101010110100100
11111111110100110001001110110011
11111111101000110110010111110011
11111111100001111000001011010000
00000000000111000101100010010100
00000000000100100101011110001100
00000000000100000011100111001101
11111111110110010110110001101001
00000000000001010010001001110101
11111111111011110111100110100000
11111111111100010110100011001011
11111111110111111011101001000101
11111111110101100000000101110100
00000000000010000010111111011011
11111111111001101111111110011001
11111111111001100110101111000110
11111111111101000011100011010010
11111111111110010000010001100010
11111111111011101101010111111100
11111111110001011011100111100000
11111111101010001111101011110111
11111111111011101111011001011100
11111111110100110011100000001100
00000000001011100110011000100111
11111111111111001101000110110001
00000000001011011100011010000000
00000000001001110101010001001110
11111111111011001111100111100100
00000000000010100101111011110010
00000000000100010110111011010000
00000000001001010010000000101101
00000000001010010011101010111100
11111111111110011000000000101101
00000000001000110011101010110001
00000000000011000010101000010001
11111111111101110010001101001100
00000000000101001100000110000001
00000000000010111100110110000011
11111111111101110010000111100000
11111111111101110001110001011110
00000000000101001110010010111110
11111111111010101001000110010110
11111111111111100110111111011000
11111111111111111100010001100100
11111111111101111010110101000100
00000000000010011001001000011000
00000000000001100110111100111010
11111111110110111110100100001110
11111111111001111010100100110111
11111111111011010101000111000011
00000000000110101011111100010010
11111111111011001101110000101000
11111111111110000010101001001110
00000000000111101011101001011001
00000000000110100111101101011000
00000000000110111011010110111110
00000000000000110010100100101011
11111111111101110011011010010000
11111111111100111010100001000001
00000000000100011111010001000110
00000000000101110001011110011010
11111111111001100111011101010010
11111111110011001111010001010001
11111111111101101110110110001110
00000000000011101000010100101110
00000000000001110010010111010010
11111111111110011001100001011111
11111111110110100011111111010011
00000000000011011000111001000000
00000000000101110001111111111011
00000000000100011010000100010101
00000000000010111110010110001000
00000000000011110101100110111010
00000000000000111100000100010011
11111111111101110100101010000011
11111111111110000110111000001100
00000000000000011000100100110100
11111111111110111111101100000001
00000000000000000001100101000100
11111111111011010001110010111111
00000000000001111000001011001010
00000000000001101000011010010111
11111111111100100101001100001110
11111111111001110010011011101001
00000000000100100101000011001101
11111111111111011010110110010001
11111111111110010001000110000100
11111111111010110101110111000010
11111111110100111010110001100000
11111111111110000011101011110101
11111111111100110111100001110101
11111111111010001011011011000111
11111111111110110101100100010000
00000000000011110000011100110011
00000000000110100100001101010100
00000000000111010101011011010010
00000000000101000111101111100111
00000000000010101000010100001110
00000000000110100001001001000111
00000000001000011000000101011111
00000000000000101010010011101111
00000000000000011111000010111011
00000000000001100001111111010110
00000000000101001100011111011100
11111111111111011110101111100011
11111111111100100010100011101001
00000000001100001000010000011010
00000000000111111010111100101011
00000000000011100110010110101001
11111111111100011101011001001011
11111111111011000100100100001011
11111111111101001000111001001011
00000000001101110000101000000100
11111111111110001011010010111111
00000000001000011011011010100000
00000000001000111010101111001111
00000000000001111110000110001110
11111111111101011101001010000011
00000000000001011100001100000100
00000000000100000110000101110011
00000000001100001000100100100100
00000000000111001100110101000101
11111111111101000000110111110000
11111111111111001101001010100000
00000000000001000110110111010111
00000000001001101110010001101100
00000000000111001111011001001100
11111111111010111100110100010011
11111111110100101011110000011111
11111111111111001001111011001111
11111111111101110111001001001110
00000000000100101100000011000100
11111111111100010101101111110011
11111111111011101001110101100100
00000000000011010000000001110101
00000000000000000001111000111101
11111111110011111101111111101001
11111111111011001011111011000000
11111111111011101011111100100011
00000000000110011000010100001100
11111111111011000011101101111011
11111111111010011011011111110101
11111111111001010100010111100010
11111111111100011001100010101001
11111111101111011111111100010101
11111111101010101111111101000001
11111111110001000011111110111110
11111111111110010001010011010010
00000000000010110011100010001011
11111111111110000110011010010000
11111111110110101111010001001100
11111111111010001100011110011101
11111111110001100110111011011011
11111111101010100111110100101111
11111111111011001010000101101011
11111111111011000111111000001101
11111111111000001010000011011011
11111111110001100000011110110110
11111111101000001011001110001111
00000000000010101110001110100001
11111111111011011100011100011011
00000000000010001110101111110101
11111111111001110110000110101110
11111111111100010101111100001011
11111111111101000101000011011011
11111111110010100101101011000101
11111111111101000000011001010000
00000000000101000101111100000100
00000000001101001010100101110000
00000000000100111100001110001110
00000000000110110111111000110100
00000000000110101101100101011110
00000000001010011000010111010100
00000000010110101011010110111110
00000000000111110100110100101011
00000000001100100111101110100001
11111111111100001110000101011100
11111111111100011111100010011001
00000000000000101010100010110001
11111111111010110011011111110000
00000000000110100001111010101101
00000000001010010110101111111101
00000000000110000111000000001111
11111111111011100000001101110000
11111111111110110101111111010100
11111111111001110101000110111100
11111111111010011000100110010111
11111111111011010010010100100000
11111111110110101011000110000110
11111111111011111111010011100111
00000000000100010000011111001110
00000000000001011100001011000011
11111111110011101010100100100100
11111111111101100000001011100111
11111111110110001101101110001110
11111111101001100011101011111111
11111111110010011111001100001101
11111111110111101010100110101010
00000000000000000000111011101010
00000000000110000110110111001110
00000000000100100111001100110110
11111111111010101001011101100110
11111111111100001110011110011111
11111111100100000110001001001001
00000000000101000010001010110101
00000000000001000101100011011011
11111111111100010110001111011010
00000000001010010101111100010110
00000000010010011001110110110001
00000000000001010001000101111010
11111111111011101000011001010101
00000000000001000101001111100110
00000000010001101011100010011011
00000000010101000101000101101010
00000000000010010100010100100100
11111111111011101111011100010100
00000000000111110110110101011001
00000000000110101100100010011101
11111111110000111011010110110010
00000000000111010011001001001000
11111111111101011001100111000000
11111111110100110010001110110100
11111111110100100110111110000000
11111111111010000010010111110001
11111111111011001000011100111110
11111111111111010010011110000110
00000000000000000011101101010011
00000000000100100101000110000000
11111111111001010000011110111101
00000000000001011110001100001010
00000000000110001011110001010011
00000000000101001000011010001101
11111111111111010000010010011000
11111111110100011011011110011010
00000000000000000011010101100011
11111111111011111010010101010111
00000000000010100000111101011110
11111111111100011010110011110101
11111111111101010101000011110011
11111111111110110101110011111110
00000000000000100110001111110101
00000000000001011101110111111101
11111111111111100001110100000110
11111111111000101110111011011000
11111111111110010101011111001010
00000000000010010111011100101011
00000000000001010111101010011000
00000000000111010000110010111110
00000000001001100011100111010000
11111111111110101010001010111111
00000000000100000011010011100011
00000000000101101001101010110001
11111111111100101011101000100001
11111111100111011000100101101001
00000000000010101111001101110011
00000000000111100010100110000000
11111111111110101101010111110001
11111111110001011101110011111111
11111111110001111010111001111100
00000000000000001110011100000010
00000000000000110100000000110010
11111111111101101000001100111100
11111111110101001110000111111111
00000000000110111000001100110100
00000000000001100001000011011011
00000000001001101000111010010100
00000000000011001110011100010110
00000000000010001100111101110011
00000000001100000100010000101110
00000000001101000011101010110011
00000000001001011001100010110010
11111111111111001100011001111111
00000000001000111010010111000010
00000000010010010011110011010011
00000000000001110100001000101101
00000000001010111111010010110001
00000000001011111010001111100000
00000000000010110011110010111000
11111111101111100111110000101001
00000000001010010100110000100011
00000000000100111001100101100000
11111111110110101001110010111111
11111111110111010010001110110001
11111111111011011001110000101101
00000000000000111110110111111110
00000000000000010111001100011011
11111111111001001000111001101010
11111111110000010101111000011111
11111111111101111011111110010100
11111111110111110110100001010101
11111111111110001100010110001011
11111111111010110100001011110100
11111111101101001110110100110011
11111111110111010100001111111010
11111111110100111110000101100111
11111111111001000110101100010111
00000000000001101101011010010001
11111111111111111000101001111000
11111111111101110000010110010110
11111111111001101010100111101001
00000000000000110100000111001011
00000000001000110001000010100100
00000000000011110100000011011001
00000000000100000001101100001000
11111111110010100011100011000011
00000000000100001100010101101001
00000000001000010100100001100110
00000000001110010001110010011000
00000000000001001011100111011011
11111111111011001011110001110010
11111111111101100001000001000011
11111111110100001000010100000100
11111111111110010000111001001001
11111111111011100010101011010111
11111111111001000001001010100100
11111111111000101010111110100101
11111111111101101010000000111001
11111111110010100110110111001000
00000000000011000000100110011110
00000000000111010010101100011101
00000000001011110011010010110011
00000000001000000000101011011001
11111111111011100000100001001001
00000000000111000011011010000111
00000000000001110111010100000100
00000000000110111010010110100100
00000000000001101011100000011111
11111111111111100110101100010000
11111111110110110101000000110111
00000000000100001100001111100111
11111111111110001100100110000100
11111111110000100001011101001101
11111111101000000100101110001100
11111111100110010101101001111111
00000000000011110001000010100001
11111111111000011001100010001010
11111111111001011001011010111111
11111111110001011100101111101000
11111111110100111100101000111101
00000000000001001010010000001000
00000000000000000011010111000110
11111111110111011101001000100010
11111111111010111010001011010001
00000000001000110101000110110110
00000000000011101110101111000001
00000000000001101001110111110110
00000000001011100000010101101011
00000000001001111111001101001000
00000000000111110100001011110110
00000000001110000100010011110101
00000000000111110000010001111100
00000000000110001110110110010110
11111111111111111000010011011110
00000000000011100011010101001011
00000000001100101101111111010100
00000000001001110101101110000110
00000000000001010110000101010000
11111111111000110000101110101101
11111111111110000000111001000011
00000000000101101110000100111111
11111111111111100011101110111111
11111111111011000011000010011011
11111111110101111000000101111101
11111111111101111110110000001101
00000000000101111001110010000101
00000000000101000000111100110111
11111111110100111100011100111110
00000000000010010000100101100111
00000000000000011011100011111011
00000000001000111111010110111111
00000000001110000100101011000011
00000000000100010100000111101100
00000000000100101001011100111001
11111111111110011101100100100000
00000000000000010110011100111101
00000000000100000010011101101101
00000000001000111100000001011100
00000000000010010100011111111011
00000000000100011011101011010011
11111111111001110110010000111000
11111111111101011111101111010101
11111111111100101110011000110100
11111111111100000011100010011101
11111111110101001100111110010010
11111111110110110101110011011100
11111111110111100111110010101100
11111111110101100011111101111000
11111111110100110000110100101010
11111111110000111011111011111000
11111111111101100011101010011010
11111111110111100011100001010100
11111111110111001001010101000100
11111111111010100010011110011001
00000000000000100100100100010001
00000000000000101000011011011000
11111111111111100000111100101110
00000000000001011011011011111010
00000000001000110100100111000001
00000000001101101101100001001111
