11111111111010001011101101100011
11111111111110010000101001000011
00000000001010101101011010001011
00000000000111110111100101010011
11111111111100000101010001110110
11111111111000110011110001000011
11111111110110111111101100010111
11111111111101000101100001000111
11111111111111110001101100110011
00000000001011111110000011101101
11111111101111010110110100100000
11111111110111100000110101111111
11111111110111101111111100111100
00000000000000111101011011110100
00000000000011011010000011001101
11111111111111101110011101111100
00000000000101111000110010001111
00000000001001110111110101001000
11111111111110100100111110110010
11111111111000000110111101010010
00000000000001000001001000111011
00000000000001000101100000101010
11111111111101011100110100101111
11111111111001011100011100011011
00000000000001101101000110001101
00000000000001111110110110111101
00000000010001000101111001010001
11111111111101010000110110100111
00000000000010110101001011001101
00000000000001100110010100111110
00000000000011010011100110111101
00000000001100101010101011000101
00000000000001110011110011001101
11111111111110011000001000001000
11111111111100000001001011101000
11111111111011000010000110000101
11111111111100110110101011000101
11111111111111110001101000110110
11111111111111100000010100110010
00000000000101001100101101001101
11111111111101001011111101100000
11111111111101111101011000111111
11111111111111010101010100000000
11111111111110110110100011101001
11111111111101010000101111000111
11111111111011101111011101100110
11111111111111101101101000010001
00000000000001111001011011110110
00000000000110101101110101100011
11111111111100000000111011110110
00000000000111100001001001001101
00000000000000010010000101001000
00000000000000000001110101111010
11111111111000111100000100110011
11111111111111111011110101011011
00000000000001101100010000101100
00000000000001111110010110011000
00000000000000011111101011001100
11111111111111101100100111101101
00000000000100000000010111011011
11111111111111111011010110010001
00000000000101011111110010010010
00000000000011110111110011110001
11111111111101000111011010110010
00000000000000110101011000100001
11111111111001111110100101000110
11111111111010100110011110101011
11111111111010100110000111101000
11111111111100011110111110111010
00000000000010100000100011010100
00000000000000000000111110100100
00000000000000001010001001000100
00000000000010000011001111011011
00000000000101110000110101100000
00000000000100100011001110110000
11111111111000111111101001110110
11111111111000101110001111101100
11111111110100111111001101101000
11111111111010111000010111000110
00000000000000101000101101010010
11111111111101100011010000100001
00000000000001010011111100011110
00000000000011101111101110010111
00000000000100011110100011101111
00000000000011011001110000100010
11111111111110101100110011010110
00000000000100101011101111101011
00000000000010100001011110110000
00000000000010011000101110001101
00000000000001000110110111000110
00000000000100000100101001110111
11111111111110111101101011100000
11111111111101000110100110100101
11111111111100101000100010001011
11111111111001111111011111111100
00000000000110000101110111001110
11111111111110110100011010111111
00000000000010101111001000110111
00000000000001001101100000000111
00000000000100111011111101101110
11111111111101100001010001110000
00000000000001010111011110000011
11111111111000100101110100011111
11111111111111100110110010101011
00000000000010100001101101110000
00000000000011101001110111011110
11111111111110000001010111111101
00000000000010100111000101010111
00000000000100000111001001100010
00000000000011100111011111001001
00000000000011101010011011111010
00000000000000010001000100001000
00000000001100010101000111011000
11111111111110101000001011011101
00000000000011111100111101011100
00000000000011101101111101010011
11111111111111100110001011101000
00000000000000000010011110010000
00000000000110110000001001001001
00000000001001011010111110000000
00000000001001001110011111100000
00000000000010111001001101000010
00000000000000010100111110010011
00000000000101101101100100000101
00000000000100011101101100011100
11111111101111110011100001001001
11111111110000101001010100111001
11111111111100000001101101101010
00000000000010101100011101010111
00000000001011110000110011111001
11111111111000101011001111011110
11111111111001111000100001000011
11111111111011000010111001111101
11111111111011001010000101001110
00000000001010000011100000010101
11111111110011101000100001010011
11111111111100001111010011110111
11111111111000000000010000110010
11111111111111001010001001001001
11111111111110001111010111010110
11111111111100011101011010001101
11111111111101111110110001100111
11111111111110011010110011110101
11111111111111010000110100011101
11111111111000110110110001010001
00000000000001101011101001110100
11111111111101111101101101001101
00000000000001100100111000100110
00000000000001110010010101011011
11111111111101101100100011011111
11111111111011011010111011001100
11111111111100010101001011111110
00000000000100010001010000010101
11111111111010010001000100100101
11111111111101001100010010101110
11111111111100001110010000000100
11111111111110000110011111100001
00000000000011101000001110101111
00000000001001010001011100000010
11111111111011110010001100101001
11111111111000011001101011001110
00000000000011010001100101111101
00000000001001010011101111111101
00000000000111110100010100000111
11111111110101111100000100101011
00000000000001010001011000001100
00000000000100101001101100100001
11111111111110001010100111000111
11111111111010101100100010001110
11111111100100110001000000000100
00000000000100111101110110001100
00000000000011100011111111110001
11111111111101101111001001111110
11111111110111011111110000101001
11111111110010001001010101111111
00000000001000000100100111000011
00000000000110000110011011101110
11111111111010000000000000000000
11111111110011111000000100110111
11111111110101101110001000101110
11111111111110000100001010100110
11111111110100011100010111011111
11111111101111000010111000110010
11111111111000000111110100001110
00000000000010101110101001000110
11111111111101111000010100101011
11111111111110111111011010011110
11111111111110000001100010010111
00000000000001011110011100110001
00000000000111100111001110101010
00000000000101110011100101100001
00000000000100011001110111101001
11111111111100011011111100110101
11111111110001100101000010110011
11111111110100001011101100101000
00000000000010001100110111011001
11111111111101100101100110101110
11111111110101001000000101000000
11111111111001101110011111000101
11111111111001110011100111101110
00000000000101101101010001001000
00000000000001110111100111110111
00000000000011000110001010101101
00000000001000100101101111000101
00000000000111100110100100110111
00000000000110110010010110000001
11111111111100100010011100110001
11111111111011001011110010101101
11111111110011110100101011101001
11111111111001000110100000000100
00000000000100100000011101000001
11111111111100011110101110110110
11111111111110101010110100000011
11111111110110011010000101011110
11111111111110000011100001101101
00000000000101101101110001000100
11111111111100101110010001001000
11111111111110100111100010011001
11111111111011111110010110101011
00000000001111001101101110110011
00000000000101010100101001110100
11111111111111010110110101011001
11111111111111000010010000101011
00000000000011000110010101011011
00000000000001110111110100000000
11111111111100001101101100110111
11111111111111001010111011011111
00000000000100100100001011110101
00000000000101010111100110111100
11111111110111100001011000000101
00000000000100111011000101101111
11111111111110001101101100011101
00000000000101100110111001111000
00000000001101000100001001111111
00000000001010001010101011111100
00000000000011100111011001011100
11111111111101000010111101000101
00000000000100011011110101001011
00000000000101101111100110111110
00000000000111111111001111100101
00000000000100001111111011010110
11111111111111101100101011010100
00000000000001101101001001101100
00000000000101111101101000010011
11111111110010011111000101110011
00000000000001000100011010010011
11111111111111110001100101001111
00000000000010111100010111011010
11111111111111101000010100010111
11111111101100111001000101000010
00000000000110001100100101100000
11111111111100001010111000000010
00000000000000110110001111111100
00000000000000001101000001110101
11111111111010011101010100110111
11111111111111101000010011000100
00000000001010000111001111100001
00000000001000101011111110111101
00000000000101110010011000000101
00000000000011000001010110011111
00000000001000001011001101001110
00000000000110101000110010101110
00000000000010111000100110111001
00000000000001101110100011110010
00000000000000000101010011101001
00000000000010011011010001101100
00000000000010101111011010110011
11111111111101011111101110100111
00000000000010111011101001001011
11111111110101110101100111101000
11111111111110100000011100011010
11111111111111100001000111010110
11111111111101000000100001000101
11111111111011101110001110011010
11111111111101111011001001000110
00000000001111011001001111110101
11111111111100111110000001011011
00000000000000111011101110101001
11111111111101110110101110010100
00000000000001010111111001011100
11111111111111001110011011100010
11111111110101000011111001100100
11111111111010111100111101110000
11111111111110010110010011101010
00000000000011011001110000101100
11111111101110011010000111001000
11111111101010100101000100101001
00000000000011101011111011001010
00000000000000100000100011100110
11111111111111111000001010011010
11111111101011001011011111110101
11111111101110110110101111110101
11111111111111111000010110111010
00000000000000111100111100111001
00000000000011101111000000000000
11111111110101011011011111100100
00000000000100110111010001101101
00000000000100011011010010001001
00000000000010111001100011001011
00000000000000011001010000000000
11111111111010100011001111111010
11111111101011111110101110010101
11111111111111000011101110011000
11111111111111011110110100000000
00000000000010111101110110110000
11111111111100000110101011111111
11111111111100010010110101110101
00000000000000110000101111101010
11111111111110110000011110010101
11111111111110000010001111010000
00000000000011011010011000011111
00000000001011000011101010111101
00000000000111100100010111101110
00000000000100010000111010000110
00000000000101010001110101100101
00000000000001110110101000000101
00000000000010100111100101001011
11111111111110100001000001001101
00000000000010000001100110101001
11111111111111000001001100101010
00000000001100001101000001001010
11111111111100010110100110111001
11111111111000011110100101010011
11111111111001111000100100011101
11111111111100011011110010001001
00000000001101101010011101101100
00000000000101001000010001111011
00000000000000110110011000100001
00000000000010100010000010010010
11111111111010000000101000110110
11111111110010001000011111111101
11111111111011110100010011110100
00000000000110001100111010001101
00000000000001100101101001110101
11111111111111111010000010001110
11111111110101111100110110000110
00000000000000100100110000100011
00000000000110110010010011101101
00000000000110010111101101001100
00000000000001000011111010111010
11111111110111011111001001100011
11111111111010010001001011011111
00000000000111001100011100000000
00000000001000000111111110001001
11111111111100101110110110011101
00000000000010011010010101101111
00000000000111001110110111100000
00000000000000110011100100101001
11111111111111001010010000100110
11111111111100110100111001111100
00000000001110011010000110000011
00000000001110101001000010110011
11111111111011111000111001111100
11111111111111100101011110111111
11111111111011110000011001010000
00000000001110100110111000110011
00000000001010010011101110110000
11111111111110010111000110010000
00000000000000001011010010001011
11111111111111110000101010101000
00000000000011010100100100101111
11111111111111010101001110110101
00000000000001110001100011011110
11111111111111100011000101000011
11111111111100110100111110000001
11111111110100111000101101011110
11111111101100110110010000100101
11111111111011111111001001011101
11111111111111011101101001111001
00000000000100100000110010111000
11111111110011010111001000110111
11111111110111101111100011110000
11111111111011111001110000100010
00000000000100111011011001111000
00000000000100011001101111110010
11111111110101001010111100100001
11111111111001000100001000111111
11111111111001100010010000010100
00000000000001101101010110101010
00000000000111101000100001001000
11111111110111011011010101110110
11111111110111111000010101111111
00000000000000101111111001000001
11111111111110100101101001010000
11111111111011111110101110111011
00000000000010010110010011101110
00000000000101010101000100110110
00000000001001000100001100000101
00000000000011011011111011110000
00000000000010111101111110111100
00000000000010000111100111011110
00000000000111000000111100100000
00000000000010111010011010110010
00000000000100011101010101100000
11111111111110111101110000110101
11111111111110101011100000111001
11111111111111100010110110010001
11111111111001001101001000010111
11111111110011111100111011101110
11111111110110111111010000101100
