11111111110011011100000110011110
00000000000100110101010111011000
00000000001101101110110000011011
00000000001001101100011101000111
11111111111001010001001010011110
11111111101101111100111111000000
00000000001001000000111011001110
11111111111110111001011010101100
11111111111110111100111001000011
11111111111110101010101001110111
11111111110011101011011001000101
00000000000000001011010010100010
11111111111000110110110011000111
00000000000011001011001101001110
00000000000011011111011101110101
11111111111101011010001000000011
11111111111110110110101111000000
11111111111111000110111011011000
00000000000010101011111101011010
00000000000101110110001100010000
00000000000011100000100111111001
00000000000111001100011010100011
00000000000000011000000000000111
11111111111001110101100000001110
11111111110100111011110110011011
11111111110000101100110010101010
11111111110010011110010011001101
11111111111000110110011011000011
00000000001001110011000010011000
11111111111110110100000001100000
00000000000110010111110110110011
00000000001010011000011111001000
11111111111111110011001100111101
11111111111001000111110001010111
00000000000011111010001100010011
00000000011000100001110011100101
11111111111100000101100001001110
00000000000101110101001001101001
11111111101111010110011110110010
00000000000111011100010110001101
00000000000001011110111000111010
00000000000100101001011110011001
11111111110111001110100001101100
11111111110111011011011101110101
00000000000110110011110000100000
11111111111011101111011110100111
11111111111101000101000110000010
11111111110110101010000001101100
00000000000101001111111010010110
11111111111101100010101100010001
11111111111011101101010011100100
11111111111100100011101001001000
11111111111001011110000110010111
11111111111011111000110110001010
00000000001000110011111001010100
11111111111000001001011100001101
11111111110110111010000010111000
11111111111110101111110100000000
00000000000110110010100101010001
00000000010001100110101110111001
11111111110110111100101111110010
00000000000010110010000110101010
11111111111011010000110010011000
00000000000001101111000011111101
00000000001000100011001111100011
00000000000001111000000011011010
00000000000010011011110000011011
00000000000000110010110001110110
11111111111100111001101101101110
00000000000011101010101000101101
00000000000110010111101000001010
11111111111101101110000011101110
00000000000101100011101111111100
00000000000001010000100101110101
00000000000100101111011010100010
00000000000100001011000011001010
00000000000011001011111101010111
00000000000011011001100111110111
11111111111100001011011111110000
11111111111001011000101000010000
11111111111111001011000000000000
11111111111100011000100101110100
00000000000000010111110110000001
00000000000010011111111011001001
00000000001001000111011111101100
11111111111001111111000010110101
11111111111111111111010111001100
00000000000011000001111101101001
00000000000000010111111110111011
00000000000000001100000001101101
11111111111101011001110010010010
11111111111001011111001001010100
00000000000001000101010110011110
00000000000000101011000010000010
00000000000000000010101111101010
00000000001000111110100001111111
11111111111110111001110110101100
00000000000001000100101000010001
00000000000110011010110011110001
00000000000111101011101000101001
11111111110011110110000111101010
00000000000001010001010111000100
00000000000111000111010111101000
00000000000010001101001101101011
00000000000111000001100011100101
00000000000001110110001011100011
00000000000000001100100011101011
00000000000000101010101011000010
11111111111101011010100010011100
00000000000010100110110001000100
00000000000100001011101110100010
00000000000010101001011010000110
00000000001010011111101000010101
11111111111101111100011010000010
00000000000001101000011101111100
00000000000100011111001010000111
11111111111111101101110000010111
00000000000010010001011111001011
11111111111011000000000011111000
00000000001010101010001000001001
00000000001101001010101110011011
00000000001000101001110111110010
11111111111110000111111010100110
11111111111011010111100011001011
11111111111111011101101010111110
11111111111010100101001110000110
11111111111001111010011010111001
11111111111001110110100010111010
00000000000001111010110001110010
11111111100000010101101100110100
11111111111100011001011111111101
11111111111100100111100100010101
11111111110111101000011100011100
00000000000010101011111111011110
11111111111111101101101010010010
11111111111011101011110001110110
00000000000000011101110111110000
11111111111011110010110000110111
00000000001000000011001010111000
00000000000100101110011110001011
11111111111110000111110010101001
11111111111101000001100000111010
11111111111100111101001001100101
11111111111000000000100100001110
11111111111011011111101101110100
00000000000111001000110001000111
00000000000000010010110011010011
11111111111110110000100000111000
00000000000010000011011100101001
00000000000011010101111110010101
00000000001000110010000101111000
00000000001001010100001100100101
00000000000000111100101000000101
11111111111100100100001101111000
11111111110100000101111100111001
00000000000110010010100100010101
00000000000000111000010111111111
00000000000000111101100111010111
00000000000011001110011011011011
11111111111000101001110110111011
11111111111100110011011011101001
11111111111011000110101001010101
11111111111010110111010100100000
00000000000000011110110000101101
11111111111110100100001011101001
11111111111101110001011010110101
11111111111100101001011000100010
00000000000110001001110110101111
11111111111011101000011011100001
11111111110010011101011000100100
00000000001000001001111010010110
00000000000011011101010010100000
11111111111101100001100001100101
11111111111010101000110001000000
11111111111010001111000001001100
11111111111101001110100010111000
00000000000011100001111001000101
11111111111101011111101110101110
11111111101100110100110000111111
11111111100011001010111101010000
00000000000110000010010000100111
11111111111100011001011100101111
11111111110110001011010100110000
11111111111011110100101110010001
11111111111011011110010011101111
11111111111111101101000100011001
11111111110011111110000101101001
11111111111011101011010000110111
00000000000000100111001110001000
00000000000110100011000110011110
11111111111001100011001000000010
11111111110110011000100110001000
00000000000100110011010110100101
00000000001010011110001111010011
11111111110001000000100001110100
11111111111101101011101001000101
00000000000100110011001100001101
11111111111001110010100000010010
11111111110111001111101101110001
00000000000011001100010010001111
11111111110000100101110011000110
11111111110110110111001010100011
00000000000011111110110000110000
00000000001010000010000111001101
00000000010101010010011111110100
11111111111000110111100000010101
11111111111111000010001110000001
11111111111111110000010111010110
00000000000000010111010111001111
00000000001010110110111010101111
11111111111111100110100100100011
00000000000001110111010110101101
11111111110100100000001001001101
00000000001010111010000011010000
11111111111000001101011011100110
00000000000101110110000110111101
11111111111111000111110100111011
00000000000000001101000010101000
00000000010011010101110011011000
00000000001110101001110011111101
00000000000001010101011010010010
11111111111101111011111111101100
11111111111000100101010101001001
11111111111011011111011101001110
00000000000011100110111000100100
11111111111111001010100110001100
00000000000111000001100100000001
11111111111110010001010111011110
11111111111011110100111100110100
11111111110111111010000000010111
11111111111011001110110111111100
11111111111000100110100011011011
11111111111111010111001101000111
11111111111100000011010100110111
00000000000100110101111111011100
11111111111100000101110110000011
11111111111001011000000100111111
00000000000000101010110111000010
11111111111101011101101010111101
00000000000100100111000000100001
00000000000110001001110001111011
00000000000011010001010001111110
11111111111111101000111001000100
00000000000101010011011011101101
11111111111010001010001000011011
11111111111111000101000011110001
00000000000010101011100000111011
00000000000100111111010001010000
11111111111101011001011101010100
11111111110111000000111100101011
00000000000000101010110010110111
11111111110101000111000100000111
11111111110101101001011011011111
11111111111111000110011001101011
00000000000011011110101010011110
11111111111001010001111000101111
11111111111001100011110010010111
11111111111011011001001110010000
00000000000001010110111100000001
00000000000001101100110000011110
11111111111110010000110100000110
00000000000100101101011010000100
00000000000011010001001011110101
11111111111100011111101001101101
11111111111000000111011011011011
11111111111010100010100010000100
11111111110111011001111010010101
11111111110010111100110010111111
00000000000011010010010100000001
11111111110100101100111100001110
11111111111011000011011101011011
11111111111001001000101000110101
00000000000101110010010001000110
00000000001010101111101111000101
00000000001010010101111100000101
11111111111110111111110110001001
11111111110110110011000101011010
11111111111001111101100110110000
00000000000010100000010111111100
11111111111011110000111000110110
00000000000010011110010101100110
11111111110110010110111100011001
11111111110110101000010011001000
00000000000011010010010010110011
00000000000101111011001001011011
11111111101101001011001000111100
11111111110110000001100110111001
11111111111011101101111001111011
11111111111100010100010001000100
00000000000100010000111111011101
11111111100001000100101001000100
11111111111011010010010001100010
00000000000001010010010010001110
00000000001011010100100111011111
00000000010000010000000001111101
00000000000010110011011101101100
00000000001100100010001011110010
00000000000101100110111111101110
00000000001110010001100001100111
00000000001001110111110001010111
00000000000010100000101010001011
11111111111011001000011010111001
11111111111101100010011001110100
11111111111110101110011100110000
00000000001010000010001001010100
11111111110101000111100011111010
11111111100101100000001110111100
11111111110101001000010000001000
00000000000110110110001010000011
00000000000111101011000110011110
11111111111001101001100111100101
11111111111011101110100111001110
00000000000100101111110010011011
00000000001100001110010110010111
00000000000101100110100010111011
00000000001101010101101001111000
00000000001000000110011000001101
11111111111000011000101011101100
00000000000101010010010111110100
11111111111100111011111110000101
00000000001100110011011111110111
00000000000010010110111001111111
11111111111101110101101101011100
11111111110000111000101110101011
11111111110100110011000001011100
00000000000100100000111111101000
00000000000000100111111101101101
11111111111111010001001110010000
11111111111100101011101010111001
00000000000100011010000000101101
00000000000101010001011001001010
00000000001000001011101000100111
11111111111100100101110010000010
00000000000000100100100111001111
00000000000010110100100000000001
11111111110000110001100110011011
11111111111001011000011110111110
11111111111110001000111100100100
00000000000000000110011011101000
00000000000010011111000010010001
11111111110001010110110001011011
11111111110111110000000011100010
00000000000101000111111101111010
00000000001100111100000011011110
00000000000000100001111101000101
11111111111110111000101101100000
00000000000010010111001111110101
00000000001100011011101111110010
00000000000110000110001010111100
00000000000110010001000000010000
11111111110010000000101100000110
11111111110000101010001000110111
11111111111001100101011110000101
00000000000111111101010000100111
00000000001101101010111000000111
11111111111100001101000101100101
11111111110110111110011000001111
00000000000001001111010010010011
00000000000001110001100100100111
00000000001010110000101101011011
00000000001110111001010101101001
11111111111011100110010100011101
00000000000000100101010110010101
11111111111011100110010011101001
00000000001000010110011110111100
11111111110101110101101101111010
11111111110000000001011111110000
11111111110100011001010111011101
00000000000001100101100101011100
00000000010001001011011011111110
11111111111001110101111001111011
11111111111001010111101011111101
11111111111101111101111000100001
00000000001001100100111000010111
00000000000101101010000001100000
11111111111111110111100010111100
11111111111111011101001111101011
00000000000010110110011000110000
00000000000001100000010010000000
00000000000111001101101110110101
00000000000100010111111010101111
11111111110110001110001111001111
11111111111011100110100110110100
11111111111111110001010010111001
11111111111100101000000011111101
00000000000000100100001111110101
11111111110011001110000010111000
11111111111100010000010001010110
00000000001000110001111010011000
00000000001010111001111011101111
00000000000110000100001100110001
00000000000110001010001010110111
11111111111111110010101101010011
11111111110100001101101011110101
11111111110101100010011110110111
00000000000101111001100010111010
00000000000110010100011001001101
00000000000000101011001010110000
11111111110101011100110101000011
11111111110001001111110010000001
