00000000000110010101001101100100
11111111111000110011101011000001
11111111111000110111101101001100
00000000000100111000101111000000
00000000000001111010001001100101
00000000000000001000101101101001
00000000000011111011111111111011
11111111111010110000001100001100
11111111111010100100001101100100
00000000000011100101011101100101
11111111111111101100000000100101
00000000000000111001101000100101
11111111111110111000110000101101
00000000000000001011111100100110
00000000001000110111111010000101
11111111111000101000001101101110
11111111110111100101101110110101
11111111111111111011101001001000
11111111111100011011010110001011
00000000000111001110000100111101
00000000000011101101110110100110
00000000000001011111000010100000
00000000000100101001011110000001
00000000000001110000011010111000
00000000001000111001010001011011
11111111111111010101001100001011
00000000000110010101101000010010
11111111111100011110101011000110
11111111111100011000111001110001
11111111110111100101001001110001
00000000000000000100000000100011
11111111111111001110001010000101
00000000000111011001011001001011
00000000000101000111100110111010
11111111111111001110001101101110
11111111111111110101000100000011
11111111110011110110001000001001
00000000000111110000100011100110
00000000000000000111111111110011
11111111111100010110010111000001
00000000000111101110100011000100
00000000001001110011111000010100
11111111111000100110000100000001
00000000000000111000111011100001
11111111110111011111111101001001
00000000000100101001111001101110
11111111110111001010011001100010
11111111110011111100111010111010
11111111111010100110000000011010
11111111110101001000100101111001
00000000000011100100000000101000
00000000000010100010110001001010
00000000000001111100110001111101
11111111111111101000011000101111
00000000000000000111010100110010
00000000000001100100110111010101
00000000000101000001100111011100
00000000000000110111111110111010
11111111111110101101101100101100
00000000000001101101000101000111
00000000000010101101100100011001
00000000000111000000100110001001
00000000000000000010101001101000
11111111111011010011011100010100
11111111111011100100001011011011
00000000001000110101010110101110
00000000001000000000110010010000
00000000000010110111000001000110
11111111111010111000000100111010
11111111111101100100011110010010
00000000001001011001100011010110
00000000000100111010110010000111
11111111111110011111010111101100
11111111111110111100010100111111
11111111111011000011110001000010
11111111111101001010000001011010
11111111111010010001111101000111
11111111111001100100100100100010
11111111111011111000111100000110
00000000000010111001110000010001
00000000000000011011110011010100
11111111111100111001100001010100
11111111111101100000011101011101
11111111111011101101010101111110
00000000000011011110111000101111
11111111111101110010011010010010
00000000000000010001111000000100
00000000000001111000100000001110
11111111111111111111100100001001
00000000000000000110100110000010
00000000000010000011100011100010
00000000000011001011111011010001
00000000000100001010110001011100
11111111111111000011000000101100
11111111111101011000111000110000
00000000000000110011010000110000
00000000000000111110101001011100
00000000000000010000110001100110
00000000000010010000011001100001
00000000000101010101110011010010
11111111111111000110101100101110
00000000000000110010010100011100
11111111111100100011010101001011
11111111110100111110011000011101
11111111111110101011000001100001
00000000000000010010001101000010
00000000000000111111000010111100
00000000000010000101110110110100
11111111111010010101110011111110
00000000000011010100001010011100
00000000000110111111110100010100
11111111111111110000011010010110
00000000000000001001010101111110
11111111111111100011011111101010
00000000000011110101011100110010
00000000000001001000110000111100
00000000000101011001111111111001
00000000000101101000000001100111
00000000000011000101000110011111
00000000000000001000011010111110
11111111111000011110000001010100
11111111111100111110001011111010
00000000000101110001110010010000
00000000001010011101111101011110
00000000000011010100101000110001
11111111110011011111101000001110
11111111110111111110110011011100
11111111111011100111111110111111
11111111111100011010001111111110
00000000001101100101111111011010
11111111110110111111010011001100
11111111111101101001000111010001
11111111111010011100000010110000
11111111111111010001101011101101
00000000001100100100100101101111
11111111110011001001000101100001
11111111111001110110000110101011
00000000000000100010111101111111
00000000000011101101011000011101
00000000001011110001011100010001
11111111111001011110010100000111
11111111111001101010011010110111
11111111111010001111111000111010
00000000000010011001010000100010
00000000000100000001110100111001
00000000000100100010111001111111
00000000000111001010111100111000
00000000001001101000000001101010
00000000000101001010100010001000
00000000000100011111100000110111
00000000000010101100110100000111
11111111111011010000000001100011
00000000000010110001101101010110
00000000000010111001001110101110
00000000001100101110100011001010
00000000000110010111110011000101
11111111111111001110101111100001
00000000000010011000011110110001
11111111111110010011010010100011
00000000001011101010010111010000
00000000001001101010001011011011
00000000000000010010001001110110
00000000000100001111100011101001
11111111111111001100010111001010
11111111111011101000000100101101
11111111111110000011010010101100
11111111111101011101101001101011
11111111111011110001111111100010
11111111111010011001110000110000
11111111111110001100111110001101
00000000000000110011111111101110
11111111111111111001100101010100
11111111111100100010000110100101
00000000000000000101110010111010
00000000000111100011110010001100
11111111111110011001110100000110
00000000000100110010101011111001
00000000000100010111010011011101
11111111111011101010100001011101
00000000000100110000100100111001
00000000000100100111011101001001
11111111111110101001111010000100
11111111110111011010110101010010
00000000000100011101011111111110
00000000000111011011110001000011
00000000000100101011111010010000
11111111111010110001111001111111
00000000000000110110001101010010
11111111111101110000110011101111
00000000001101011101001000001010
11111111111110010111010100010010
11111111111011010000001011011111
00000000000001011010010111101001
11111111111110100101000001101100
00000000000111000101111010001100
00000000000001010100100100110111
00000000000011110101001110011000
00000000000011101110100000100000
00000000000001000110001100010111
00000000000000010110001001101011
00000000000100011001000111100010
11111111111111101101001000110101
00000000000011001111001011000100
11111111111100011000010001110000
11111111110010011010110111000100
00000000000101000011001100101010
11111111111011110111110011101100
11111111111100111011001110111101
11111111111010011001110010111000
11111111111000100011010000101110
00000000000011001011011100011101
11111111111111111001001010010110
11111111111001010001000100100111
11111111111110111111101001000011
11111111111010101101101100001011
00000000000101000010001100111011
11111111111100110110001010100111
11111111111110110000101101010010
11111111110100110100011001111101
00000000001001110000001001010011
00000000001000000100011100111010
11111111110011110101010101111111
11111111110011011110111010010111
11111111110110110110101011100110
00000000010011110101111100110010
11111111111111001001110011011010
11111111111011100110001101001010
00000000000100111011100000111011
00000000000101101001000011111000
11111111111111011100011111111111
11111111111101010001010011100100
11111111111101001011011111100100
00000000000011100000011001000000
11111111111111110111000100110111
00000000000011001110111010010100
00000000000101100110010000111000
11111111111101001001000110111010
11111111111111110000010001011010
00000000001000111111110110010100
00000000000010101001001000000011
00000000000011001011111000111000
11111111111100000111110101111001
11111111111011011101001000000011
00000000001001000000010010000100
00000000000010111110011010100100
00000000000010101011011000110010
11111111111111010110000011000111
11111111111111000000100011011000
00000000000001110011001100100111
11111111111110011101110110110101
00000000000110110101110111110001
00000000000000000100101101100111
00000000000101111001001010100101
00000000001000101100010111101010
00000000000011010110010101100000
11111111111110110000110001100010
00000000000011011100101101001100
00000000000000000011111001111101
00000000000111011111000011011100
11111111111110010111111000111011
00000000001011011101111100111000
00000000000111001010101011110010
11111111111011000100010010101010
11111111111111001010011001010110
11111111111001110010111110011001
00000000001000011100010010000110
00000000000001111000101010001101
11111111111101100000000111100100
00000000000011101110001011001100
11111111111110100100001101010101
11111111111100110110101111010100
11111111111011010111000010111101
00000000000000011011111000101000
11111111111111101110000011001010
11111111110100110111011010101111
00000000000010000010111000100001
00000000000110011111111000101110
00000000000011001101001111101011
11111111111101100011110001100111
00000000000100001101011000110111
11111111111010000100110111111000
11111111111111111100011010101111
00000000000000100110011000110101
11111111111110110110011100010100
11111111111100001101111111111111
11111111110100100100111011110010
00000000000001011000010101000001
00000000000000010001011011001010
11111111111100010010100001011010
11111111111101110001010110100111
11111111111110001001110101111011
00000000000101101000011101100100
11111111111111001110101101111000
11111111111100100111000010111101
00000000000000001011100111010101
00000000000011001100000000000100
00000000001000011001010110110101
00000000000110110111000011100101
00000000001000101110101011100001
00000000000010110010011000010111
00000000000011111111011101110011
11111111111100001000101001010110
11111111111011011101011100011110
00000000000001001110010100010010
00000000000101010101101000100100
00000000000011001100010101001110
11111111111101011001011100000001
11111111111111101000011111010011
00000000000111001000000010000110
00000000000000100000101001001010
00000000001000100111100101101111
00000000000111001101000101001010
00000000000000010111010110110011
00000000000011101011111110011100
00000000000011100010101111011000
11111111111100110010111101111100
00000000000111110101000010101011
00000000000100010001010100010010
00000000000001001111110100011011
00000000000000001111011010111001
00000000001001111110010111001001
00000000000111100110111101011101
11111111111101001111000101001010
11111111111110001001101100010100
11111111111001001101011010000110
00000000000000001111000101010000
11111111111111011111100100011011
11111111111011111011101011100010
11111111111100100101101011010000
11111111111111100111001010110110
11111111111100001000100000111000
11111111111001010010000010111110
00000000000001111111011101101000
00000000000001000110010010010110
00000000000011000111110100101011
11111111111111111001001110101000
00000000001000010000100011011101
11111111111101011110110111100001
11111111111010101001001100111001
00000000000001010111111101111010
00000000000111111110000101111110
00000000000100100111000110000111
11111111111110111001001100111011
00000000000000001010111011001101
11111111111011001010010000101000
11111111110111001010000100100101
11111111111100010101000101000110
00000000000101010001111110001011
00000000000001010001011101101111
00000000000000101000010011011100
00000000000110011001000000111010
00000000000100000000111000111111
11111111110111001110011001000011
11111111111010101011100101010000
11111111111100001111110100111000
00000000001010111010010100011011
00000000000011000010000100000010
11111111111010011000011010110110
11111111111001111101011010101001
11111111111010110010001001010110
00000000000110110101101010110001
00000000000110000011000111100000
11111111111110111111001010000010
11111111111000011010000000000110
11111111110110111111011001010011
00000000001110100111000111111101
00000000001000101000111101011111
11111111111101110110010101101111
11111111111001111101011111011001
11111111111110101110011010111010
11111111111110001111111001011010
11111111111110011110001100011101
11111111111000111000110110000011
11111111111100100111101111000001
11111111110101110011110110011110
11111111111000010011000110100110
11111111111110000111110011011001
11111111111000001001101011101100
11111111111100000011001110010011
00000000001001001001000010110110
00000000000011100010010000111100
00000000000100111111011101000011
00000000000101111000100100010011
00000000000100010010001001001110
00000000001010110110010100110110
00000000000000010001100100101111
00000000000001011100001001000110
00000000000010101111010110000000
00000000000101001000101110011011
00000000000110001110010111111000
00000000000111011100111110011100
00000000001000100111100011110010
00000000001000100100111011001111
00000000000001101110011100111011
11111111111111001001100001011111
11111111111101100111001100001000
00000000000001010101010110000000
00000000000110100011011010010000
11111111111111101110000000100110
11111111111110110100011101001010
