11111111110111111101010001001110
11111111101011001101101011101100
11111111111111011101011110111110
11111111111110000111110001010110
11111111111001011101100101010111
00000000000001000010101011100011
11111111110110100101111101110111
11111111111101111010010010010101
00000000001011110101100011000111
00000000000010110010101110111101
00000000000000011000110110110000
11111111111111101101010100011011
00000000000001000010000101000100
11111111111000011011111001011010
11111111111100110101111000000110
11111111111000111000001111110001
11111111111110111111011000000001
11111111111000000001110001000101
11111111111100101100011101000100
00000000000001111011010000010000
11111111111100011001010110111010
11111111111010011000100001010110
11111111111010101001010101010010
11111111111101011111111111111000
00000000000010011010111011110111
00000000001010010100000100111010
11111111111010000111101011001111
11111111111011000011011101010011
11111111110110111101011001110010
00000000000001011010100011011100
00000000000111010000000110011000
00000000001010001010000001100010
11111111111111101101001011000111
11111111111010100111110011110001
11111111111100001110011110101011
11111111110110011110100010001000
00000000000011011000110010000001
11111111111100000101000000011110
00000000001001110101110110110011
11111111111101001111000100000111
11111111110011100110000100100100
00000000000011001000001100111110
00000000001010001010101010101000
00000000000110010010011011111101
11111111111111001011101111001000
11111111111100110111000101000110
00000000001101000100010001100001
00000000000000011101111011010110
00000000000100101100110100011000
11111111111100100001000101101110
00000000000001100100011110111000
11111111111100001001101100110011
00000000000001110001110000110001
11111111111010010001101000010000
11111111111001101001001110010001
00000000000011110111010101110100
11111111111111010100101001011000
00000000000001100011001101010011
00000000000001101100001100100011
11111111111011101110001000111101
00000000000100001111101010011100
11111111111011110011001111110101
11111111111111011011000111110001
00000000000011001010010010101010
00000000000000101010100110100100
00000000000011000001110000111001
00000000000100110100001111100110
11111111111110011000101100010000
00000000000100010100001001101001
11111111111101100111010110011000
00000000001010000000000111000010
00000000000110000000111001101010
00000000000010010001010000001011
00000000000010100000100000010011
00000000000000011010011100100111
11111111111110001101010001000101
00000000000001100101110000010011
00000000000001001011111011011100
00000000000100000001111111001101
11111111111010110100100001001101
11111111111010010111111100001111
00000000000010010001111110111000
00000000000100011110000100110100
00000000000001000101010111110011
11111111111010001011100110110001
11111111111110001110010000101001
00000000000011001011101101100100
11111111111101011100100110000011
11111111111111100000111111100000
11111111111000000111110011010101
11111111111100111101110010001111
00000000000001011001011010000100
00000000000001011100100001011111
11111111111110000000100101101001
11111111111010011001011100011001
11111111111100100000010010011110
00000000000000110110010101100100
00000000000010000011111000110110
11111111111110111010001111110111
00000000000001001001010100111011
00000000000010110011010100011010
00000000000010001000010011101110
00000000000000111000010100100011
00000000000101101110010100100000
11111111111101011111001101010011
00000000000100000001011100000000
00000000000010111001110111010011
11111111111011101010111101100010
11111111111110110010000001000010
11111111111101001000110001101111
00000000000101101000100001000011
00000000000010110010001000001110
00000000000000100000011111001010
00000000000001001001110001100001
11111111111100110100110011000010
00000000001001100010111001011101
11111111111110111000110000010111
00000000000001001111101101101000
00000000000001001011100000001000
11111111111101010100100110010111
11111111110111100101101100101000
11111111111010000010100111101111
11111111111101001010100100110101
00000000000001011010000101110011
00000000000000101100111010001000
00000000000000000000110001101001
11111111110111101011011010001010
11111111111100001010110110011001
00000000000001110101010110110100
00000000000011011000111100101101
11111111111010100010111101001001
00000000000001111011010011001010
11111111111011000100000001011001
11111111111010110000111000000110
11111111110111010011101110010100
00000000000000110011110011101001
11111111111111001010101011010101
11111111110111000010101000111011
11111111111000001010100001011011
11111111111101010111101001000100
11111111111000100011101001011000
11111111111011011101101110101110
11111111111101000001101111011010
00000000000000111111000010111000
11111111111100100011101111111001
11111111111010110111111000000111
11111111111101010110011011110100
00000000000000110001110000110101
11111111111111001111110001101000
11111111110111100100101110100111
11111111111111010111001110011111
00000000001000101011001011011100
00000000000011111000001001100010
11111111111001001101001000110000
11111111111101000000101000000011
11111111111001110001110110111000
11111111111110001010000011000010
00000000000010100101001111001011
11111111110111100001111101000111
11111111111010000010110100101000
11111111111111000111100111100001
00000000000010101000000001110111
11111111110100000011100001011001
11111111110101011010100111010010
11111111110000101010111000000000
11111111110111011001000000111100
00000000000001111101111011001001
11111111110110111110101000101001
11111111110101001010001001100010
11111111111001100010011010011100
11111111111001000100011011101000
11111111111000011100000011010011
11111111111111101110001001111110
00000000000101011101001111010111
00000000010000011010100101101011
00000000000010011001001101111010
00000000000101000100111101110010
11111111111111000111110011101010
11111111110100001000101111100110
11111111110000101110001011101111
11111111111110011100001100101000
11111111111101001001000001000011
00000000001000100111100101000100
00000000000111100011001010011011
11111111111011010111001110011001
00000000001000111100001101101000
00000000000000000010000011100001
11111111110111010011000101100111
11111111110111000011010111111111
11111111110111001110100110001011
00000000000100001000001010101000
11111111111100101101101010001011
11111111110010100000111110011101
11111111111111100011011011110101
11111111111111001011100011100110
00000000000000011100011010111011
00000000000011101101001010000110
11111111110110011101001111000001
00000000000001001100110101011000
11111111111000011000010111111011
00000000000001011101001101001100
00000000000001101100101110100100
11111111111110000111111110011010
11111111101100010100000011010110
11111111101011000110011001010010
00000000000010000100110100000101
00000000000110001111011000110110
00000000000000011011001110101100
11111111111100000010101000101010
00000000001101110101110101100010
00000000000011100000011101011111
00000000000100000010010110111101
11111111111101000110011010100011
00000000000110111100101101011111
00000000011000010000110010101000
00000000000110000110001011110100
11111111111100101111010000110110
11111111111100111010101000011000
00000000000100001001100111010111
00000000001010001111001101001110
00000000000110100011010010001011
00000000000011111101001000100011
00000000000100100100110000101101
00000000000001110000011010010010
11111111111101101110111101110101
00000000000000000101001101000010
00000000000100000001111100100011
00000000000110001010011001000110
11111111111111100111010001011000
11111111111101111000011010000110
11111111111111111101000011001010
00000000000001111010100011000000
11111111111111100111100000000011
00000000000011001001111111101011
11111111111000000101110000101110
00000000000100111110010011111110
00000000000111001010010111000011
00000000000001000011001100101011
11111111110101010000110001110011
11111111110011001011100000100101
00000000000011111000100010111101
11111111111010111101010001001000
11111111111001111000100111100011
11111111110101000100011011101110
11111111110110111111010001101000
11111111111101100111011011111001
11111111111110001011110011100011
11111111111100011011110011101101
11111111111010111011111101000100
00000000000011011101001010110110
00000000000011101101110110110001
00000000000100010110000001100000
11111111111110011010001111011010
11111111111111000011110001110101
11111111110110010101010011110101
11111111111100001110110100111001
00000000000000110000011100011000
00000000000110011001011101000000
11111111111011011011101100001001
11111111110111000000011001101011
00000000000010011000001110010101
00000000000101000100100000101100
00000000000001110011111101100101
00000000000110011100111011010110
00000000000100101000011011001100
00000000001101111111101100001011
00000000001001101100110010101011
11111111111101101110001001101001
11111111111101111010110001011110
00000000001010100111110111011011
00000000001001111110100000010011
11111111111111000100010111001001
11111111111100010101100010110111
11111111110111010000001110001101
00000000000000111110001010110100
00000000000100000110100100100011
11111111111101000000110100110111
00000000000010010101100000011110
00000000000010011100100111011001
00000000000001000101101010010010
11111111110011001111100011000101
11111111111010101111110101010010
11111111111100111100010100101000
11111111111011001100111101100111
11111111111000110001101000001111
11111111110001101000010010001011
11111111110011011101110011100100
00000000000100110010011100100001
00000000001000010110110011011111
00000000000001001000110110010100
11111111110110111101111011110110
11111111110111110011011111101101
00000000000110100000010000100011
00000000001001001100000011001010
00000000000000011101000100001100
11111111111011100101100111111011
11111111111111101111000011001001
11111111111110111101111010100100
11111111111000001001100110000011
11111111111101011001010110101011
11111111101011011101001000100000
11111111101001110011101101000110
11111111111011000111000001010011
00000000001000110000010100110011
00000000000000110001000001110011
11111111111000001001100111001110
11111111111010110001110001111101
00000000000010101011111010110001
11111111111110001110010111011110
00000000000011010000111001110011
00000000001000000010001011011111
00000000000011001011001101011000
00000000000000000101001100100001
11111111111011101000000001111000
11111111111111101010100000100111
11111111111011000111100010110110
11111111111010011100000011101111
11111111111011001110000001001100
11111111111010111000101000011110
00000000000100010110010110000101
11111111111110110110100010100000
00000000000110000110000111010100
00000000000111100010000111101011
00000000000011101100100011101101
00000000000101101011001101110011
00000000001000010100110001111001
00000000000110111100111100011000
00000000000110101100000000111001
00000000001001111100110000001010
00000000000001111000011010010001
11111111111001110100000011011100
11111111111011001101100010100110
11111111111010101111000100011110
00000000000011110111000100100000
11111111111100100000000011001100
11111111110101111100101001101010
11111111111111011111000101101111
00000000000100011101010111011010
11111111111110100010111110101100
00000000000000011111001001110101
00000000000000101110100111110000
00000000000101100000111101010100
11111111111110000111000111111101
11111111110101001001000101101100
11111111111110011110000001011000
00000000000000111010110001100001
11111111111111000111111011100110
11111111111011110011110001010110
11111111111010110010001111101101
00000000000011010101010110001100
11111111111101000110001111000010
00000000000000011111110110011000
00000000000101100010001001111111
00000000000101100100101111001011
11111111111100010000000111001001
00000000001101110111111000111010
11111111111100000101001100011000
11111111111011111000000100001100
00000000000101000101000001100000
00000000000011010101100111001000
11111111111000101101011101000110
11111111111011111101011101111011
11111111111101000111101010111110
00000000001101001001010100110111
00000000000011000101010010101101
00000000000101101011001111011101
00000000001100011100101000001100
00000000000100111011110010010110
00000000001001000011101111110001
11111111111110001011000011010100
00000000001111000101111010001001
00000000010011101111101100101000
00000000000010111010001100001111
11111111111010110110011011110001
11111111111100011100101100011001
11111111111011000101110010110110
00000000000011001101110000000010
00000000000011100110110100110110
00000000001011001100100110010101
00000000000010110111110110100101
11111111111010101011010001110100
11111111111111010111100010001100
11111111111101010101110011000011
11111111111111111001101100010011
00000000000111010100001001101000
00000000000100000000010111101110
00000000000011011010001101000100
11111111111010100100001010100011
11111111110111000101110010110100
11111111111010100111010101010001
00000000000011100010000011100101
11111111111101111100110000011101
11111111110111000001111100010100
11111111110110001110111100010101
11111111110101100000010110000010
11111111111010001010111100101111
11111111111001111010100001000010
11111111111000110001010001100001
11111111111101111110100001010001
11111111111010001010101101110011
