11111111111111101000001111110011
11111111111110010000101111010000
11111111111111011101000100000010
11111111111111111110100001111010
11111111110111001011101110110011
11111111111010000010111111111000
11111111110000100001011010111100
00000000000000101110110001011000
00000000001001001111110111100100
00000000001001011111000100011100
11111111111000101010000001110010
11111111111011101100010100111010
00000000000000000110111000011011
11111111111010011010111110100011
00000000000100001100111100011101
00000000000111101001010011101100
00000000001010000101000011111101
00000000000101011100001010100001
00000000001000101011010001011110
11111111111110000100101001010010
11111111111011101000010100100010
00000000000001101110010100000001
00000000000001110000000001101001
00000000000110000011011101001010
11111111111010001001010111000000
00000000000111010111001001101010
00000000000110110000100001011001
00000000000001100000100000011010
11111111111101011011010001100000
11111111111011101011001010100100
00000000000110100011010111000010
00000000000011000100011000101010
00000000000000100111110110110110
00000000000101011001100101010111
11111111111001001010110100111101
11111111101110101000110001100000
11111111110011111110110100010000
11111111111000101100101111000100
00000000000011010111011000000000
11111111111011111011101111000101
11111111110100111100101000011011
11111111111000111110000100010001
00000000000101100110101001101001
00000000000110111001110011001010
11111111111011011001111011100000
11111111111111010010110010110011
00000000000011000101011111001000
00000000000011010000111101110001
00000000000010000000110111010101
11111111111010110000010101111010
00000000000000010111001100010101
11111111110110100000010110111010
11111111111111010011001110001110
11111111111100001000011001001111
11111111111000111001100110010000
00000000001100010010001011010101
00000000000011100101000001111010
00000000000100011101110110001110
11111111111111111111100110111010
11111111111001000110100001010110
00000000001101101010000010101100
00000000000011100001111100111011
00000000000001000110100000010010
11111111111111000111000100110000
11111111111011100011000110101101
11111111111101001001000010011010
11111111111010110110010111100100
11111111111010110001011001000000
11111111111101011111011000010101
11111111111110000010111111111111
11111111111111110101101101011100
11111111111100010011010001111101
11111111111010011011111001100001
00000000000000000000011001011101
11111111111101010000001100111111
11111111111110110000100110100101
11111111111010111101011011011001
11111111111001100010111001000011
11111111111010000110100001111111
00000000000010010001000001101001
00000000000110100011101101101001
00000000001010011011001010000101
00000000000110100001001010100000
00000000000100000110010100010100
11111111111100001101110110010110
00000000000001011111100110110010
00000000001000110111011010000000
00000000000110110010100010011111
00000000000001111001111100000100
11111111111101010110000100011010
00000000000000011111110000101101
11111111111111010000001101111001
00000000000001101000100010011101
11111111111100001001100101010001
11111111111011100100111100010100
11111111111111000011111111101101
00000000000000001001001000001101
11111111111110111000010110010101
11111111110111111000001110011101
11111111111001011010010101000100
00000000000001110110000101110101
00000000000011001000000001111110
00000000000000011011010001000011
11111111111101010010100111000101
11111111111100100111001011011010
11111111111111000011110101100000
00000000000101000100111011001000
00000000000000110000110110011100
11111111111101001100111100110111
00000000000000101011100101110100
11111111111110100111011011001011
11111111111101001100110000011001
00000000000001111011000010000010
00000000000011011000011111010110
00000000000101111011001110011100
11111111110100010011101110101010
11111111111111011111010101001010
11111111111111000010101111101010
00000000000010111001001100101000
11111111111111100000111000110010
00000000000100001011001100001100
11111111111011010011101101010101
11111111111000010000100011011000
00000000000010111000000110011100
00000000000011010100000100101000
11111111101100000000001111011011
11111111110001000010001101011101
11111111111010001010001011100011
00000000000110111110100110110101
00000000001110110110111111101110
11111111111000100001011011010110
11111111111101000100001101110100
11111111111111010010000011000010
11111111111001111001101110010001
00000000000011111001101110000101
00000000000010100111110010010101
00000000000000000010110111100100
00000000000100000011110110100101
00000000000001011100000010000000
00000000000001111001001000000011
11111111111110110011111001110101
00000000000101001101110010001110
00000000000101101100000000001111
00000000000100101110000010011101
11111111110100100010110101101111
11111111111100001110111011110000
11111111111101010001101010101110
11111111111100101100010011001100
00000000000000001101111001101101
11111111111101100110110111111011
00000000000101000001110011110101
11111111111111011101110000111001
00000000000011011110100000110111
00000000000011111001100100001111
00000000000011001101010011001100
11111111111000111010100110110101
11111111111101010000000100101001
00000000000011111100011111101001
11111111111011111111011101111010
00000000000010010111010010000010
00000000000001110011000011100001
00000000000101111011000010101010
00000000000100000000000110000110
00000000000110010011001101110100
11111111101011110111001000011110
00000000000101100001110001101011
11111111111111001100101000001001
00000000000000110001010010000100
11111111111010010111011100110111
11111111110110011010111110000001
00000000000011000000101111110011
00000000000110001110110010100000
00000000000100011101000111011001
11111111111001100011010110100011
11111111111000111100010100111000
00000000000101000111110110110001
11111111111010111111010000110001
11111111110111111010101010111010
11111111110011111000000100001011
00000000000101010001101001101111
11111111111000101001010001111101
11111111110110110010000001000000
11111111111011110100000111011011
00000000000000101000101010110100
00000000000010010101110101010111
11111111111011100100011100101101
00000000000100101100111110111101
11111111111110111001000000111000
00000000000100010010001011010010
00000000000101110001101001100010
00000000000101010101011001100010
00000000000100101111101011100000
00000000000101101000011011111100
11111111111010110011101010000011
11111111111000010011011001111101
00000000000000010001110010111001
11111111111100011011010011100100
00000000000000101001010101110001
11111111111101100011101011100101
11111111111001000011101111011101
00000000000001111111111101001011
00000000000010000101010101000010
00000000000011000011000010101011
11111111111000011011100001010101
11111111101101110100011101100100
00000000000011111110010111110101
00000000000000100011001010101010
11111111110100001011110101001011
11111111110010101101100001010110
11111111110011011100111000100010
00000000000001000000001010010010
00000000000001011100001011001011
00000000000000110001000011101100
11111111111110010011110101000011
00000000001111110110111001011001
11111111111010010011011000111101
11111111111000000110100100010010
00000000000110101101101110101011
00000000000001011001010000011111
00000000001010001001100001011000
11111111110111011011101000101110
11111111111111101000110101110100
00000000000001101100101101010110
00000000000101111101110101110111
11111111111010101110001000010101
00000000001100000011110011001001
00000000000000000110001000011100
00000000000010100001101100000110
00000000000111001001110000001101
11111111111110110001101001101001
00000000000101000110111001101001
11111111111110101100101001001110
00000000000001001101010100001011
11111111111101100101001010001111
00000000000000000000001010011110
00000000000100111011101110000001
00000000000011011110110101110010
11111111111101001000010000000010
11111111111101011110000101011011
11111111111001100011001100100010
00000000000001000011100110100101
00000000000001000111110010011001
11111111111010101100000010111010
11111111111001110001011001010010
11111111111100011010100010101101
11111111110011111010100111101001
00000000000100101001111010100110
00000000000001111100000110000001
11111111111111100010101001010000
11111111110000101101101011011111
00000000001000010011000110111101
00000000000011110101000000000011
00000000000100000101111111011111
11111111111110110001111011111011
11111111111101100110111110100111
00000000001000010010010010110001
00000000000011101011001111000000
00000000000111101001100100010100
00000000000010011000100011000000
11111111110101010101000101011011
11111111111001001000011110010101
00000000000010001100110101100000
00000000000001101001110100011010
11111111111100011011011110101000
11111111111111010000100001000110
11111111111110101011010111100111
11111111111010001010000101011000
11111111111111001010101110000100
00000000000001000010101001000110
00000000001001100000011110111101
11111111110111011001001011111100
11111111111101101101100011001101
00000000000010001001111101110100
11111111111000011111100110000101
00000000000101100110101001001000
00000000000011001101111000000101
11111111111110010001000010011011
00000000001101100001001101110001
00000000000001000000101110011000
00000000000101101111000101101011
11111111101100010111010011001010
11111111110110001110101100101101
11111111111110001101111001100100
00000000000010000101101001110110
11111111111011111111001111010101
11111111111010100110001001011000
11111111111111110000110011001010
00000000001111100010100010111111
00000000001000111110111001101001
11111111111101111001000110010000
11111111110101101101000101000011
11111111111010101010111110001100
00000000001100101101010110111101
00000000000000111010011101010110
11111111111101100010111101001110
11111111111011100110111101001111
11111111111111000001011000001111
11111111111111100111101111101100
11111111111011100100001101101010
11111111111011100000111100010000
11111111110000100010101100000000
11111111110110010000011011111111
11111111111110010101111101110001
11111111111101001101001110000011
11111111111101000100110011001011
00000000001100100011011000111000
00000000000100001111000011111011
00000000001110111100011100100111
11111111111001101110011111011100
11111111111101011001111001011111
00000000001100001000011100101101
00000000001111001110011010111011
11111111111110100110110110000100
11111111111011011011101001100001
00000000000011100010000010000011
11111111111001010110000010110111
11111111110101110011011010110011
11111111110001110111101011111011
00000000000001001011100100101000
00000000000101101011100000100110
00000000000100010010001110011110
11111111111110000110111000011101
11111111111100000010100111010000
00000000000000010001110011100111
00000000001000101101111000011011
00000000001100000110001011111011
00000000000110000110110100101010
00000000000010011011011110010010
00000000000101010000011100101101
11111111111110010101011111000000
00000000000000101100011000011111
11111111111100001101000101110011
11111111111111010110010001010000
00000000000011110011101110010100
00000000000001100000000111001111
11111111110000001010100011110101
11111111111100000000110000101001
00000000001011111111001000100110
00000000000010010101110111011111
00000000000101111110100110101010
11111111110001111011001001101110
11111111111010100100001011111010
11111111111110001110001111001001
11111111110110101010011101100101
11111111111111011010110011101111
00000000000001111100111010101011
11111111111111100001110110010010
11111111111111010001001101100110
11111111111100011110100100001001
11111111110111111001111001110110
00000000000111000011011110110100
00000000000101101010110101011110
11111111111111000111001010101001
11111111111011111010100101111100
11111111111010000011001111111000
00000000011011000001111101101100
00000000000110111000111000011101
00000000000000101100110001011000
00000000000000111011001010101111
11111111111001011001100001000110
00000000000001001010101001100100
11111111111001010110110001000010
11111111111110001110001001000010
00000000000010111000000100010001
11111111111010111010011101101011
11111111111000010011011101111100
11111111111100001101110110001000
11111111111111011111011111011100
00000000000001110100010100011100
11111111111011111010001110001110
11111111111101101001010110111111
11111111111110001101110111100100
00000000000000110001000111011100
00000000000011111101100011101110
00000000000000011100001010101001
11111111111011011000111011111001
00000000000010011111110010101111
00000000000100100001111101000111
00000000000010000111000101101011
11111111111011010101001010011101
11111111111010110111111100011010
11111111111101111000010110000100
00000000000001001001001000001111
00000000000001101000010000110000
11111111111110111010000001010010
00000000000110011010000110111111
00000000000101010001010110110010
00000000000110000111001011000100
11111111111011001011100011011011
11111111111011111111101001111011
11111111111100110000010000100110
00000000000000011111110011000110
11111111111100100011100110001100
11111111111011011101011011100111
11111111111001000111101100001101
00000000000011010011101101110000
11111111111000101110100101011101
11111111110001111111000111011001
11111111111010100110100101100101
00000000000010000111110010001010
