11111111111101110100111001111010
11111111111101110010110011011100
11111111111101000010001001101101
00000000000000111100010111001001
00000000000000010001011001101100
11111111111001101011110100110100
11111111111110100100101001100001
11111111111110011000000111100111
11111111111100001011001110000010
00000000000000100001011101010010
11111111111111000000110111010010
11111111111011011011101011000010
11111111111010101111100100001001
11111111111100100110110000001010
00000000000001001111010001100101
11111111111001111100001101100000
11111111111110101011101100110000
11111111111100010010111111010010
00000000000000110110100000000000
11111111111111000010110001101101
11111111111001100110010110001001
11111111111100010110111000100111
11111111111100000100110110011100
11111111111110001101100110101110
00000000000001001010111000010000
11111111111110000101100000101100
11111111111100011000111100110011
11111111111101111010101100111010
11111111111110000000111000100110
11111111111101010001100001010101
00000000000000001001111100001010
11111111111011000010011111111100
11111111111111101010111110101010
11111111111101001111001010000110
11111111111011011111001110000111
11111111111111010101001110000110
00000000000010011011000111110111
00000000000001011111101101011011
11111111111010111110101111000100
11111111111010100001101010000100
11111111111110010111110001000101
00000000000000100011010010111010
11111111111100101001100110001000
11111111111111101011101001100000
11111111111101100011101001110100
11111111111101001011101110001010
00000000000000101101111000011000
00000000000000010000011010111100
00000000000000011101001011101110
11111111111010010000010111101010
00000000000000000000110011000101
00000000000000000110000001011111
00000000000001110010111100000011
11111111111010101111111111001011
00000000000000010001100000001110
11111111111110010001010011111111
11111111111111111010001001110000
11111111111100011101000101111011
00000000000000111100000110000000
00000000000011111100001010110101
11111111111111010010011010110111
11111111111100111000000000101110
11111111111110111010111000011010
11111111111100110000100010100111
11111111111011101000111001011101
00000000000010000110111111011111
00000000000011001000111010000010
11111111111100110100110001101001
11111111111110000100111101011001
11111111111110011100000000101100
11111111111010011011000110000110
11111111111101001000111111100110
11111111111100111000101001111111
11111111111110100111101111101010
00000000000000000100100000100110
11111111111010000111010001011110
11111111111011111100010011110010
00000000000010001100100110011111
11111111111111000100100001111000
11111111111111101111000010100010
00000000000000000110101001101001
11111111111100000011101111110001
00000000000010010110010101011111
00000000000011000111001101001101
00000000000010110110001111011011
11111111111001101010010111011011
11111111111111111101001110100010
11111111111011110101100111110001
11111111111110001111000110111111
11111111111010110010000001010100
11111111111110001110101110000101
11111111111111100110110000110111
00000000000000001000100010011110
11111111111100100110000001111100
11111111111110111110100000010111
11111111111110101100111011011010
11111111111111110101101100011011
00000000000010000000010111110001
11111111111101010001110001010001
00000000000010010001011011001001
11111111111110010100001000110010
11111111111100011001111011101001
11111111111011100110010110100110
11111111111001011011010110111100
11111111111011111110011111010100
11111111111110110111010001111000
11111111111100010000111110001010
11111111111100110000011000011110
11111111111001000111011100111110
11111111111001011111010010001111
11111111111110111000000011101111
11111111111100001000101000100000
00000000000001001101011111100101
11111111111000011101100100101101
11111111111100110000001111011100
00000000000001110001110100010000
11111111111110110101001011100001
11111111111110101011101101011101
11111111111010101011011010011000
11111111111011100100111010011101
11111111111110011101111010001110
00000000000001010001101101010101
11111111111111001011001110100000
11111111111000111011101100011000
11111111111101110111001000011100
11111111111101101101100000111100
11111111111010000001110111001010
11111111111100100001001100011010
11111111111111011001101100000000
11111111111100110110001001001000
00000000000000110011010111101100
11111111111110100010010110110110
11111111111100101111010011101111
11111111111110100000011100000010
11111111111101011011011000101111
00000000000000101010100101010110
11111111111111110111001010001011
00000000000000110100001001011000
00000000000010110010010011000010
11111111111110111000011001011110
11111111111111011111001110001000
11111111111111101110111100010000
11111111111101110111011011111100
11111111111100011100011000111110
00000000000001010101011101111110
11111111111010010100100110000111
11111111111111100110110110010011
11111111111110001001110001011101
00000000000101101111110101101011
00000000001000010001100001010100
00000000000001101111111111111010
11111111111111001101010110011110
11111111111100011111000001010011
11111111111011011000000101010010
11111111111100000111001100111101
11111111111100100110100111110100
11111111111110111101001110010110
11111111111101101110100001000110
00000000000000111101011100101001
11111111111010001111101111100000
11111111111011011100011110001011
00000000000000001110011111101001
11111111111101010001001001001000
11111111111101000100010000000111
00000000000100011011110011100100
11111111111100001111001110111010
11111111111110101100101000001010
11111111111101101111101010001010
11111111111010100010010011100000
11111111111111110100101010010011
11111111111011000101001100011001
11111111111111010101011011100001
11111111111010101011010111000001
11111111111111011100000101100001
00000000000000100011010101101001
11111111111100110111000001111000
11111111111111111000000001101110
11111111111100100100001010000000
11111111111100010001011111111000
11111111111011101011001110010101
11111111111011001101110001100011
11111111111010101010010010001000
11111111111001100011000010100101
11111111111100011001101111000110
11111111111101101111000110100011
11111111111100000110101101101110
11111111111101110011011000111010
00000000000001011101001011010000
11111111111111011010010110111000
11111111111110101011000011010101
11111111111110010011000000010110
11111111111111101011111100111100
00000000000001111100011110101010
00000000000000110001000110110010
11111111111011011010111110100011
11111111111110010001011010001011
11111111111010111100001100010010
11111111111011011001111110100010
00000000000000111001101001011100
00000000000000110100001001010101
11111111111101110100001110000101
11111111111100010101111001001000
11111111111101011000011001111111
00000000000000010111110110111110
00000000000010001101000000101010
00000000000000010100000011111110
11111111111111001110000111111001
11111111111011101110011100001000
11111111111111010010111101110000
11111111111101011111010000000111
11111111111010100111010000011111
11111111111101101110001001100000
11111111111110100110010111101101
00000000000010000100111000000110
11111111111110101100000110111100
11111111111101111100000011000110
11111111111111001111001001010011
00000000000000100111101110010011
00000000000001101010101110101011
11111111111101000011010101101000
11111111111000101111111101100110
11111111111100111000101010001011
11111111111010100100010111101010
11111111111101010100100100001100
11111111111110001101010111100111
11111111111111010000010101100111
00000000000000010111011111011101
11111111111111100100010111110100
11111111111010100011111000101010
11111111111001110101011110010000
00000000000010011000000010000010
11111111111110111110001011101010
11111111111010100110000001101011
11111111111111101101010101001010
11111111111110011100100110010110
00000000000001011000111010010100
11111111111010101011101110111000
11111111111101000011010011000110
11111111111011010011111011110101
00000000000001111111001100000111
11111111111100010101110000001010
11111111111110001000011011000101
00000000000001011100110110001000
00000000000000001100110101011101
11111111111101011011000001000110
11111111111111000010011001101001
11111111111111011100111111000001
11111111111101000111100111001000
11111111111000111110000100010101
11111111111100000001111111110011
00000000000001000011010000111001
00000000000001000101111101011001
00000000000000001101010110000001
11111111111100110111101000010100
11111111111100001110011110100110
11111111111110011000001110011011
00000000000001001111111001000000
00000000000001111111110101000011
11111111111101010100010111100111
11111111111100100110000110001110
11111111111110110001101110010011
11111111111101101100001000001111
11111111111111001011000110101111
11111111111011011101111110000001
11111111111100101101111111011001
11111111111100000111101010011000
11111111111100011001000100100001
00000000000001100010111111001000
11111111111111000001100111010100
00000000000001000001111111010000
11111111111100010110111000110001
11111111111101001101011111111101
00000000000010010100111010110001
11111111111100101001101010011011
11111111111110110011101111100111
11111111111111000000011010000010
11111111111111010100100000000110
11111111111000100011011110100110
00000000000000111010100111100101
00000000000010010001011011111001
11111111111101011011000111011011
00000000000010011001101100101110
11111111111101001001000001000000
11111111111110000100101001000110
11111111111111000110011001011101
00000000000010111101010011000110
00000000000010010001110011011010
11111111111111100010010000111011
11111111111010101100101110011101
11111111111010000001110101001001
00000000000000000110100011001110
11111111111111000110110101010111
11111111111100001011111110001010
11111111111110101100001101010110
11111111111111110101110100001001
11111111111101000100111000101000
00000000000000011000110101111111
11111111111101000010110111111011
00000000000001011101001111010011
11111111111011010011001110101110
00000000000010001101110011110000
11111111111111001001000000101010
11111111111110011100110101010000
11111111111000100011000011111100
00000000000010000010111000011001
11111111111011111011010101111000
11111111111110010011101000100100
11111111111101000101000100111101
11111111111011001101011000001110
00000000000010001100001010010011
11111111111001000110110011011100
11111111111101000100110010001000
00000000000000110001100100000101
11111111111001000110011010001101
00000000000000000010111001111000
00000000000000001001001000100011
11111111111101000011000010010001
11111111111010001111100011111101
11111111111101101110001101000001
00000000000010000111110011110111
11111111111110100111000110001011
00000000000010000111000010110111
00000000000010010001101001100001
11111111111101111011101010000110
11111111111100001111010110010110
11111111111000101000010001101101
11111111111000101011010111110011
11111111111010110011100101101101
11111111111010110100011101010100
00000000000000011111101111101001
00000000000000001100010010110010
11111111111100111010110011111001
00000000000000001001000110010101
11111111111100010111100111001111
11111111111101000001110101101001
11111111111110001001000001111001
11111111111010000000010011001001
11111111111100100001101000101100
11111111111000100110111000000010
00000000000001110110111011100010
00000000000000001111110010010001
11111111111011000101010100110100
11111111111101001110111111010101
11111111111101010110010001100110
00000000000000101000000010001011
00000000000001011101110101001110
11111111111100010100001011011000
11111111111110101011110011010110
11111111111010110110110011101110
11111111111100011011111000000101
11111111111100110110111000110010
11111111111001100011010111010110
11111111111111111101010111011010
11111111111100110100001011111010
11111111111001100100110100110111
00000000000000110110010001010001
00000000000010110110111110010101
11111111111110101111000011011001
11111111111100011110111000010111
11111111111001110010011101111000
11111111111111010010111100100000
00000000000000100100001000110010
00000000000001000100101101111101
11111111111110101010000001110000
11111111111001011111011011100011
00000000000000111001001010100011
11111111111100111100111011010010
11111111111100110010011100010110
11111111111011011100100011101101
11111111111100111111000101010011
11111111111110000111010010000110
00000000000000101011101000010100
11111111111100101001010111010001
11111111111101110001110110110001
11111111111000101110001110010001
11111111111011010001000010010000
11111111111011110111100111101110
11111111111010111111010101000000
11111111111110001100001000011110
11111111111111011101011011100110
11111111111001010101000101111001
11111111111101111010101101010000
11111111111101010000101100100111
11111111111010101100001000010100
11111111111001100100001100111010
11111111111101100011110010001100
11111111111110000000110111101001
11111111111101010111011101010101
11111111111110010100101101110110
11111111111011000100111010111011
11111111111110001111111010001101
11111111111110001000101100000100
11111111111100011111111011000000
11111111111010010101010011110101
11111111111101100001001001100101
11111111111111101001111000010001
11111111111110010110011110110100
11111111111100011100000100000100
11111111111010001101110111100010
11111111111111101110001100100001
