00000000001101100010101111110111
00000000000011111110110111001001
11111111101110111100110101101110
11111111110101000000110010000100
00000000001100101000111011001010
00000000000000100111001101111010
00000000000010111011101011000101
11111111111110000101101010110000
11111111110110110001010110000001
00000000000000110111100001010101
00000000000000000100011100100110
11111111110001011011101010001001
11111111111011100001000000010100
00000000000011100010011101010110
00000000001110011110100100100101
11111111111010101100011111000111
11111111111110000011010110101001
00000000000011100111100001110000
00000000000000110010001010101100
00000000001001111010011101001010
00000000000001011010100110010110
00000000000101101111111111111101
00000000000010100000001010010001
11111111111100111100011000011111
00000000000000000001010011100101
00000000001101101100100010010000
00000000010110001100000001101011
00000000001100001001001011011011
00000000001001110111000111110111
11111111111101100000110001001100
11111111111100010010110011100001
11111111111110111010101110110101
00000000001001100101101000111100
00000000001100000011110101000001
11111111111111001010100101011101
00000000000100110111011101010100
11111111111001000010011010100000
00000000000110110111111001111101
00000000000000110111010110111101
11111111111001010101001010110011
00000000001000101000101110011100
00000000000000010100101111101101
00000000000011110010011100011110
00000000000010011010001111010011
11111111111100110110110001100100
00000000001001001111011111010110
11111111110011000101110101010100
11111111111111101000111011011100
11111111111101101100001110010001
11111111111000100001010111011010
11111111110101001111101010000011
11111111111110010011110101001010
00000000000001000110000000101111
00000000000110011100110011101100
00000000000101111011100101011011
11111111111111001100110101011111
00000000000011001011100101100101
00000000000000001111111010011111
11111111111010111100001001110110
11111111111100011011001110111011
11111111111111111100011101011101
11111111111111100000100100101001
11111111111011111000001011111011
11111111111110101100110100110101
11111111111110000001001000101001
00000000000001110110111000111110
11111111111111001110101000101010
00000000000001000101100001001011
11111111111101001100001100011100
00000000000001011010011111100100
11111111111010110101000100000011
11111111111101011101011100111011
11111111111110010110010111100101
11111111111110010101101101111001
11111111111100011000110101110100
11111111111100111111101011110110
11111111111001011101100010000100
11111111110111111100011111100111
11111111111100011110110011010111
00000000001000001010001101011111
00000000000001011111001101011110
11111111111011111111000100000010
11111111111110101001011101011110
11111111110111000001110111001100
00000000000001011100010111110011
00000000000010111000101100110111
00000000000010110110010111000011
00000000000100001100001010101001
11111111111111111101100100001111
00000000000100010010000001000111
00000000000101011110100011100111
00000000000010010110001100010000
11111111111011100010111101011011
00000000000000010011110000010111
00000000000101011101010101101101
00000000000010110100101011010101
11111111111111011011011000000000
11111111111111011111011100001101
00000000000000000000011110110100
11111111111100101100000011001100
00000000000101010111000011010001
00000000000001011001101001001110
00000000000011111010010001110111
11111111110001011100001100011001
11111111111010000001010101011100
00000000000110000000111100001111
00000000000111000101111011010011
00000000000111001010011110011010
11111111111010101101101000001010
11111111111010001010111000110000
00000000000010110000111111101111
00000000000101001111010000111100
00000000000100101001001010110011
11111111111111111111110100011001
00000000000100101101110100110101
11111111110110111001101110001101
00000000000011110001011010100011
11111111111000001100101111000000
11111111111101101011011100000001
11111111111101101000010100001100
00000000000110100110011111001110
00000000001010001100100000000010
00000000000001101001001111010100
00000000000001101101001101101100
00000000000010010000100000011100
11111111100100111001110100001011
11111111101000101111110001111110
11111111111001111100010001110010
00000000000110000110111101110111
00000000010011001001100110111000
11111111110100011000001100101111
11111111111100111001000111110000
00000000000000111000010110110110
00000000000100010111100100001001
00000000010010110110110010011111
11111111110110110011110000010100
11111111111111010000000111101101
00000000000010101111001111101001
00000000000100100011010110100110
00000000001011101010010010011010
11111111111110000010110100110010
11111111111100100111000100100110
00000000000000110011010010111101
00000000000000100011011100101100
00000000000111000000101011100011
00000000000000100100011001010111
11111111111111110001000100011111
00000000000111010111110001111000
00000000000001111011111010010111
00000000000000000011011010100010
11111111101100000100000111011111
11111111101100000101110100010000
11111111110001111000001100100010
11111111111100111010100100100001
00000000000111110000110110110011
11111111111000010011010100000101
11111111111100001110111110011101
00000000000010000101001100100011
00000000000110001011111110111010
00000000010111101101100001110010
00000000000000101100011110111001
11111111111111001001100000100100
00000000000111101100000101010010
00000000000111110101101101000010
00000000001000001100110100101011
00000000001001110000100110111111
11111111111111101101100010001011
00000000000100111110101101110110
11111111111100101001111000110011
11111111111101101110011101110001
11111111111110000101001010101100
11111111111010010111101010010101
11111111111100010011011000111100
11111111111100010010110101100011
11111111111000010100110000000001
00000000000000010000100000001110
11111111111100010000010101000100
00000000000110100011111010110110
00000000000101011011101111110111
00000000000100011110110001110101
00000000000001110000100000001101
11111111111110110001110001111001
11111111101110111110100000011100
11111111111010110100100111011100
00000000010010000011110001111110
11111111110010111100100010111111
00000000000110110111001100000010
11111111111110111000011110011111
00000000000101010011101011101011
00000000001101101001010110111011
11111111111010000010101110011110
00000000001000000000010001000111
00000000000101011100000001000111
00000000000000100101100011110101
00000000000111000011010100000100
00000000000011110000110100010010
11111111111100000101101011011010
00000000000101010011100110010000
11111111110111000011000010011011
00000000000001011100001110101000
00000000000011100100001010111001
00000000001001110100101111101101
00000000000111100000010010110000
00000000010000010101100000111001
00000000000110000011101000100010
00000000000111100011110110110010
00000000000001010001101111111001
00000000000000101101101000101000
11111111111000110100011101000010
11111111101011110011010111110111
00000000000111011011111101101010
11111111111111100111100101111000
00000000000111011110010000000101
11111111111001101111100000111101
11111111111110101011000100010110
11111111111010100111101011101101
00000000000100010111100110000110
00000000000101111111100111011010
11111111111100111000111110010100
00000000001100101110010000101000
11111111111001011000110010110111
00000000000000100111100010001011
11111111111100001101110001111110
11111111111100010100010001000010
00000000001001010111101010111010
00000000000001000101111000001110
11111111110111010011001101100011
11111111111001001010001011101100
11111111110111110110101100001001
00000000000110000011100011001011
11111111111001010000110111110110
11111111111000001110111001001100
00000000000010101011010110010111
11111111111110100000001100011110
00000000001010111111001100011100
00000000000011011101001001010000
11111111111000011000110001101111
11111111111110000111000110101100
00000000000010111110001010011010
00000000000100010110001100110001
11111111111101100100011001010010
00000000000000010011011001100011
00000000000001010001111110001110
00000000000111011100001101111111
00000000000011011111011101001101
11111111111111000111001101110111
11111111111110001000000001010101
11111111111110010100111111000010
00000000000001001000101100001101
11111111111101100100111010111111
11111111111100110001101101000110
00000000000000101011101110100111
00000000000000010011000100110001
00000000000001000011001000101101
00000000001000100101101101100100
00000000000011010001101000010000
00000000000111101111001000010011
00000000000000111101000010111000
00000000001011110011100100111000
00000000001110110011110010111100
00000000000011100110011011000101
00000000000011010111000001100000
11111111111011010100011011001111
11111111111100100001000010101010
11111111111101011011101110010100
11111111111011010111011001001111
11111111111010000000000011000110
00000000001010000101111110011001
00000000000001000001011110011110
11111111111011101111011100010100
11111111110101111111011010011000
11111111111101100001000011100110
00000000000011100110101101101010
00000000000101101110000000111101
11111111111101100010001011011110
11111111110001001110111101001101
00000000000101110110101000111001
00000000000110011101010110001111
00000000000101000010101111100101
00000000001010001000011010100101
11111111110111011010000100110011
00000000001010011100110110111010
11111111111101011100011111011111
11111111111100000101101101010001
11111111111111000111110110001000
00000000001000000100000100110100
00000000001001110111111010010001
00000000000111001010000110100111
11111111111110010111011000100000
00000000000000001101111000100100
00000000000110111110001110101110
00000000000010001110000001010000
00000000000110010111110111011111
00000000000010001000100110110010
00000000000110000000111100111000
00000000000110010010001010010011
11111111111110101001101111100100
00000000000001001000101001100000
00000000000001000100000111001101
00000000000000110100110111111111
00000000011010010011110110001010
00000000001010101111110111110111
11111111110111101011010000101010
11111111110100011011101110111111
11111111111100110110010111100100
00000000000110010000111011001000
00000000000011111101111110100110
11111111111010010000011010000110
11111111111011111001110101011010
11111111111111010001011111101111
11111111111111111101100100000100
00000000000011111111110110010000
00000000000000001111110010111101
11111111111111000111001101111110
11111111111110110101010111110101
00000000000101000101001111010100
00000000000011101100111011000101
11111111111101110111000010111100
11111111111100010011100011110110
11111111111011101010010000010110
00000000000000100110001100010101
00000000000010101011011110000000
11111111111011000000101000001010
11111111111101000000100011101101
11111111110110110000101100110010
11111111100010110100111100001000
11111111110110101011110101101010
11111111110011101001000110100101
11111111110111101001010001011100
00000000000111100110100101001110
11111111110011111100110101100011
11111111110111110011101101111111
11111111111010010101000111011111
00000000000001001011000110011111
00000000001001010011010111111101
00000000000010000001111111001000
00000000001001101100110100111100
00000000000011011100111101101001
00000000000010000011101110110010
00000000000101010001101111101100
00000000000101111000000010000101
11111111111110110000010011010011
00000000000011010010010011101011
00000000000011111011110100011110
11111111111001111011111111011110
11111111111001000111001001000111
00000000000000001110110010100100
00000000000101010110011100001010
00000000000011110000101011010111
11111111111111010101101001100111
00000000000101110111110000111100
00000000000110001010110000000100
00000000000010110010110100100011
00000000000010000001110101010000
11111111111100001100010111111011
00000000001000111000110101110111
00000000001010011100011000111010
00000000000000011101100111100001
11111111111010100001110001101111
11111111111100110110011001000100
00000000010001110000011001100011
00000000000010001000111010111110
00000000000000000000101100001001
11111111111010110011111100011010
11111111111101001000001110000011
00000000000011001011111111110000
11111111111110101110100110000000
11111111111100001101001110011000
11111111111111110101010110100110
11111111111110100000011101010000
00000000000001011111100110001001
11111111110000100100000100111110
00000000000000100111111000000000
00000000000000110101001111101100
11111111111110100101110110111100
11111111111010100000010001000111
11111111110000000001010001111011
11111111110100001111110111101110
11111111110100010001000001001111
11111111111100101001101101111010
11111111111110011110011001001010
11111111110111100110011001100010
11111111111100001100111110110110
11111111111110111010010101111101
00000000000110000111000100111100
11111111111001110010110111110101
00000000000000110011010011010100
00000000000010011111000100111000
00000000000101111000011110011100
00000000000111111100001010110100
00000000000000110111011101001001
00000000000011001101000101010101
11111111111111111011100101110110
11111111111001001010000101011011
11111111111101001010111011111111
11111111111111100111110110000000
00000000000000010111110100100110
00000000000001000101100100011111
00000000000001100101000010010000
11111111111100100001111010011011
