00000000000000110001111111001110
00000000000000011110011001011011
11111111111110111001111001111000
11111111111101011110100110111000
11111111111101110011111111011001
11111111111111100000111110011011
11111111111100001100111011010011
00000000000001100011111011111000
00000000000001110100000100001011
11111111111101100000101101111110
11111111111111111010110001010011
00000000000010000001000100101111
11111111111111110010001000101010
11111111111110000011001110011010
11111111111101001010101001011000
11111111111101110100101000001001
00000000000000111110000110100011
00000000000001111010110001100000
11111111111111111100001001110111
11111111111101011010001001011111
11111111111111101111001000101111
11111111111110101001110111110011
11111111111011001000111111011010
11111111111011111011011111000110
11111111111111001000100100010100
11111111111011100100110110100100
00000000000001011010011111000010
11111111111101110100100111011111
11111111111111100011011010001101
11111111111101010101001000010100
11111111111101011111100110100001
00000000000001100011111100000001
00000000000000000111111010011111
00000000000001011111111000100011
11111111111110110011001110101110
00000000000001111101011100101011
11111111111100011001001000100011
00000000000000001101011101001001
11111111111100000111011101001100
00000000000000100010101000111100
11111111111111101111111011110010
00000000000001000111110111010110
00000000000010001011010110011110
00000000000000110110100101100100
11111111111100010001011110000000
11111111111111101101100000000100
11111111111111100011001010011111
00000000000001011111100111000000
11111111111111101000111110100110
11111111111111000000011111000010
00000000000000111000011110010000
11111111111100100111011110111011
11111111111101001001010011011101
11111111111111000111001100001000
11111111111110111100010110001111
00000000000000010010110111000001
11111111111111100101011100010001
00000000000010010000000101101000
11111111111110011101100111111000
11111111111101111100110010111111
00000000000001111110010101111000
00000000000000100000011000111000
11111111111100111010011100011111
11111111111111000101101011110110
00000000000000111110100111000101
11111111111110100111011011010111
00000000000000110111010101111000
11111111111011110001010000100001
11111111111110110000101101110010
11111111111100101010101101100011
11111111111101001010000101010000
11111111111110100101101100101011
11111111111011110000110100111100
11111111111101010010011111010110
11111111111100000011111001001011
11111111111101011000010010010001
11111111111100000011010011100000
11111111111110010110000010000110
11111111111111001110110110100001
00000000000010100001101101001110
11111111111111001000011010011110
11111111111100001101111011000101
00000000000010000010011001101111
11111111111101000111000100000100
11111111111110001010010110110100
00000000000001111110110011101110
11111111111100011100001001111000
11111111111110000010010110010110
11111111111100100011100110110110
11111111111100101110001101111100
11111111111010110000110100110100
11111111111110010100011000001011
11111111111100001000111010000110
00000000000001001001100001010011
00000000000001111001001010111001
00000000000010100010111101000110
11111111111100110111100010101111
11111111111010111111000000111011
11111111111101111010110000000100
11111111111111101101000111001100
11111111111101100111101011101101
11111111111111110011110010000100
00000000000000100011101011101010
11111111111100011000001001101100
11111111111111110101010000110001
11111111111100101110000110010101
00000000000000001001010110101101
11111111111100101110110010101001
11111111111101110000111011110011
11111111111101100010110000111100
11111111111101010010100110010000
00000000000000001101111000000001
11111111111111100110010110010100
11111111111110001001111001110010
11111111111101000011100001101011
11111111111110000101011110110010
00000000000001010011010110001110
00000000000000010100001000001100
00000000000001101011111000111101
11111111111100111000111000011111
11111111111101111001011101001101
11111111111100000101011110101101
11111111111110001100110100010110
11111111111110100111100111110011
11111111111101101110000100011000
00000000000010011100001011100111
11111111111100100010001110000000
11111111111100011000110111000010
11111111111110001101000110000001
00000000000000010010100000000001
00000000000010010110010010100111
00000000000001101000010110110011
11111111111011010100100110010000
11111111111111100010100010110001
11111111111111000100011001101001
00000000000001000001111101000001
11111111111111001111000101010101
00000000000001100111111011001101
00000000000000111001011110100011
00000000000001011110111100011010
00000000000001001000101101111101
00000000000001101011111110000100
11111111111110100100101000110111
00000000000010001100011110011001
11111111111101000011111110000101
11111111111100111111010010011111
00000000000000001011101011111101
00000000000010001111000000100011
11111111111100001000110011010000
11111111111101001001110000110011
11111111111101001001001011101111
00000000000000110001101001100000
00000000000010001001101100000100
00000000000010010011101011011101
11111111111101001000110111110101
00000000000001110010101011110111
11111111111100011100000010111000
11111111111101111000101110000101
11111111111111001011011010110101
00000000000010010111100001010110
11111111111110001000101101000001
11111111111100001001110100000101
11111111111010100011110001011110
11111111111101100110110100101011
11111111111111001010101000000001
00000000000000001000100010111100
11111111111010110100101011111111
11111111111111011010100101011100
00000000000000001110001101011001
11111111111010110010110010000111
00000000000010001001101010011111
11111111111100101011010010000010
11111111111100000110100010011101
00000000000000100101000000100000
11111111111101100110001010000001
11111111111111100010001110101001
11111111111100011111110110011100
11111111111111100111110010011111
11111111111101011101000000100111
00000000000000001000001100011001
11111111111101000000111011011001
00000000000001010111010101000100
00000000000000011001011101000001
00000000000001011011101110100010
11111111111111111100101101000110
00000000000000100011110100000111
11111111111101011001011000111110
11111111111101110101011000010100
00000000000000100110111110011111
00000000000000100100100010011110
11111111111111010111110110001111
00000000000010010101111111001011
11111111111101111100111010111101
11111111111111101000100100011110
00000000000001101110100011010010
11111111111101010111011110101010
11111111111101100101110001010110
00000000000000110100010100001100
11111111111111111001110000110000
11111111111101011000011010011111
11111111111100010000000001010111
00000000000000001101110000001011
11111111111101011001001100111011
11111111111100111110101110110111
00000000000011000000010000001001
00000000000001111101111000010010
11111111111100100100101001111111
11111111111001000100000110011011
11111111111100001011100001100000
00000000000001100001001110001101
00000000000000010100100110011001
00000000000001000011010010110011
11111111111111000010100000110001
11111111111111100101111100010100
11111111111101101100100101001101
11111111111100101101000100001101
11111111111101100010111010001000
00000000000000010111010001110000
11111111111101001101011011011100
11111111111111101010100001111100
11111111111010001111010110101101
00000000000000010101010110111111
00000000000000010010001100110110
00000000000011000101100101010001
11111111111111001001000010000111
00000000000001111010101101110010
00000000000000001001010111001010
00000000000001111000111101011111
00000000000001101001011100111000
11111111111111110111001000000000
11111111111111110100110101000001
11111111111100101100111000001001
11111111111100110001010111000001
11111111111101101000011111001100
11111111111111001110010110110101
11111111111100001010100100111000
11111111111111101001010101101110
11111111111110101101100110001100
00000000000001101001000001000010
11111111111110100001011111110001
11111111111101001000011000010001
00000000000000101110100100010011
11111111111100101111001110111010
11111111111110111010111111111000
11111111111101011001100110101110
11111111111101101000000100110001
11111111111110101100000111000111
11111111111111100101101100100100
11111111111101111001010110110010
00000000000001100001011010000001
00000000000001000011110101010110
11111111111111101000010011010000
00000000000001110110000011000001
11111111111110001000010010011000
11111111111110110111011100100011
11111111111100001001010011001001
11111111111110001011011110101001
00000000000000101101100010100111
00000000000000101000011011011010
11111111111100100101000111100101
00000000000000010011100011000110
00000000000000111010011000101001
11111111111100111100010011000100
11111111111101110110110101110110
00000000000010000111001011100001
11111111111110001110011011110011
00000000000000100110010010011111
11111111111111011110000110111011
11111111111110011011010111000010
11111111111110011110101110001111
11111111111101111101101010101100
00000000000000000001000000010001
11111111111100111101101101000000
11111111111110001011000101011000
00000000000000011100110010000110
00000000000001101111000011011111
11111111111101101110011101001111
00000000000001001100001000110011
00000000000010000100101101100011
11111111111110110101000111110101
11111111111100101110100111110001
11111111111001111110010110100111
11111111111100010011100110101000
11111111111011111111101111001010
11111111111011101001000111010011
11111111111100111101001010000111
00000000000001110001110100011111
11111111111111110101011010110001
00000000000010011100101011010000
11111111111111101001100010100101
00000000000011101110000110010100
00000000000011010011110110011010
11111111111111000101010011001010
11111111111110010101111000001001
11111111111110100101101010101010
11111111111011000011000101101100
00000000000000101000110111110011
11111111111111011101000000011011
11111111111100011110000110101011
11111111111110110101101000011111
11111111111100111111101110001101
00000000000000001111011100001100
00000000000001100000111010110001
11111111111100111000100000111011
11111111111101001101100110010011
11111111111110101010011110011100
11111111111100110111110100001101
00000000000000010011000111110010
00000000000001010000101010100100
00000000000010001011101000001101
11111111111101001010110110011100
11111111111101000010101001101010
11111111111101100110011001100110
00000000000000010100101001100110
11111111111100111111100001010011
11111111111111001001100101110110
11111111111100001010010100111100
11111111111011001000110011101101
00000000000000111111100110100011
11111111111100101101111010111101
00000000000001111010100111100100
11111111111101101001010110110101
11111111111101101110111100101111
11111111111110001110111000101001
11111111111110111110010101011101
00000000000000010100000110110001
00000000000001011000011000000110
11111111111100101000101000101101
00000000000000000011110111011100
00000000000001011010100101000001
00000000000000101101001000101011
11111111111111110000101010010111
00000000000000000100000101100001
00000000000001001100101000101001
11111111111101101010011111010001
00000000000001100000101010101000
11111111111100110111000100000000
11111111111111100010111011100100
00000000000001001010000000011011
11111111111110000001001111000101
11111111111011111100000001100110
11111111111111011111000010100010
11111111111101110110100010000010
00000000000001100011000110000111
11111111111111100111111110111101
11111111111100110100111110111100
00000000000000000101101110111110
00000000000001100000100000001110
11111111111110101011001111001001
11111111111111101110011010000000
11111111111110000100101001101001
11111111111100110000000101010101
00000000000000010111101000110101
00000000000001101000000101001011
00000000000000001000001001110110
00000000000000100001010011011001
00000000000000101111100110100011
11111111111110010010010111010001
00000000000000110010010000001100
00000000000001010101101001100100
11111111111110011010001001100011
00000000000001110111101101100100
11111111111100010010101100111111
11111111111111101100111010110110
00000000000001100010001100110111
11111111111110000111000001010100
11111111111110001111101000101101
11111111111110010101110111010001
11111111111001100100000001010111
00000000000001100000110001011101
11111111111100011111101011111011
11111111111110110001101001100010
11111111111111100100001110110011
11111111111101000101000101101000
11111111111110101000011110110011
11111111111111000001110011010101
00000000000001100110011011001011
11111111111101111100110101110110
11111111111111010000010100000111
11111111111101111100101111100100
00000000000000101010000111111011
11111111111110010101010101010010
11111111111101101010011010011111
11111111111110011001011011000111
11111111111100011011110000001100
11111111111111011100000100101101
00000000000011110100100111011001
00000000000000000111011010010101
00000000000000000110100110110111
11111111111100001110100101110001
11111111111110011110101100101011
00000000000001111110010001000010
11111111111011110010110010111101
11111111111110110000111001100101
00000000000000010011001000010000
11111111111100001001000000010001
11111111111101111010000101101000
11111111111100011010011000010011
11111111111110101010110010000101
11111111111111000000100010011001
