00000000010000111010110010100110
00000000001011111110001110000100
00000000000011011001001001110001
00000000000000001110011011101101
00000000000001010011011111110000
00000000000001011011110110010010
11111111111111001011000100110101
11111111111100110010011001000110
11111111110011011100101110100110
11111111110110101010010001000101
00000000000001001001101001111001
11111111111011011000101001111110
11111111111010011010101111010011
11111111111000110011010010110011
11111111110110101110110101001010
11111111111111011010100100100110
00000000000010000010111000111000
00000000000100001100011101000100
11111111111010101010100101001011
11111111111101000011001101101001
00000000000100010110100000000110
00000000000010000100001010111011
00000000000001110010100001000100
00000000000011000101110110010111
00000000000011111010001011101011
00000000001111011101010010000011
00000000001100100101000110111011
00000000001110101000110001100110
00000000001101110000100001110011
00000000000100111010010111001111
00000000000110001000000111110110
11111111111001111101110001101111
00000000000101110110011011000111
00000000001011100010000100010000
00000000001000010000011000111001
00000000000010001000000000111011
00000000000010100111011110110011
00000000000001000100011001111011
00000000000011100000100000110011
11111111110110111100011100110001
11111111111100110111100010110011
00000000001010110110101111000001
11111111111011101100011110111101
11111111111001101100010011111010
11111111111010111000001000001110
11111111111100010010011100101011
00000000000100111010100011111100
00000000000000010010100000101010
11111111111100010111110000101010
11111111111100110001100010110101
11111111111101000010000101110111
11111111111100001010010111101111
00000000000000001010001100011001
00000000000001101010101001010100
11111111111110110100101100100000
11111111111001100011000001111110
11111111111011111010110010011011
11111111111010110000111001010101
11111111111101100010010110010110
00000000000000010100010110011010
00000000000001001011001011101001
00000000000000101001101101001010
11111111111101100110011111111001
11111111111110011010111001011000
11111111111110000010000010011100
00000000000010111010000000000111
00000000000100011010011001100010
00000000000101101011011010000000
00000000000010010101101110010101
11111111111111000110111111000000
11111111111101001110011110000000
00000000001001101100000001000101
00000000000011011101110110111101
00000000000000110011001001110100
11111111111111110100111110111101
11111111110100101100111000010101
11111111111000111011101100011010
11111111110111101000011011001010
11111111101111100110101101101111
11111111110011010001100100100001
11111111111101000111000100000111
11111111111001010110100010100100
11111111111100000001001110100110
11111111111001001111011101001101
11111111111100111111100010111110
00000000000011101001001011101110
00000000000010001011000010010111
00000000000101010011001100011100
00000000000001100010001110000110
00000000000110100011111001110010
00000000000001100000101001010101
11111111111111101001010110000000
00000000000011110100001010001101
00000000001000001101110111000110
00000000000011010000100110101110
00000000000001100010100000001011
00000000000011010010111110101001
00000000000000111100010000001100
00000000000011011111111110001010
11111111111110111011001000010000
00000000000000001001000101010110
00000000000001000110001011110011
00000000000101001101000111100111
11111111111111011110101100000101
11111111111110101011000110101001
00000000000101011100010100101100
00000000000101011101011000000001
00000000001000100100111001010110
11111111111011011101011110110110
11111111111001001111110001001001
00000000001011001001100101011110
00000000000100001100000000100100
11111111111111100000100101101000
00000000000000111011011101110001
00000000000000110111101111010100
11111111111110000110100111111101
00000000000001011110111010000010
11111111111011100110101110001101
00000000000011110110011001111100
00000000000001110100101001001100
00000000000010000000001110000110
11111111110010011010111010001001
11111111110111000110010001111001
11111111111110100111000100001000
11111111111110011111111000111010
11111111101111101000011000010000
11111111110011101100001011011100
11111111110011011110101001111011
11111111111011001000001101011110
11111111111111010100001100100001
11111111111011000101000100100011
11111111111000011100011101111000
11111111111011011000101000110010
11111111111010100011011110101001
00000000000001000101111011100011
11111111110010101101001011100110
11111111111000000101101110111111
11111111111001100011111001100100
11111111111011011001100101000100
11111111111000000001111111010000
11111111111111111011010000110110
00000000000010101111000001010011
00000000000110001110100001010010
00000000001001000110101111000101
00000000000100011101111010011001
00000000000011000011000011001010
11111111111110111001101100010001
00000000000111111101011101010110
00000000001000100101101010000111
00000000000010111110110111001001
11111111110011111000101111010010
11111111110000101101100111000011
11111111101111111010011010011011
11111111110010001011011010111001
11111111110010111101101110000100
11111111111001001001010000011110
11111111110100011111001001000011
11111111111010011111011110110111
11111111111110001101010000100010
00000000000000001010011100101001
00000000000011001000000010011011
00000000000001000010010011101110
00000000000110011101100001100101
00000000000101101011010011100110
00000000001000000111001110011111
00000000000010001000011011010010
11111111111110000110011101001100
00000000000010101110110001011101
00000000000000010100001011011000
11111111111111111100100110010110
00000000000101000100111001010010
00000000000000101000111000010011
11111111111110111010111101110101
11111111111000110111110010001000
11111111111010001110111000000010
00000000000100100000001000111001
00000000000110111000001111001001
00000000000101100011011011001010
00000000000101001110000101110000
00000000001001010100111100000100
00000000000110100101100111111111
00000000000001001101000001110110
11111111111000010111111011100010
11111111111010101110000111101110
11111111111101111100110001010110
11111111111110100011011110001110
00000000000101010000011101010001
11111111110111101100011000100100
00000000000000001111010100011111
11111111110011011100101010010110
00000000000001000011110001100001
00000000000000110101011111010011
00000000000100100000111001110100
11111111111101010111110010111010
11111111111111010011011011010101
00000000000010111000011011000001
11111111111110110011101001010001
00000000001001111010011100111011
00000000000001001001100001001001
00000000000100110000110001011000
00000000000000111101011101100110
00000000001001111110010011001000
00000000001110000100011000100000
00000000011101000101110010100101
00000000010000011101100101100111
00000000000101001100111110001111
00000000000001111101110111101001
00000000000010111000000000111001
00000000000111001100000100001100
11111111101111001000001001100110
00000000000101011001010101011100
00000000000000111011001001000000
00000000000011011011001011111000
11111111111011101101111101001101
11111111111110000001111101110100
00000000000110111011111110100111
00000000000100010110110010111100
11111111111001010111100000111011
11111111111100111101001111110100
00000000000100000010110110010101
00000000000110000011101110001001
11111111111101000000101110100010
00000000000001010010101011110100
11111111111001000110101110011011
00000000000010011100011010111010
00000000000000011001010010010000
11111111111111010100000100011001
11111111111100110011101101011001
00000000000100101110001101111110
11111111111010111111000111100011
00000000000001011101001000100010
00000000000000001001011010010101
11111111111011100010011110100100
11111111111111010101000101001011
00000000000100000111110010110000
00000000000001110110011010110011
11111111111011101110000101101110
00000000000001011101101110000111
00000000000111000111000000011111
11111111111101100100101010001111
00000000000001110100111001011101
00000000000010110110011100001010
11111111111111110100011011101010
11111111111110010001000111001100
11111111111101111110010100101111
00000000000010010010100100010001
00000000000100111110010111100111
11111111111001011111010111010011
11111111110110000011011101111110
11111111111111001111111100110100
11111111110000101001001100001001
11111111111011010011100001001000
11111111111000011011001011000001
00000000000011100101101001011101
00000000000110111111110010110011
11111111111100011110111000110011
00000000000001110000111110000010
00000000000001011111001011000100
00000000010000110111100000011110
00000000000111011110010101000001
00000000000010110010000000000101
00000000000111101000110001001101
00000000001010001000010001110010
00000000000101001111010101010000
11111111111111110001110010000010
11111111111100001111101011000001
00000000000111011100101111001010
00000000000101111100001011111010
11111111111111101111111110000010
11111111111110111111110011000010
11111111111000111110010110011011
00000000000001110000001100000000
11111111111000101011001100000101
11111111110110110000110001011100
11111111111001100101001111110110
11111111110010111000111001000101
00000000000111001111011101001100
11111111111010001010110111010100
11111111111101100101001100100110
00000000000011010110010110010100
00000000000101001001000010000000
00000000000101111011000111000110
11111111110101001111011011000011
00000000000011101011000000000111
00000000000010101101010100101001
11111111111111100011010011010001
00000000000001100011010011101010
11111111111111001110001010101011
00000000000100111101100110100010
11111111110111010111111000111111
00000000001100111111101010000000
00000000000011010100010010011001
00000000000011010001111000100001
11111111111101011010000001000101
11111111111110000011110000100101
00000000000110110011010110001010
00000000000100001100011011111010
00000000000110111101011001000111
00000000000010010110111101111001
00000000000001101001110010000000
00000000010000110001000101010010
11111111111110001110001101001111
11111111111101100100101001010110
11111111110111110011010111001111
11111111111110111001100010101000
00000000000010111100110010000111
11111111111101111010111100111100
11111111110111100100000100011000
11111111111110000100000111010101
11111111111101111001011111011100
00000000000110001001010001100000
00000000000111001001101111101100
11111111111100110010100011110101
11111111111111001100100101000000
00000000000111010001100000100001
00000000000111010111000111100000
11111111111110111101101111010100
00000000000100011011011001101101
11111111111111001011000100001001
00000000000010000111100111001010
00000000000010001001000101001100
00000000000010010110101110010101
11111111111011011111110111011000
00000000000001111101011011011011
00000000000011101011111000111101
11111111110100100101100100101101
11111111101101000110111111011101
11111111110100010001010000000001
11111111111000111001110010001010
00000000000000011100011111001010
11111111110011110001111110101001
11111111111001011110010100111110
11111111111110111000011011111110
11111111111010001001010111000010
00000000000110100010011001101100
00000000000100101111101101010100
00000000000111000111101001010101
00000000000010010100010110101100
00000000001000100001010011000101
00000000000101011111101111100000
00000000000011000101001000010010
11111111111111101000000001011001
11111111111111011001101001001000
00000000000110100011111001111010
00000000000110101110110111010101
00000000000001011110011110001110
00000000000100100011110101001010
11111111110101100101001010010001
11111111111001100101111001011110
11111111111100110010010111000000
00000000001110000001100111100100
00000000000000100101000010100110
00000000000010001000000111001000
00000000000001111110100101100110
00000000000010000110101110111010
00000000000000011000011101100110
00000000000001001000001011000111
00000000000000001000001010111011
00000000000001111111101110111100
00000000000011110001001100111000
00000000001001111111000100111101
00000000000011111110101110100010
00000000000100001001100111101010
00000000000000110011111100100100
11111111111100001000110011110110
00000000001010010011101011000011
00000000001010100110000101000010
11111111111111001010100100101101
00000000000000010010011011010010
11111111111001000111100010011000
00000000000110011100100000101010
00000000001000100000010010000101
11111111111110110101111101101111
11111111110111101000001011001111
11111111111110100100001100100110
11111111110111110010010100011111
11111111110001100001010100000110
11111111110100000111010001101000
11111111101011000000101010101110
11111111110100010011011111111010
11111111111000010100011001111110
11111111101110101010110110110001
11111111111000001110011010101010
11111111110011111100101000111101
11111111101100010110110111010111
11111111111100010001001111111110
00000000000011111101100010000100
00000000000001111010010001101111
11111111111101100100110110000101
00000000000011100011010000111001
00000000000010110111010011110011
00000000000011010100010000011110
00000000000110011011100111110100
00000000000100110110101000111101
00000000001001110000000110110101
11111111111011110111111100101111
11111111111100011000011110001111
00000000000101011110011110111110
00000000000010110011100101110110
00000000000101011101111001101010
