11111111111110100110100010001000
11111111111100110110001101111011
11111111111100010000100110000001
00000000000001100011001001100000
11111111111101001000001001001111
00000000000000110010110111000100
11111111111100111101001101100101
00000000000001001100101111100110
11111111111101101010000000101101
11111111111110110110101100110001
00000000000010000010001000011100
00000000000000110111101010000110
11111111111101111110100011101100
11111111111111110000010100101100
11111111111110100110111000001001
11111111111110110101010100011110
00000000000001010000000101110111
00000000000000001110000100001100
11111111111100011010011000010110
11111111111100110110011001101001
00000000000001000011111100110010
11111111111111110000101010000010
11111111111101001000000111000100
00000000000001010010101001101000
00000000000000000111000001111101
00000000000010010001101110111110
11111111111110110111101011001011
11111111111111000110100101010110
00000000000000100111010001000100
00000000000001000111011010100100
11111111111111010111000010101011
11111111111100111011011001010011
00000000000000101011010001010110
00000000000000111110011101000000
11111111111101000101000100111010
11111111111101110111001101101001
00000000000001101110011100111011
11111111111111000010110011010111
11111111111101011111110001110100
00000000000000011000100100010010
11111111111110100010111101011111
11111111111101100001100111000100
11111111111100111100100001110110
11111111111111110100111011110010
11111111111110001111111000010111
11111111111101111111110011010100
00000000000010000000111000010001
00000000000001000111100100111111
00000000000001101110000011000010
00000000000001111011110000101111
11111111111101010110011000110101
11111111111101111110100110000100
00000000000000011011100001110010
00000000000000110000100010001000
00000000000010011100001010110101
11111111111110110010011100000100
00000000000000010010100000011101
00000000000010000111011111011001
11111111111110011001010000100100
11111111111111010001110101001001
11111111111100100000000100010111
00000000000000100101001111110101
11111111111101110100110100000110
11111111111110010010101100101101
11111111111111011101101011100010
00000000000011000001000010111101
11111111111101001101000010011011
11111111111100001100011111101010
11111111111100010110101101101110
11111111111111011110101101101010
11111111111101001110111000000010
11111111111100111110010001010101
11111111111101001010110100100111
11111111111110110100101001111010
11111111111111011101101011000111
00000000000010011011110011111010
00000000000001111100000010001110
11111111111101100001100101000110
11111111111111001010100101011011
00000000000000111000110101100100
00000000000001001000000101110011
00000000000001111011011101111100
11111111111111010101000100110010
11111111111101010111111010111110
11111111111110101010101111001010
00000000000001011001010000000100
11111111111111110101011010101100
11111111111110011010111001110011
00000000000001110010111101110110
11111111111101001011011101111000
00000000000010101000011000011111
00000000000001101111101101111010
11111111111100111001010110100110
11111111111100011011010111111101
00000000000010011000010010110011
00000000000000000000000110011000
11111111111111001001101011111111
00000000000000101101101001101111
11111111111110111011100011001101
00000000000010001001000000011111
11111111111111110110000100100000
11111111111111000000000001000001
11111111111101010111100111001010
11111111111100010110110010101111
00000000000001001000111101111000
11111111111101011110101101111001
11111111111111111011010010011111
00000000000001100100110010100000
11111111111101010011011111111010
11111111111110000111110001110111
11111111111110110010110000100000
00000000000000100101001000011100
00000000000000011000100000100000
00000000000001101000110110100001
00000000000000001011101001110001
00000000000001100000111011000011
11111111111101100011110101111010
11111111111110001011000001001000
11111111111110100100011011000000
00000000000001101101011011111000
11111111111101100001011011001001
11111111111110011010101000100011
00000000000010010010011100110101
11111111111100101101000110101000
11111111111111000101111101101100
11111111111110110101001011111101
00000000000010001001111110111101
00000000000010000010010010000001
11111111111111110010000010100100
11111111111101110100110011100001
11111111111101110011000011111001
11111111111100011101111101000001
11111111111110001001000001001000
11111111111101010001011101110110
11111111111110101001010101110010
00000000000001100010010100101000
11111111111101101100110011000001
11111111111110001010110001001011
00000000000010001110110001111010
00000000000010011111010000010100
00000000000000000110000101111110
00000000000000001110001001000001
00000000000001010001000011011011
11111111111100111010001101111111
00000000000000111010010010101101
11111111111101001010111110111110
00000000000000011100001111101011
00000000000001001110001001001001
00000000000001011000100001110011
00000000000001010100011100111010
11111111111111111010101010000010
00000000000000001001101011100101
00000000000010111010111011110010
00000000000010001111010111110011
00000000000001001100000000011101
00000000000001111011101101110110
00000000000001010100100111001101
00000000000000001010001011111111
00000000000000100100100110000011
11111111111110001111000001100010
00000000000000011001101110001100
00000000000001100111000010010110
00000000000001101011100000010010
11111111111111110000100110000110
11111111111101011111000001001101
00000000000000001101010111010001
11111111111111010000101110101001
11111111111110010101110110000000
00000000000000011000111101101010
11111111111110111001010111111011
11111111111110111111111010011101
11111111111101111001010100101101
11111111111111100110010111101101
00000000000010000011110000011010
11111111111101011010100101101011
11111111111111010111000110101000
00000000000000000110010001111010
11111111111101010110001100000110
11111111111100010010111100011111
11111111111110011101010100111010
00000000000000010111000100001011
11111111111110110010101101010011
11111111111100111000100001010010
11111111111110011000100011110110
00000000000010000100000001110111
11111111111110010110000000101111
00000000000010100000010011111100
11111111111110110001101111010010
11111111111100111100010001000101
11111111111111110010001101011000
11111111111111110111011111111001
11111111111110010111110111010100
00000000000000010001111001000100
00000000000001000101010111011000
00000000000010010000111000100101
11111111111101111111011100100011
11111111111101000001110101010010
11111111111101111100000001100011
00000000000000110000000011100010
11111111111110010011001101011000
11111111111110100111000111110110
11111111111110001110100010101110
00000000000001100110110001100111
00000000000001100010000010101101
11111111111111000111001110010101
00000000000010011100010001111100
00000000000010001101101100110011
00000000000000011000011010011101
11111111111111011100000001110001
00000000000010000001011001100000
11111111111100110011100011100111
00000000000001111011101010101111
11111111111101010010111011110011
00000000000000101000110011100110
00000000000011001001010000101101
00000000000001010011001100111010
11111111111111101011111011100001
00000000000000001001010010000010
11111111111111101100010110011110
00000000000001101101101000100100
00000000000001101101110100101101
11111111111111011010101001000000
11111111111111111010001001011111
00000000000010011111111100001110
11111111111111000111100111000101
00000000000010100001000001101111
11111111111101100000001000101101
00000000000010000100101111111001
11111111111101101111010110110011
11111111111111111110111101110001
11111111111101111011010011101110
11111111111100101100001100110010
00000000000001001111001101000011
00000000000001110010001010110001
11111111111101011100000000110010
00000000000000110000011101000000
11111111111111101010000110100100
11111111111110100110011001100111
00000000000000111101001010100000
11111111111110111100101000111011
11111111111111001001011000010010
11111111111110001011101111001101
00000000000000010101001010100101
11111111111101101000111000010011
11111111111101101001001011101111
11111111111100111101000111100000
11111111111101011100011011001110
11111111111110000100111011111000
11111111111111010001100000111001
11111111111100101110010101101111
00000000000010100000001001111010
00000000000001111101100100000010
11111111111101010010111100010010
11111111111101110111101110110101
11111111111101100110110001010010
11111111111110011000010110011110
00000000000001011000001001101000
00000000000001001010001010100000
11111111111111000000010001100000
00000000000000111100001100111001
11111111111101001000000101111100
11111111111110011110101001111001
00000000000001010011001000110101
00000000000010001010011000000001
00000000000001101001011001110011
11111111111110100011010111100011
11111111111110011101010110101110
00000000000000100001010101001111
00000000000000011101110011111101
11111111111100101111111011000100
00000000000000100110001010100000
11111111111111000111100010000000
00000000000000111000110101100000
11111111111110000011011000010110
11111111111101101001001111111010
00000000000001101100011011011101
00000000000010101110100101101110
11111111111100111110100000000011
00000000000000110100010100001010
11111111111101010001011101000000
11111111111110010011010000110100
11111111111110111001000001100110
11111111111111111100110001001101
11111111111101110010110111011010
11111111111110010000001010001111
11111111111101101001000101101010
11111111111110101111011010000001
11111111111110000110110110101101
11111111111101110111110011001111
00000000000001001001100010111100
00000000000000010010011110000011
11111111111101001100000000111101
11111111111101111100110100001111
11111111111101110111010011010011
11111111111110101011000111100011
11111111111111110010001110000100
00000000000001010011110101101110
11111111111100111111010011111100
11111111111110110001001111101100
11111111111111001000111100010110
11111111111111000111010111100100
11111111111101100111111001000000
11111111111111111111010011111100
11111111111110110000110101100001
11111111111100001001010001100100
11111111111111000001111001011000
11111111111101001010110011100000
11111111111101001111001110110111
11111111111110111110110010111010
11111111111100101011011100011110
00000000000000000011111001110011
00000000000001001110010101110110
11111111111101010100101110010001
11111111111100110001001001101101
11111111111101100001110110000000
11111111111101111001001001111000
11111111111110111101110000011111
11111111111101110110111110011101
11111111111110111001000101011110
11111111111110100011101110001010
11111111111110101011111101010001
00000000000001000011000110111011
00000000000011001100101010010100
11111111111101110101101001000010
11111111111111100000101001010110
00000000000000101010110100101011
11111111111111100000010000000111
11111111111110010011001011110110
00000000000000011001110011101011
00000000000001000011111010010001
11111111111110001100111011000010
11111111111110100000111100011010
11111111111110001011000011000110
11111111111110000110010111111111
00000000000010000100000000001101
11111111111111111000101110110111
11111111111100100111011111111110
11111111111110111010101100111110
11111111111100111100101010100001
11111111111111011110010110001000
00000000000010000101011000110101
11111111111101101001010101110101
00000000000001001010100011101100
00000000000001111100010001000100
11111111111100100000100100001000
11111111111110111000111000111101
00000000000000001110011000010011
00000000000001111011000111011101
00000000000001111001111101101101
11111111111110101010100010001101
11111111111110001111100001001000
11111111111111101100101101001001
11111111111110100011111011011101
00000000000001110101110010100110
11111111111110101000000101011111
00000000000010010111010110100100
00000000000001011000010001011111
11111111111100011111011101011000
00000000000001101010010010000011
11111111111110100111011010000011
00000000000001110001011010001110
11111111111101111001001101000001
11111111111101111100111010101000
00000000000000101001000101011101
11111111111100110100101010011011
00000000000001100100010111111000
11111111111110111001110110011010
11111111111110010100000110001001
11111111111111110010010110100011
11111111111100110101110000000001
11111111111100111001010100011001
00000000000000010011010010101110
11111111111100011101100100110111
11111111111110111111000101001111
11111111111111110000101111101111
11111111111110010111011111100011
11111111111111001001010001011100
00000000000001010011110110101110
00000000000010101001010000100000
11111111111110110000110110011011
11111111111111001110011010111110
11111111111110001011011011100010
11111111111111010101111000100110
11111111111100101110110001011011
11111111111110011000100101111010
00000000000010000110000110010001
00000000000010101000101011101110
00000000000010011111101101001001
00000000000001100110101110001011
11111111111101011001011111010101
00000000000001010110011001010011
00000000000001011111001000000101
11111111111100100010010011101111
11111111111100110111001101011010
11111111111110010101101011101111
00000000000010001101110101010011
00000000000001011110010110011100
11111111111100101111100010000010
00000000000010011110111010010010
11111111111101101011011010000101
