11111111111010101100110101111010
11111111111001100100000110101100
11111111111111010101001010110011
11111111111001110100101111010000
11111111110110000101111011100010
11111111110110001010101100000010
11111111101111111010110011111011
11111111111000100110101010110001
00000000000011000110100001000010
00000000001001101110010000111101
11111111111101010010010110000001
11111111111110000000000101101011
00000000000011100010001010101001
11111111111001110000110011000001
00000000000110001011011100101100
11111111111111011010001100111101
00000000001000000010000101101011
00000000000100111111100000010110
00000000000011001100010100000111
00000000000000111010111110011010
11111111111111011100010111000111
11111111111100101010000100000000
11111111111110111110111010111110
11111111111011001001111110001001
11111111111001110100101101110100
00000000000110010000000010011101
00000000001001111000000110110111
00000000000011111111110100001001
11111111111001001110011011100110
00000000000101100111101110000101
11111111111011011111010100111011
00000000000111101101100001011111
00000000000011101000010000111001
00000000000100111000010100001010
11111111111101101000110011110000
11111111110011000011000110001001
11111111111110011011111101101010
00000000000011011101011000011100
00000000001001101011111001100000
11111111111110101001110000111111
11111111111111000100101011010110
11111111111111101010100111000110
00000000000010011100100101001110
00000000000100011000011001111111
00000000000000000000011110101001
11111111111110000100111000000100
11111111111000011110101010101010
00000000000010000001110001000101
00000000000010001111011100110001
11111111111111101101111011001101
11111111111010101101010100110111
11111111111011101000001010111001
00000000000011101101011010011001
11111111111101000010001100111010
11111111111110110110000110000010
00000000000111110000000010111101
00000000000100011000001000010010
00000000000101110011001100111110
11111111111110111011010011111111
00000000000000011100000010101001
00000000001001011001111100000011
00000000000110100011000101101000
00000000000010000100001011010010
00000000000000110001010110111010
00000000000010100011110100011110
00000000000101001001111101011010
00000000000001000001101100101010
11111111111101000000001100011001
11111111111010110001100011110101
11111111111101111110100100010101
00000000000100101001111010000111
00000000000010101011011010010111
11111111111101101100010110101000
00000000000001011111110010001101
00000000000010001000011100110101
11111111111000110100011001001110
11111111110111111100000001111011
11111111111000010010101011101000
11111111111111101011000001011000
00000000000001101111000001110011
00000000000101000101000110100100
00000000001000000001101010101000
00000000001000110010110000001011
00000000000100000010100110110001
11111111111111111010010011100001
00000000000000111111110110010000
00000000000011000101101101001001
00000000000101000110111100110100
11111111111101100110001010001100
11111111111101111000000000100100
00000000000001110101101100010111
00000000000010001011110101110101
11111111111100011100011000111100
11111111111100010111011100110110
11111111111011000010000011101111
11111111111110011010110001010001
11111111111111110000110111001010
00000000000001001011101110010110
11111111111110101111111011001010
11111111111011110000011111011000
00000000000000001011000101100111
11111111111101110001001010110001
00000000000001001011010010001101
11111111111001100011011101011100
11111111111001100000101010100101
11111111111111011101010101100000
11111111111111011001111011001101
11111111111101001000110110010010
11111111111111000100010110001011
00000000000010001111111000001000
11111111111111111010100000010111
11111111111011010001100111011000
11111111111111011001001011100100
11111111111011111100110011001111
00000000000100100011101100111000
11111111111111101011100111100110
11111111111110100011001100111011
00000000000001001111000001111001
00000000000100100100010100110011
00000000000000100011111010100001
11111111111110000000101111001000
00000000000001110101101111110010
00000000000000011111001100011011
00000000000101111101100001010100
00000000000111010101110010110111
11111111101110111111111101110101
11111111101101111001001110101100
11111111111110000111110010001001
00000000000010111111000000110001
00000000001001111010101001110100
11111111111001100000011001111100
11111111111000011011000000001010
11111111111100011110101111010011
11111111110101110100001110011000
00000000000010101100101000101000
11111111111111001111111001001000
00000000000101101101000001111011
00000000000100110110100111010110
00000000000001110010101100100010
00000000000110011001100110011111
11111111111000111000111110111000
00000000000001001101001010001010
11111111111111001100011000111110
00000000000011001101001011111100
11111111111000100101110010010110
00000000000101110110100010100100
00000000000100111011001010000101
00000000000010011011110110001100
00000000000000110011010111100011
11111111111110001110010001101111
00000000000001001001010100110001
11111111111110101110100110000101
00000000000001000110110100101101
00000000000000100111101110010100
00000000000011011010001100010010
11111111110111001010101100110110
11111111111011110101011110001100
00000000000001110111010011100110
11111111111011001010101110110001
00000000000001001111111101100010
11111111111101000000100110011111
00000000000110101100101110010010
00000000000010001100000101111011
00000000000011011110110101101010
11111111110010000011000010100011
00000000001000000010100101000111
00000000000010110010010101010100
00000000000100110000111101110100
00000000000111001010000010011111
11111111111010111100100110100110
00000000000100111001101101100000
00000000000000011101011111001011
00000000000011000100011101001111
11111111111101001100100001000110
11111111110111000111000101101111
00000000000111000111000101100001
11111111110101001000011100010101
11111111111011100000110101100000
11111111110010101100001011000110
11111111111101101000111000110011
11111111111111010000101000101101
11111111111001101001110110100100
11111111111100000000010101101100
11111111111111011110110100111111
11111111111011011110100111101111
00000000000000011101110000111101
00000000000111010010000011101010
00000000000000100111101110110111
11111111111110000010111010110111
00000000000011010001101100010100
00000000000111010101011001011111
11111111111111001011111011100011
00000000000000000100100010110101
11111111110100000101001101001010
11111111111110110111000110011001
00000000000100001001011010001000
11111111111110110011110111000001
11111111111101001100001011001001
11111111111010001001000010100001
11111111110101000101000000101010
00000000000111101001010111111111
00000000000100101110010011010111
11111111111011101000011011111010
11111111111001000111011111111000
11111111110101101000111001000010
00000000001000000110100100011111
11111111111101011101111111110011
11111111111000111100111101101111
11111111111000111011100001010111
00000000001011001110100111110100
00000000000111001010011101110111
00000000000011010101101101101111
11111111111110110101111010100100
00000000000001000110011101100010
00000000010011100111110111100100
11111111111111100100111010011100
11111111111011111011100011110001
00000000000101001111001100001011
00000000000001011001101011011010
00000000001000011010111000111010
11111111111011110111111110010111
11111111111110111111000111100001
11111111111111001101111011011110
00000000000100010000011111001101
11111111111010000110100001100111
00000000000110010001111001111010
11111111111111101100001101111111
00000000000100101010100000000001
00000000000010110011011011001111
00000000000000001011100111000000
00000000000111111011111001100111
11111111111111111101010011100110
11111111111101011110011110111000
00000000000110000011110110001101
11111111111100100010011001011000
00000000001010001010001110010011
00000000000001001101011011111111
00000000000011110110010100100111
00000000000011100001001000101100
11111111111011000000010101100001
00000000000110011101011111000011
00000000000011001101111000011100
11111111111101010110111011011000
00000000000110010111001001001011
11111111111111000001111100100100
11111111111100111111111001011111
00000000000000011101010000110000
00000000000001001110011110010101
11111111111111111001101111110011
11111111101101100000111111011111
00000000000011101001011001101100
00000000001001000011010001110001
00000000000101011011110110001100
11111111111111111110001110010111
11111111111001100100110011000111
00000000000110111100011100111001
00000000000011110111011110000110
00000000000000010110000001100011
11111111111101100110110101001101
11111111110110001010010111111110
00000000000111000010100010101111
00000000000010111100000011010011
11111111111001101011101111010000
11111111111011000010011011111101
00000000000100100110110110100101
00000000000111001011100010100001
11111111111100110110100111000010
11111111111100111011011001010111
11111111111100000011100010101101
11111111111101101111001000111000
11111111111011110010101100000111
11111111111000001110010110001001
11111111111110000010011110100011
11111111111001001111111110000011
11111111111100111111111010110110
11111111111011100100111100100110
11111111111101101011010001111101
00000000000011110110000011100100
11111111111111010101111000100001
00000000000000110010001011001000
11111111101001100111101111000010
11111111110101000111001101111101
00000000000011010100000001010000
00000000000001100010110011110101
00000000000000100100001011001010
11111111110010001111100111111100
11111111111000000001001000101101
00000000000111101010010101101100
00000000001010101110000101111110
00000000000101011100101110001000
11111111110011111110100101110010
11111111111011010011111010010000
00000000000001011101100101011110
11111111111111100011111111000110
11111111111001010111101110000000
11111111111111110010101110110101
00000000000000111011111001011100
11111111111100111011000111101011
11111111111111111111001000101101
00000000000010101010011010111001
11111111101110110100011110001101
11111111110110000111001011101000
11111111111001100111101010010101
00000000000011000111101101111110
11111111111111110110100011011011
00000000000101101000100010100001
00000000001010010100011010001101
00000000001100011101100110110101
11111111111101101001100010011011
11111111111110111000111001010000
00000000001100110001000110011011
00000000010001010110111100101000
00000000000011101000001100001010
11111111111010010001111111001011
00000000000000101100111001000001
00000000000010011101011100001111
00000000000011101101101001000000
11111111111001111101100011101001
00000000000001010001100000101011
00000000000010100001110000110011
00000000000000101010001001011100
11111111111101001001010100110100
11111111111101011010011101011001
00000000000001001000000110110100
00000000000110011000010001011010
00000000000010011101110100010111
00000000000110011110110101111010
00000000000110001010100000011111
00000000000001010101001111111010
11111111111101111111011111011000
11111111111111110001100110011010
11111111110111110101111011001010
11111111111100100000111000110010
00000000001010000111110010010110
00000000000001001101110100000101
11111111110011000111000011000101
11111111111101011100011111010110
00000000000100000000000011111111
00000000000110001001000001000000
00000000000010110011000101111111
11111111111110110101010000110011
00000000000010001110101010011010
00000000000101111100011000100100
00000000000000011000111001011000
00000000000001000011000000010000
11111111111110111100000110101101
11111111111100101101011000100101
11111111111110111110111011100100
11111111111110101110101010010100
11111111111100011110111011001011
11111111111110011100001100001011
00000000000110101011010010010101
11111111111110100010011111000101
11111111111101010100011000001010
00000000000000011011000001110010
00000000010101011110001001111011
00000000000110010111101000011010
11111111111111000000001011011010
11111111111111100000010010010001
11111111111111011000011100110010
00000000000010101010000101001010
00000000000001000011111101010010
11111111111101000101101000110100
00000000000000110110100001001111
00000000000100010100011111011100
00000000001010001110000100100110
00000000000000111010101110010101
11111111111011011101100101001111
00000000000000011111010010101010
11111111111110011011000111010101
00000000000000101111001110001001
11111111111100010010110111111001
11111111111100100100110010001101
00000000000001111100110110011111
11111111111111100111101111010100
11111111110111100000101001010110
11111111111110100001001111100101
00000000000011000001101111010100
00000000000000101110110000110011
00000000000101011010101001001111
11111111111110011101011010001000
11111111111111101110001011110011
00000000000000011111110000010001
00000000000011001101001100100100
00000000000001001000100101110000
00000000000110111011001001010101
00000000000011110110111100011010
11111111111111111010000011000110
11111111110110111110110111110100
11111111110111001111001010110100
00000000000011110100001101111110
00000000000011010011011101010010
11111111111010100010101011110011
00000000000001100001010001100111
11111111111001110111000111111101
00000000000000101110010001100011
11111111111111101100110101011000
11111111111011011011011111000001
11111111111010011011111001111111
00000000000011010111111100100000
