00000000001110001110101100010000
00000000001011111110011100000011
11111111110100010110111011100001
11111111110100101101001000010110
00000000000000001000100100000100
00000000000111100011100000001011
00000000001000011111100011000111
11111111111100111011101100100010
00000000000000110111001001011101
11111111110110100001101000000101
00000000000100111011011111000010
00000000000000011100100001101110
11111111111111001101101001001110
11111111111100111110001101101110
11111111111001110011101011001001
11111111111100100110100110011010
11111111111101111001100010001000
00000000000110011001100011000001
11111111111110000110000010111000
00000000000101011011110001010110
11111111111101010011000111101101
11111111111100100111010101001011
00000000000011000101011101010100
11111111111101000111010000010111
00000000000100000000011100111010
00000000001000100011111101100100
00000000000011101001110100001000
00000000000111111101101010011100
00000000001000111100010101000100
00000000000111111111010111001011
11111111111001001011001001111100
11111111110101110111111100001100
00000000000000000101100000010101
11111111111111110101101000000101
00000000001100100011110111101011
11111111110001011000001111011011
11111111111001010010100101010000
11111111110100010010001110100101
00000000000000100100001101110001
00000000000001011011110011011000
00000000001001011000000000101100
00000000001100110011111101010101
11111111111100011101100011101011
11111111111110000010011010100011
11111111111100001010111011110110
00000000000001010100101101110111
11111111110111011111000001010111
00000000000000110100011111101110
11111111111011110000000011110001
11111111110111000100110100011010
11111111111011001000000111001111
11111111111101101010010011100111
00000000000000000111000000001001
00000000000101010101100110100100
00000000000000110111011010001011
00000000000000100110000000010111
11111111111101010011100110100001
11111111111110101010100101000110
11111111111100001011100001110100
11111111111011000110000000000111
00000000000010100000101011101101
11111111111101000001011011010110
11111111111110010011001001000110
11111111111110110001111111010100
11111111111100011000100101110010
00000000000101111001011000100111
00000000000011001000110000100010
00000000000011011100011100100100
00000000000010010110001010110101
11111111111100101101110110000100
11111111111111101001000011101100
00000000001010010010110110100100
00000000000111010000100000011000
00000000000010011000110111000010
11111111111111111100000010100111
11111111111110010101100000010001
00000000000001111101001111010100
11111111111110010000100010101001
11111111111001011001001000100010
11111111111100011001000110100110
00000000000101010010010011101000
00000000000010001011101101000000
00000000000011100000010111101110
11111111111111011111010101011100
00000000000000111110100000100101
00000000000101011111010111000111
00000000000100101011100000011101
11111111111111001110010000101111
00000000000001101110100110100101
00000000000100010010010101100101
00000000000010100110010000001100
00000000000010010000011110101110
11111111111111111000010100010001
11111111111110100101111000000111
11111111111110100101010100011000
11111111111011011010100000111110
00000000000010001110011100110011
00000000001000011011010100000111
11111111111111000111001000100100
11111111111101000001110111101000
00000000000000010011011111100010
11111111111110101001101011000010
00000000000110111110000101011011
00000000000101001010010100110000
00000000000010000110111000100011
11111111111110010110010111011001
11111111111101001010010001000110
00000000001000111101110100011110
11111111111010101100111101010110
11111111111101110110111110100110
00000000000000111101001100001011
00000000000000110000000001010000
00000000000000010111001111000110
00000000000101010111100101000000
11111111111110000001011101010111
00000000000101110011010011011011
00000000000110101011000011000011
00000000000010011001100011011100
11111111111111101101111011001010
00000000000001111001000100001011
11111111110011110000011010011010
11111111111000110001000111111101
11111111111010111001110110010001
11111111111111111000011000100000
11111111111100011011011101111000
00000000001010111000110010101010
00000000000110100100011101101110
00000000000001011000111010001111
11111111110111101011111110010001
11111111110011000010111101001100
00000000001010000001111111011010
00000000000101001111111010101101
00000000000010110101101011000111
00000000000001101011000001000100
11111111111001011010011111000101
00000000000001101101100011011000
00000000000001001011011110011010
11111111111011001011100100011101
00000000000100000100100111111111
11111111111111010010110011111111
00000000000010110110110011000110
00000000000110000110010000001100
00000000000001010000100111011001
11111111111101111000010010111111
00000000001011110101111001110001
11111111111110111100011110101001
11111111111111110111101101111010
11111111111101011101001111110100
11111111111110100111111011011111
00000000001000111000111111011110
11111111111110001100110001001111
11111111111100000010010010101000
11111111110110110101111100100011
11111111110100110100001010111001
11111111110101000110101101010010
00000000000111011010100001111100
00000000000011111111101000100000
00000000000010100001110101010011
00000000000011011111100011010100
00000000001100010101011111111101
00000000001100000100001011101110
00000000001001001000111001001000
00000000001000010011111000011011
00000000001000110100001000101011
00000000010100111101011000010011
11111111111100000001000010001110
00000000000000110101110101101111
11111111111111111000000111000000
00000000000010100011010100110011
00000000010001110101010111111011
11111111110111001110000100010100
11111111111111011101001111110101
00000000000001111000010011111000
11111111111110000100101100111111
00000000001101101011110000000010
11111111111110101000001011111110
00000000000010011110011111001110
11111111111101100000111111011011
00000000001000011101110101111111
00000000000111001011010101111101
00000000000111100100011111011110
00000000000001001001100100010111
00000000000101101000100101111010
11111111111101111110011011001110
11111111101110000111001110101011
00000000000000011010001100011001
11111111111111101111011101001111
11111111111100010101010101011100
11111111111111010000011110101011
11111111111100110011101111111001
00000000000010110000010101111111
00000000001001000010001011011011
00000000000110011001011100010100
11111111111000001001001010111010
00000000001110010110101111111001
11111111111100010111100111011011
11111111111101110010011100111010
11111111111110110001000000010111
11111111101111111010010000101000
00000000001000011010000110111110
11111111111100101100011110110111
00000000000101000100010110001111
00000000000100001001010011100101
00000000001000010111111001111111
00000000010011001101100011010000
11111111110111000111110101101010
11111111111110100011001010111011
00000000000000101100110100011110
00000000001101101100101001111110
00000000000111101011001101011000
11111111111000010011000111101111
11111111111010011010101101010000
00000000000010100010011000110000
00000000000110010111101100010000
11111111111000001100000100001000
11111111111110011000110100010110
00000000000100010000100101000111
00000000000000101110010011111111
11111111111011111100001101101010
11111111101111101010000100011110
00000000000010011110011111101001
00000000000010100100001110111100
11111111111010110011110100101011
11111111110100101011010110111100
00000000000001010010110010001101
00000000000100110101101100001011
11111111111110100010100010010000
11111111111011110001101010011110
11111111111001010101111101001000
11111111111100110000000100010011
00000000000100010101001000101100
00000000001001100101101110011110
00000000000011101111000111111101
00000000000110010000010000110111
11111111111101011110100001011101
00000000000110001111101010110010
00000000000101001110000011110011
00000000000111101010010001100110
00000000001000000111100110111010
11111111111111011001111010111010
11111111111101111000101011100111
00000000000000001100110100011100
11111111111110111011101110111100
11111111111100011100011110000101
00000000000001001100111000111000
11111111111111011100101101010110
11111111111110010000010110111001
00000000000000110110001111010110
11111111111001010101000001111110
00000000000110001101100011101001
11111111111000010111100100101010
11111111111100100110011101010000
11111111111111001110100110010010
11111111111010011110110010101100
00000000000000000111111001000101
00000000000010100001011010000110
00000000000011000110001001010111
11111111110101100100100001000111
11111111111100110100001111001100
00000000000110000100001001100101
00000000001001111010010100010010
00000000000100101100001100111010
11111111111100010000100110000001
00000000000000111000010011100110
00000000000101101100101001011111
00000000000100110100101001001010
00000000000111110100111010000010
00000000000000010101100101000110
00000000000000101010011010001100
00000000000101111001011000111000
00000000000000011000010111001110
11111111111110111000010011001001
11111111111011011101101000011000
11111111111000010010011001111000
00000000000101001001011011001101
00000000000000100010110111001100
00000000000110100100010001000100
11111111111110000011001101001101
11111111111110011011100010001011
11111111111001111111110011111001
00000000000101010100100101000000
00000000000101100000010101010011
11111111111001100100011011000111
11111111111100101001111111101111
00000000000000011001011110010010
00000000000110001101000001001001
11111111111010101010100010001001
11111111111100100111100101101001
11111111111010111110111100011100
00000000000011100101011111001111
00000000000100101011100010100100
11111111111010001010001111010001
11111111111010111110111110101111
11111111111100010010101111000100
11111111111010001010000001011100
00000000000001101101110000000001
11111111111111110110000110111011
11111111111011000111000000100001
11111111110111110111011011110001
00000000000001000001001001011001
11111111111011011111001001010111
00000000001011110000010100110101
00000000001010101110010101001010
00000000000101001011110001011111
11111111110111001100001001111011
11111111111111101100101010000101
00000000000000001110011010010111
11111111111101000000010011100110
00000000000101101101011011001011
11111111111001101001011000100001
11111111111100111101011010100001
00000000000110000101010110010001
11111111111111111110100100000110
00000000000001011111011100110000
11111111111111110111110111100000
11111111111000100011000010110000
00000000000000010000100101001100
11111111111111100010001001111110
00000000000000110101001111100110
00000000000011011100011011101110
11111111111111111101101010000000
00000000001000111101101101100000
11111111111101011011110100000111
00000000000110001110111011100001
00000000000011011101101001000111
11111111111100001001100111111001
11111111111111101111110100111101
11111111111101110101110100011010
11111111111110000011010110000001
11111111111100111111110010110001
00000000000110101011110000011001
11111111111101001101011010000011
11111111110011010011101011001011
11111111110110101001110001000100
11111111111110010011010110100111
00000000010001110010100111000011
00000000000111011011010001000000
00000000000001110011110110101001
00000000000101010010111001011111
00000000000110000011010110000010
00000000001011011111101110100110
00000000000100000100011000110111
11111111111101101001000000011101
11111111111101001001001001101110
00000000001011110100110111011101
11111111110111000011011001001110
11111111110110011110111010000100
00000000000000001001100010000110
11111111111111100101001111111010
11111111111100110111010101011001
11111111111011010100110001111010
11111111111000111010001010001111
00000000000001011110000100100001
00000000000000110101000000101010
11111111111111111001010111011011
11111111111000001101011001110000
11111111111011001011000101110011
00000000000001100000101010101110
11111111111011110111101101011000
00000000000001110011101100111001
11111111111110000100010110100110
11111111111111010101010101001011
11111111111010001101100101111110
11111111111110011111110011101010
00000000000011011110111110010001
00000000001111011100001110110011
00000000001111011100011100110001
00000000000101001110101001110011
00000000000001011010100110011111
11111111111101000110110100000000
00000000000011100110100011111000
11111111111111101110011111001101
00000000000011001110110000010011
00000000000010001010110000111101
11111111111101100110100001000101
00000000000000000110001001000011
11111111111110100111000110110001
11111111111110111101101100000001
11111111111101011011011010111010
11111111111111101110111010001100
11111111111010010111011000011000
11111111111000100010101010001000
11111111110111111100110001110101
11111111110111001000100001000111
11111111111011110111010110110100
00000000000100011010010011110100
00000000001001010000010010101100
00000000000011111111000000110110
11111111111100011001011001110100
00000000001000100111101111000111
00000000000100100001000011011100
00000000001000100011110111111111
00000000000110100101100101110111
11111111111111100010010101110010
00000000001010101101111101110111
11111111111110100101110011111101
11111111111110010110001101011100
11111111111110101000001000110010
00000000000100010111111100101001
00000000001111001010011101110110
