11111111111000010100010100111101
11111111111110100010000011010100
00000000000000100101111010010010
00000000000011010101100000101000
11111111111101001110101111011111
00000000000001111000001110001011
11111111111001000010010001010101
11111111111110101111010101100001
00000000000100110100011011101001
00000000000001001001100010100110
11111111111000100001000111001001
11111111110110000010101111101110
11111111111100001101101011011110
11111111111010111010000100011110
11111111111111101000011011000100
00000000000001000000011110000100
00000000000101110111010011101000
00000000000011011000101111110010
00000000000111010001001100011001
00000000000010011101110011001001
00000000000000110001001100110100
11111111111001001101100000000000
11111111111100111110110000100010
11111111111011101011011011101001
11111111111011100111111101001101
00000000001101001011001001001111
00000000001001101101111110111011
00000000001100010110000010010101
00000000001000011011000011111110
00000000000111101010010010101010
00000000000100111001010011101001
00000000000111111111011000011111
11111111111111001001001001110100
00000000000010011000100110110001
00000000000000011100010111101001
11111111111000011111110011011101
00000000000101111101100000110010
00000000000010000101110011010000
11111111111100001011110101111111
11111111111000011011110111001101
11111111110101111101001010011000
11111111110111110010110000101101
00000000000100010110011111010100
11111111111010100001010101110100
11111111111100010101000110101111
00000000000011100101101000010000
00000000001011000110111101100101
00000000000010011110001110000110
00000000000010101111000100110110
11111111111110101111100011101001
11111111111101000000111000011111
11111111111100111010101011011111
11111111111101011011000101001110
11111111111110101100100110000010
11111111111101100010110100001011
00000000000101110010110010100010
00000000000011011100011010011011
00000000000011001000011110011111
00000000000000100100110000111110
00000000000001111010101111000001
00000000000110010111010110001110
00000000000010100111111000111110
00000000000110001100001110001010
00000000000110000011010110111111
00000000000010001010010100101011
11111111111101110111011011110110
11111111111001111110100110010101
11111111111111000101111100101110
00000000000101100111110001011101
11111111111111000100000001111100
11111111111100111010101011011011
11111111111010100100011100010100
00000000000000110011111100011010
00000000000111101100111000101010
00000000000011101010000011101010
11111111111100001000000000001111
11111111111010000100101010010010
11111111111101011001100111010100
00000000000000101110011011111101
11111111111011010001111010110111
11111111111111011100000100000111
00000000000001101000111101110101
00000000000000110101001000111110
00000000000000111011100101110100
11111111111100001011000001101001
00000000000100110110100100100100
00000000000011000000001110111110
00000000000011011110110011101010
00000000000100000101001001000001
00000000000011001110001001100101
00000000000010001001110010100110
00000000000001011110011110101011
00000000000010100110010000000111
00000000000100011011111111111110
00000000000001011000011111010000
00000000000011001110100000100010
11111111111101110110011101010001
11111111111110001100110101111100
11111111111110101000111011010001
00000000000000011000001010111011
00000000000100001101111111110100
00000000000001011000000111100110
00000000000010011011010011100111
11111111111111110110111011010010
00000000000001000101001011101101
00000000000101001111000000100100
00000000000001011111110000101101
00000000000100010000011010001001
00000000000000101101011010001101
00000000000010101111000010111001
00000000000100001100000000001111
11111111111111001011100010111001
00000000000000111111111100101011
00000000000001100011101111100000
00000000001100001110000011111000
11111111111000010011010101000000
11111111111100110100011110101000
00000000000000011010100100100011
00000000000010111000101001100011
00000000000001001100000111010110
11111111111100000010101110101000
11111111110100000001110000100001
11111111110010111000011111100000
11111111111011010010000100100011
11111111111000111011110100011000
00000000000011000001001001111100
11111111111110001110010110101010
11111111111011100110001010010111
00000000000010011010001101110011
00000000000101111001110000010010
11111111111001011000011111000100
11111111111100111010000111100001
11111111111000010111101111101001
11111111110111001111011011110000
00000000000111000110100100110101
11111111111001011011110101000110
11111111110100000000100110111111
11111111110110101010011111010010
11111111111110011000110100000010
11111111111011110100110000111111
11111111111110111101001110101110
00000000000000010000011100000001
00000000001011010001101110001111
00000000001011110001100100111000
11111111111110111011110011101010
00000000000100010010100011001001
11111111111110001011000100010110
11111111111111010000000110101001
00000000000001110110101011101010
00000000000000000000110000000110
11111111111110100110110010010010
11111111111010101100111100011001
11111111111110011001100101111000
11111111111101001010100111010101
00000000000001110100101111010010
11111111111010001001111010111110
11111111111011110110110001010110
11111111111111010100101001110011
00000000000001001000111010010001
00000000000001011111001011010011
11111111111011011111001101000010
00000000000110111110011101110010
00000000001001101010110101001011
00000000001100110010001001111100
11111111111110010000001100101000
00000000000100011100010111010101
00000000000100110000111010101010
00000000000110101111001111010101
00000000000101101110010101011111
11111111110101010000100111111110
00000000000011000100001101001000
00000000000001101001001010111110
00000000000101010111111000011100
11111111111011111100010010000100
11111111111101000111110111011101
00000000001010101101101010101001
11111111111110000110011000000100
11111111110100010001011011101011
11111111111000000000100001010000
11111111111101111011110101000010
11111111111110111110011000111101
11111111111110111111111101110000
00000000000000000110001111010110
11111111111100110011011010011001
11111111111010101111000111011010
11111111111011110110010010010100
00000000000000100011010100111010
11111111111101110110010111101100
11111111111110111011000010100111
11111111110110110111101100011001
11111111111111111010000111010011
11111111111100100101001000111101
11111111111101111000101001011011
11111111111100000100101111000000
11111111110111101110001011111110
11111111111111000111001111000001
11111111111011110100111010000011
11111111111010001111011100001111
11111111111011100100110010000110
11111111111011010000101101110001
00000000000101101010111011110001
00000000000000000000110010111000
11111111111111100110110011011110
00000000001000101111111111110111
00000000000101100001011001001111
00000000000011000010111101111010
11111111111111100000110100110110
00000000000000000001101100111110
11111111111101101000000011011010
11111111110001010111011011100011
00000000000010001011011110010000
00000000000001010110101101100001
00000000000000100010100010010100
11111111111110110101001000110110
00000000001100001010000100110010
00000000000001110000101100111101
11111111111010101110001001010111
11111111111011110111010000110101
00000000000000100000000100001011
00000000010010111101101010001010
11111111111101001101101110101010
00000000000010010100000010011100
00000000000101011010000110010011
00000000000001101100101010011111
11111111110100110111000010001001
00000000000011001010101110101010
00000000000001011001111100110111
00000000000001100001010111010011
00000000000000101011011001100011
00000000000100101010010100111011
00000000000111101101001101111110
00000000000001010010100111000101
00000000000001010101000110111111
00000000000100000001111000000111
00000000000000000101010100111111
11111111111101010111001100100101
00000000000011001111010010101110
00000000000000101000001011110110
00000000001001101101100000101010
00000000000000101100111001010001
00000000000010101000000100011010
00000000000100101000001001010110
11111111111010010110000010011110
11111111111011110101010011000101
11111111111010101100010011011101
00000000000110011100000111101001
11111111111110000011110110011101
11111111111010110111001101100000
11111111110110100010000010011011
11111111101111111010001011000100
00000000000010000100011001101010
00000000000001101110100001010010
11111111111110101101001001011011
11111111111111010001101100110000
11111111111011111000100001010010
00000000000110101001001111010110
00000000001000010110111001010011
00000000000110000010000111111111
00000000000010001000011001000011
11111111111110000010011100000110
00000000000011100001110010110100
00000000000000000010011010111010
11111111111110101101110001110011
00000000000001010100101011100000
11111111111110111111101011000000
11111111111111101001001011100010
11111111111110101101001100101011
11111111111110100100000110001110
00000000000011111000000001001100
11111111111110100101000011001000
00000000000001111000000100001111
11111111111010010001001010111110
11111111110010011100010110110001
11111111110001011100111101100010
11111111110111101111001001010001
00000000000110010111111001001000
11111111110111011010010000010011
00000000000011010101000011110001
11111111111101111111101001100011
00000000000011010111111011010010
11111111110011000101010101110000
11111111110101110000111010001100
11111111111001110100001011010111
00000000000100001111011000110111
00000000000000110101010011101110
11111111111010000101001000001010
11111111110100011001001010110110
00000000000100010001011010011111
00000000001100000110010110000010
00000000000011111010111010001001
11111111111010110000011111110001
11111111110001000101110011000001
00000000000000010011111111000000
00000000001000011001111111010110
00000000000100010001111011101000
11111111111001100011011010011100
11111111110110011110100111011010
11111111111001000011101101010011
11111111111110110001011111101000
00000000000010001110011011111010
11111111111000110111100110110011
11111111111001100001011001100111
00000000000100000000111100001111
00000000000101011101011000011110
00000000000000001111100111110000
11111111111110101110000011100010
11111111111101111111101001000010
00000000000100000111110100110011
11111111111011110101100001010110
00000000000001010000110101010011
00000000000010001011010010111001
00000000001001111110111101110100
00000000000000101111111110000101
11111111111011111001100000010100
00000000000101010010010010100011
11111111111101111100100110000011
00000000000010001100100001110010
11111111110100001011011110101100
11111111111101000001110101110111
00000000000100001010101000011100
11111111111100101111101100101011
11111111110101001010110100100000
11111111111010010011110010000110
11111111111101010000101100101010
11111111111111010111101101100100
00000000000100100110101011000000
00000000000010011111000000101110
00000000000000010101000011111011
11111111111111011110111110011101
11111111111101100101101111010010
11111111111111110011100111111010
00000000000000001110011001010110
11111111111111111100100011010011
00000000000110011001000000011100
00000000000000110010010110110111
11111111111111010111110100011010
11111111111101110001001110010011
00000000000011100001111010110110
00000000001100011000111000001100
00000000001001111011101101101001
11111111111111101000011111000010
00000000000000011100101100101100
00000000000000100010000101001000
00000000001001000110101011100000
00000000000110011111100110010010
00000000001010100111111000110101
00000000000000000100010000111101
11111111110100000111000010000100
11111111111000111000010101101000
11111111111001110010011101011000
00000000000001011010101010000010
00000000000111111101110111011010
00000000000101100010000000100101
00000000000100100011101000111011
00000000000101001010011101001011
00000000001011000010101000011100
00000000000011100000010110100011
00000000000101000101001101001111
00000000000000100111000000000110
00000000000100010011001010000001
00000000000101110111010000100100
00000000000111110001000111110101
00000000000011100111111010111000
00000000000101101101001010001101
00000000000010001100001011010101
11111111110110001110111111011001
11111111111011110100111001011100
00000000000000111011000111110010
00000000000000100100010001011000
00000000000010000000011000111001
11111111111101010111110001011011
00000000000000101100000000111100
11111111111110110000001100111101
11111111111101011010010110111000
00000000000100010011001110111010
11111111111010000000000100001100
11111111111110001101000011001000
00000000000001110101010110001111
11111111111111100110100010000001
11111111111110110110001111010110
11111111111000011010011111110100
11111111111100111111011010011101
11111111111111011001100100111010
11111111111111100110010011110001
00000000000100001010111010101110
00000000000011111011000111001000
00000000000111011000011100101001
00000000000000011110000011010110
11111111111111011001111010111100
00000000000010011111100100000000
11111111111101011101111011011111
00000000000101111110010110100000
11111111111111101000100101111011
00000000000101010110100001001010
00000000000101110101110110101101
11111111111010111111100010101111
11111111111011011011100010000001
11111111111010001100010000011011
11111111111000011000101100100101
11111111111100101001000000111000
