11111111111110001011100000000000
00000000000000111011110001100000
11111111111101011010101100100100
11111111111111111010111101001111
00000000000000111011101101001100
00000000000000110000110011010011
00000000000001110101011000001111
00000000000001010000101011100111
11111111111101101100010001100000
11111111111111101100010010111101
11111111111111000000000011101100
11111111111100000011100011010001
00000000000010001001010111110101
00000000000001011100010001000001
11111111111100101110110110110010
11111111111100111100000010111110
11111111111110011110100110001011
11111111111100101011111001000010
11111111111101111100111110101111
00000000000001000111100110101001
11111111111101010011011110011111
00000000000001111100010111101000
11111111111100111111000011110001
11111111111110010011110001100111
11111111111100010100000010000101
11111111111110110000101111010101
11111111111111011000101110011001
11111111111101111110010100000011
00000000000000011111100001100000
11111111111101110111000011000010
11111111111110000101011101101111
11111111111101111011001010110000
00000000000000010101101010011100
11111111111101001000010001111000
11111111111100110111100010111100
11111111111111001010100100001111
00000000000001001000110011010001
00000000000000110010111000011100
11111111111101001000001010001001
11111111111101010111011001111010
11111111111101001101010011111111
11111111111111001101110101111100
11111111111100010001100010101001
11111111111101111111101110001100
11111111111101111011010000010001
11111111111111010010111111101001
11111111111101011101010110111110
00000000000001011001111111101011
11111111111111000110110000010111
11111111111100000111110001101010
11111111111100000010110101001101
11111111111111000000000111111111
00000000000001111111100110101000
11111111111100010111011011001011
11111111111101100100110001100001
11111111111110111111101110010000
11111111111100110100010011101001
11111111111101101101011111010011
11111111111100000000101000001011
11111111111100110111001101000011
11111111111101010110000100010011
11111111111101101001000111001011
00000000000000010000110100010000
11111111111110110000100100011100
00000000000001011111001101101101
00000000000000010001111101001111
00000000000001011000111111101000
00000000000001111101111011111000
00000000000001111101010101101110
11111111111111001011111011111011
11111111111110111011011101001100
00000000000000001111011100111000
11111111111110011100100010011110
11111111111100100001111010000101
11111111111111011001101010100001
11111111111110001000111001011011
11111111111101001001100001000001
00000000000000100100010100101101
00000000000001101000010110000011
11111111111110111001001101010101
11111111111100100000100100011111
11111111111110110010100110100011
11111111111111001000110100111001
11111111111100010010110011011001
00000000000000010101111111110001
00000000000001010011010110110111
11111111111110001011011110000100
00000000000000000000111001010010
11111111111100101110101001011110
11111111111111001011101110100001
11111111111111111011011100010011
00000000000010001010100111100001
11111111111110001010000011111100
00000000000001100010110111001001
00000000000001101011000100110111
11111111111111011010000100000110
00000000000000011001011101110010
00000000000000010000010011110010
00000000000001110011111110101001
11111111111100001111000010110100
11111111111101011011100000011000
11111111111110011000010110101001
00000000000000110011110001000011
00000000000001000011111111000100
11111111111100001011001100001011
00000000000001101011111001001101
11111111111101101101101000010011
11111111111100101100101111000101
00000000000001101000100110100011
11111111111101110011101000111111
11111111111101001101111111010110
11111111111110111000111111000000
11111111111111001011010000110111
11111111111110011101110111101110
11111111111101110011000001001011
11111111111111000011000101010100
11111111111101000010001011010000
11111111111100011011000110100010
11111111111110100011111100110101
11111111111101101101110000001101
11111111111111100110001011001101
00000000000010000111100010100110
11111111111101101110100100110110
11111111111100100111111011100011
11111111111111001010100100001100
00000000000010001100101101001000
11111111111100101100100111001101
00000000000010110100010000101000
00000000000001010101011000000010
11111111111111010001111110010011
11111111111111000001001101101000
11111111111111001010000000000011
11111111111101010011011011101110
00000000000001101001001101110010
11111111111110110001011001101000
00000000000000011111000100011100
00000000000001000011111011000000
00000000000001000110101011101101
00000000000000101011011101001011
11111111111111001001010101101111
11111111111111001010011111100000
11111111111110000000110101001111
00000000000001010100101100100010
00000000000000101000011011011100
11111111111110000011010000111100
11111111111110000000110011111010
00000000000011000011011111110100
11111111111111001111101100101011
00000000000010000101101011101001
11111111111100111110011111000110
00000000000010010000000001101011
11111111111110001001100010010111
00000000000000111101001011010010
00000000000011100100110001101001
00000000000011011110010110111110
00000000000000110101110110101010
11111111111101000100001111010111
00000000000001111011100110101100
11111111111111000001111001101000
00000000000000101011110011110010
11111111111110100100000110010010
11111111111110001000011101101111
11111111111110010000010011011000
11111111111111101000101000111110
11111111111111001000101000000010
11111111111111111101010011100000
00000000000011110111011000111111
11111111111111001101001100100011
11111111111100000110001011010001
00000000000010010111001101000100
11111111111100101101001001011001
11111111111100001100101110011000
00000000000000100011000100001100
00000000000001011010110101001011
11111111111111000011110101100011
00000000000001001101011001011110
11111111111110010001000000110100
11111111111110111101100000011101
11111111111101101100110110000011
00000000000001000111111111101100
00000000000001000111111001011001
00000000000001011110010100100100
11111111111101111001110011000011
11111111111111001101100101010000
11111111111110100100110000101101
00000000000000110001001101111101
11111111111101000011000011010100
11111111111110101111000000100100
11111111111100100011100111100001
11111111111100000001001101110000
11111111111110000111000001000000
11111111111111010011010010100010
11111111111110011110000100110000
11111111111111001101101001011101
11111111111110001011110110001000
11111111111111001111110011100101
00000000000001000101001000101011
11111111111110110000011111000101
11111111111110011110100111001101
11111111111100100101001011000101
00000000000001100010000011011100
11111111111111000101010001101000
00000000000000001011000110000110
00000000000010011010001100000011
00000000000010000101010011000101
11111111111101101101100010001010
00000000000000111000011110100100
00000000000000110100111110110010
00000000000000000101101000001100
00000000000001001010000011110011
11111111111101101100100100010010
11111111111101110101100100000010
00000000000010001110011101001111
00000000000000011001111110100000
00000000000010001110110100010001
11111111111100111011000010011111
11111111111111000010100110010000
00000000000000010100100110011000
11111111111110000000001001101100
11111111111111110010000000011101
11111111111101100100011100111001
11111111111110000110001111100111
00000000000000001001111110101100
11111111111111011001110010101011
11111111111111101011101110101001
00000000000001100000010111011101
11111111111101010111011110010011
11111111111111000010000110110000
00000000000001100000000010010111
11111111111100001000010111001011
00000000000000111100100001000001
11111111111101110111010011101011
11111111111100100001101000000001
11111111111110010001100101011010
11111111111100110111010001000111
00000000000001011010110110111100
00000000000001000111010101000100
11111111111111100101100111111001
00000000000000001001011001011000
11111111111101110100000011111000
00000000000010000101011001110000
11111111111110011011011101100011
00000000000001000100000011010101
11111111111100011110000111011111
00000000000000011000001011101011
00000000000001001001010001111001
11111111111111111011100110110001
11111111111110111111011011010100
11111111111100100011011101000011
00000000000001010100100001110010
11111111111110111011010100011011
00000000000000001101010101110000
00000000000001001100010101111011
11111111111111111010011110111100
11111111111110111100110000100001
11111111111101001001001001000111
00000000000010000010011010000100
11111111111110111110100011111111
00000000000010000010010010001000
11111111111100111100001010101010
11111111111111010010001101101110
11111111111110100000101011011000
00000000000001000000101001000010
11111111111110001010000010110111
11111111111101110101001110110110
11111111111101000110011110001101
11111111111100000000001100101010
00000000000010010011101000111111
11111111111100101001100100011111
11111111111110011011110000101011
11111111111111011100001110001111
11111111111111011110011101011000
11111111111100101010110011101101
11111111111100000001011101010010
11111111111111111111101111101101
11111111111111101000010110101101
11111111111110000001001001111111
11111111111101001100101001000111
00000000000100000000110111101110
11111111111111001110100011011000
00000000000000000000110110110010
00000000000000110000011100111010
00000000000000100001011111000011
11111111111110001001011000100011
11111111111110101101010000010011
00000000000010000110101010100010
00000000000001001001101111100000
00000000000001101011101101110001
00000000000000001001011010110110
11111111111100110000001111101110
00000000000001001100001100110001
11111111111101011001110011010110
11111111111111011001111011001100
00000000000000110011010101001001
11111111111110010101010100000011
11111111111100101001010001000010
11111111111100111010011000110001
00000000000010000000011101101011
00000000000000011101110111101011
00000000000001000011100100011010
11111111111100111100010001011010
11111111111100101001111000110011
11111111111101111000111010111101
11111111111111011100010001001000
00000000000001000100111101001000
00000000000000011101010001010001
11111111111100011100010001011011
11111111111110101100011110010000
11111111111111100111011011010111
11111111111101101101111100010101
11111111111100111001011100001000
00000000000000011101101111100001
00000000000010000100001101111010
00000000000000000011000100100111
00000000000001110111111000100100
11111111111111100011011100000100
00000000000000101110111100110111
00000000000000111010101100111011
11111111111110101111110000110111
00000000000000101010011001101101
00000000000001101010000100001100
11111111111101001011001001101111
00000000000000010011110111101011
00000000000001111010111111001000
00000000000001101001010110110100
11111111111100110111001000001101
00000000000001100110000110100010
11111111111110001101010000101100
00000000000000011010001001100101
00000000000001010000101001110101
11111111111101101111000100011111
00000000000000101011001111111100
11111111111111000110111101111000
11111111111101001110000101100011
00000000000000000110101010010101
11111111111100101111010101001101
11111111111110110111000000101010
11111111111101010100101001011101
11111111111111100111100001001111
11111111111100010011110001111100
00000000000000110010011001000000
11111111111101010100011110101011
11111111111111011011011111000011
11111111111101001101100001111011
11111111111101000110110000011100
11111111111100011110011101011000
11111111111100111110110100101110
00000000000001000110010001010110
00000000000001110011011100111001
11111111111101100001110100111010
00000000000000110100101101110111
11111111111111010100010111010110
00000000000001000100011110101001
11111111111111010011110001110111
00000000000001111010111010001010
00000000000001000011001011101111
00000000000000100110001100111100
00000000000000100111101000011100
11111111111111110100101111100100
11111111111111001110111111111110
11111111111111010100010001001100
00000000000000001110111111101001
00000000000001001110101010011111
11111111111100100111011100110011
11111111111101100100010000100011
11111111111100011111110110000101
00000000000000000101101101100010
11111111111101111110111000011000
11111111111111110011101010111000
00000000000001100011000110111010
11111111111111111000100011011100
11111111111100110110101110011001
11111111111110011101100000001010
00000000000001111111110110110100
11111111111100010110111000100000
11111111111100011100000010111101
00000000000001100010000011001000
11111111111101000011001000000001
00000000000000110010011101010000
11111111111110011001010110010001
11111111111100010001111110110011
11111111111110111100111000011101
11111111111110011101000011110010
00000000000001000100011001110101
00000000000000110100101000010110
11111111111110001001011010010101
11111111111110010011100001010111
11111111111111101110011100111001
00000000000011000000100111111101
11111111111101110101001110010010
11111111111111111010110110010110
11111111111101111100101101110000
11111111111111101010101000101001
11111111111111001010001001011100
00000000000000001101010111011000
00000000000001011101101100110111
00000000000010011000001101101000
11111111111101110111111010010100
00000000000011011010101011010010
11111111111101001011101000001010
