11111111110011101010010100100101
11111111111011111101101011111101
00000000000001100010001011010011
00000000001110001101100110111010
11111111110111001011001111101111
11111111111110101111010001010011
00000000000001000100110000011101
00000000000000101100111010001100
11111111111111110111010110001001
11111111111011001100111000000111
00000000000010101011100111101000
00000000000110111110100000001110
00000000001000111100101110101010
00000000000101011011100001111100
00000000000011100101000100011110
00000000000111111111101011000110
00000000001010101001110100101000
00000000000010010011001000010101
00000000000010100000110111111011
00000000000011011101011111000101
00000000000110111100110000000101
00000000001010001000101010101011
11111111111101100100011100111110
11111111111111000110111100010100
11111111110111101110101010010000
11111111110111110100000011010100
11111111110000111011010000011110
11111111111011101001110011100001
11111111111110000011011100100001
00000000000000001110100011010110
11111111111011000001010010000111
11111111111110011010110001011001
11111111111001101111101010000010
00000000000001110100110111111111
11111111111110000111001111111001
11111111111101001111110010001011
11111111110111110011001001101010
00000000000010011010111011001001
11111111111101000111001000011011
11111111111011110000110101111100
11111111111100001111000010100111
11111111110010110001010110110000
00000000000011011110000100001010
11111111111110111001101011101001
11111111111101010000000101110100
11111111111110111011000111010100
00000000000001101110100100100001
00000000000100010001111110101000
00000000000000010001001011011000
00000000000001010111011011100110
00000000000100000111000100010111
11111111111110111010111110011101
00000000000010110010101000101001
11111111111110110101100111011101
11111111111100010010110110100100
00000000000000011101001110100000
11111111111110011111010111010010
00000000000100110100011000011000
00000000001000111101111101110100
00000000000001110110101001001111
11111111111011011010110011101100
00000000000000001011111011000101
00000000001001001111000111011000
00000000000011111010010000010100
11111111111111111110011011110010
11111111111100011101101000110000
11111111110100010100011011100011
00000000000000001111001101010100
00000000000001111011011100000010
11111111111001110111100011100101
11111111111010001111100011101011
11111111110111101100111110000111
11111111111000111101000101011110
11111111111010111100101110000110
11111111111101000111101101001010
00000000000110001010111100000001
00000000000101001000011110100011
00000000000010000111111001110110
00000000000000101110011110110010
00000000000010010101001010010000
00000000000001000101110010111001
00000000000011101010100101111110
00000000000001111110000100100010
00000000000001011010100110001110
00000000000011100111000001010010
11111111111010001011001101011001
00000000000101111000001000100101
00000000001000000000100101101011
00000000000001001101100100001010
00000000000011111101001011101000
11111111111011101011110110111110
11111111111000111011011011110011
11111111111100010101110111010011
00000000000011000010000010100000
11111111111001001001110011001011
00000000000001001101100110100011
11111111111011010010001011000111
11111111111100111011100101010111
11111111111010101111011110001110
11111111111011101000111111101011
11111111111000011011000001010101
11111111111100001000100110010111
11111111111100010111101100111000
11111111111011011101101101110000
11111111111100101100100001100100
11111111111010010101111010000011
00000000000111010010110110001000
00000000000000010101001101001111
00000000000001110100010101101001
11111111111110110100101001001010
11111111110001110111110100100111
11111111111010000000111101110000
11111111111011110101110010110011
11111111111100000100100111100000
00000000001011001101000101101001
11111111111001110100111100110000
00000000000100111000001010111100
11111111111101100011011001100100
00000000000100111101000100001101
11111111111111011011100000010111
00000000001001001001010000010101
00000000001001110001001110011010
00000000000001110111011010011001
00000000000110001001110100001101
00000000000010111111001100001111
00000000001001101110111111010011
00000000000110100000000100011000
00000000001010011111010101111001
00000000001001111001001010001110
00000000000111101001111111010111
00000000000010110010011011001101
11111111111111000101010010100110
11111111111110011111110101010011
11111111111100000111111010010101
00000000000100011101001101111010
00000000000111001100000100001101
00000000000010111101100001001010
00000000001001001011000101100000
00000000000001101000010100101010
00000000000110011011110010111001
00000000000110000010100001010100
00000000000110000001001111011011
00000000000011001100000011011010
00000000000110111100011100101111
11111111111000000101111100001000
11111111111011000010011100100001
11111111111100111011100111000101
11111111111111011111111111010001
11111111111011101101110111010101
11111111111000111001101000111110
00000000000100010101110010011000
00000000000000101111101000001000
11111111111011100000011010001010
11111111111101110011101110111011
00000000000001110110011100111011
00000000000011101101000011101010
00000000000001100001001101100101
11111111111100000111000100111100
11111111111001010010010001010011
00000000000000101011011001100111
00000000000001110111111110101111
00000000000101000011000011111000
00000000000101000100110001011101
11111111111011110001001111010101
11111111110101101000101000010111
11111111111111010010101110000010
00000000000100001111010000010110
11111111111111111000110000000010
00000000000011000010111110001010
11111111110100011000000110111110
00000000001100000111001000011101
00000000000110100111111101010111
00000000000010001000000000101111
11111111111011101000111000001000
11111111101011001101010011110001
11111111111110011100001000110000
11111111110101101010110011010010
11111111111011111001010111010011
11111111111110100010100111001100
11111111110011110010011110100111
11111111111111100101010000000110
11111111111101000001011001010001
00000000000010010000010111001000
00000000000001010100000001000011
00000000000000001010000110010110
00000000000000001010101110111010
00000000000001101110000010110000
00000000000110010110011000100101
00000000000101011110001010101101
00000000001101101011101100001101
00000000000100000100001101011101
00000000000011011000101110110000
11111111111111111001011110100000
00000000001001000111000010000100
00000000000000010011111111001100
00000000000000111101000000011111
00000000000011010111010101110110
11111111110111011110011100001000
00000000000011010001111000000001
11111111111000011110011100101101
11111111111001111111010011011000
11111111111001000100101001010010
11111111110111101101011001101111
11111111111011111000011110100110
11111111111010100101111111101000
11111111111100101111100001100100
11111111111111111011110111100011
11111111111001011111111111100001
11111111111101101111101010010101
11111111110010000110000110101111
11111111111100011010011100010111
00000000000010110111100100011100
11111111111110100101111011011001
11111111111000100011110001001010
11111111110011101111001111000101
11111111111000000011000011110101
11111111111100110100100001010100
11111111111010110000010101001010
11111111111011100111111000101110
00000000000011111110110110010010
11111111110111101001010001000100
00000000000000001011001101110110
00000000000101010001011000000111
00000000001001101111111001001110
00000000000000100110011111100100
11111111111111001100101000100000
11111111111100000001110010110100
11111111111111101111001101001010
11111111111111111001100101010000
00000000000100000001111110010111
00000000000010111110011000111101
11111111111101110000001110001110
11111111111101110001101110000100
11111111111010010101100011111000
11111111111110010010010000001110
00000000000100011011111101000000
00000000000010110000011110000001
00000000000011101101100011010000
00000000000011001001101011000100
11111111111110011010110110100111
11111111111111101001111110000110
00000000000110001111111001000011
00000000000110101101001100111011
00000000000110000000011110001011
00000000001001000000110100100010
00000000000101100000110110110101
00000000001110110000001000101101
00000000000100111101101001000111
00000000000011110100001101110111
11111111110101011000100110001111
00000000000111001110110000100111
11111111111110011001110000011000
11111111111110000000100101111010
11111111111101001101010100110000
00000000000100100100001010010100
11111111111010011001111011011100
11111111111000111101110110001011
11111111111101010011001110000101
11111111111110110010100110011010
11111111110010001110001111101011
11111111110100100010000000100110
11111111111000101111111010100011
11111111111101100001001001100011
00000000000001101111110001011010
11111111111110000011000100011001
11111111110010111110010001001000
11111111110010001010011001110101
11111111111000110011001000100111
11111111110110000110110001111010
00000000000001010110110000000000
11111111111111010000011101000011
11111111111101101100101000110010
00000000000101010001100000110100
11111111111110101100110000001000
11111111111110010001011111000010
00000000000010011111001111110111
11111111111100010101111011100100
00000000000011100001100000101010
11111111111010011001000111111010
00000000000110001000100001000101
11111111111011100000111001001010
11111111111011010100100001001100
00000000000110111100011010111001
00000000001010100010101101010010
00000000000011110101000110001000
11111111110110111101101010010010
11111111111111100011001111110000
00000000000011110111101100010011
00000000001001010011001000111100
00000000000010101011011011000010
11111111111001011001111111110001
11111111110110110101110100110110
00000000000101100100011010101111
00000000000000100110000001101011
00000000000000011010000101011101
11111111110110101101000010000100
00000000000010111110001101100011
00000000000010100011001011111000
00000000001000111100010001111101
00000000000011111001101010110110
11111111111111111101010101110101
00000000000010010000110110001011
11111111111010000010101001111001
00000000000000010110001001110110
11111111111111101100000010011110
00000000000011100011000001111001
11111111110101111011110000000101
00000000000001110000001100010001
00000000000101110111111011110101
00000000000100100010000001011001
00000000001011000110110001110111
00000000000110001001001011100000
00000000000101101001110010110111
11111111111011110001010010010000
00000000000110111110111010001111
00000000000100100111111001011111
00000000000010011111010101100000
00000000001010000000111011011100
00000000000010101110110101010111
00000000000100110111100000010000
00000000000011011011101010011010
11111111111011001100011000000010
00000000000001011010011001001111
11111111111110000100000111010110
11111111111011010011001010110110
00000000001000110111100010111010
00000000000000011000101011111110
11111111111110000010111000011111
00000000000000111111110100001101
00000000000110010011000010001111
00000000000000010111111100101111
00000000000001110011101001001010
00000000000011111010011011110101
00000000001000101111110001010101
00000000000100011101100100101111
11111111110010110000101110111010
11111111110100101001010011010001
00000000000001011000011110110000
00000000000111100000001100100100
11111111111111000000100011010101
11111111110010111101111100010000
11111111111110110010101011010000
11111111111111110010010000101110
11111111111100000100000001111100
11111111111010001000001110011000
11111111111111111110111001010010
00000000000001000011011010011100
00000000000110010110101001001100
11111111111101011101100101110100
00000000000011000000010001110101
11111111111101101010010010101101
11111111111011110110010010011101
11111111111110110111010000001111
00000000000100110110110101000011
00000000000100101000100111000001
11111111110100001110101110111011
11111111110110011011110000100011
00000000000010001101000101100111
00000000001001001111100000001011
00000000000010111101100101111000
11111111110110001001101100010101
11111111110100011101100000110001
00000000000001100111011000011111
11111111111101101111100101111010
11111111111011111110111110010011
11111111101001110111000010100001
11111111101011000001011100100010
11111111111011100101011011100110
11111111111111100011110110001011
11111111111111011010110011011111
11111111110000101001010100110111
11111111110111000111110000011101
00000000000100111001101110011110
00000000000000111101010111110110
00000000000011011001111111110111
00000000000011011011011101000010
00000000000111010001010100101001
00000000000000100001011100011111
00000000000001101111110110000010
11111111111110011111111111001111
11111111111111000111001101111110
11111111111100011001011110110001
00000000000100010101001110110100
00000000000100110001000101011011
11111111111100110100110101111011
00000000000001011100011111000001
00000000000000110111100110000111
00000000000011011110000001100001
11111111111100010101011111001011
00000000000000101111100001110111
00000000000100010111111001001001
00000000000101011110101111000100
00000000000010000010000011010100
00000000000010000011111011010101
11111111111100010010101001011110
00000000000000011111111010001100
11111111111101111001101101011110
11111111111100000000111100001101
00000000000001101000100100010111
11111111111001100000110011001000
