11111111110011011010101011111000
11111111110100000110011111100011
00000000001011001011111011101011
11111111111101000110000101001010
11111111111100100101000110101101
11111111111001000000010100001110
11111111111110111010010001110001
11111111111011000011101000111010
11111111111111001000100010110110
00000000000111000001111000010000
11111111110101110111110101011011
00000000000001101011011110100001
00000000000010111010011101111011
00000000000001100101011111001101
00000000001001110001100000110001
11111111111110111001101001010001
00000000000110001101001000000110
00000000000101100010101011111101
00000000000000011111010010101110
11111111111100110110001011001111
00000000000010110001011001010110
00000000001001101111101100010011
00000000000101111001000010110101
11111111111011011011111110000011
11111111111101110011010000011011
11111111111111100110100001011000
11111111111010110111110010110110
11111111111000110110101101100111
11111111110110111101100011101101
11111111111111010101010111001100
11111111111100111101010010100100
11111111111110111110010001010101
00000000000100000011001000101010
11111111111011111110010111011011
11111111111101001110110110000000
11111111110101100110100000010110
11111111110111110111111100101110
11111111111110100111111010001101
11111111111110100011110011011001
00000000000000101111010111000000
11111111111101100001000111010111
11111111111101011011000101010000
00000000000100000010010111101001
00000000000100101001110011010010
11111111111111100100110101001011
00000000000001100010001001001010
11111111111100010101010001100011
00000000001001111010110100010001
00000000000011000000110001011110
11111111111011100110111001100010
11111111111100101010001000101101
11111111111100000001100111010010
00000000000001000000010001101011
11111111110110100100010111101011
11111111111001000011000111101001
00000000001000010000000010000111
00000000000000011011001001000001
00000000000010001111101111000010
00000000000001010100111111101011
11111111111101100110100100001110
00000000000000001101111101011110
11111111111101011111100111100000
11111111111110110110011010001111
11111111111101100111001100011101
11111111111011111001010011011101
00000000000010010100011101011100
00000000000000110111111000111100
11111111111110100000010110111100
11111111111101010110010000011011
00000000000000010101001110100010
00000000000001110010110100010101
00000000000100000011100101010100
00000000000001110010110011000111
11111111111110010000101110110101
11111111111100100010011100110101
11111111111100001111001011111101
11111111111110000101010101001101
11111111111110110000010001001111
00000000000001101001000100100111
00000000000101010100011010111111
11111111111110111000000101010110
00000000000001101001100100000010
00000000000010000110110010010101
00000000000110101111000110100011
00000000000001011100101010100110
11111111111111111110111100000011
00000000000001101010000011110101
00000000000000111101000011011111
11111111111101001001010110000010
11111111110111111011000110001111
11111111111100010101110001011100
00000000000001111110010101110010
00000000000011011100000000111110
00000000000001010110010110010110
11111111111001111011011011000001
00000000000010000010101010010000
00000000000010000000010111010111
11111111111100110001000001111011
11111111111101010111001010111111
11111111111100011000100101001101
11111111110101010000111111000110
11111111111101110100110101101111
11111111111111011010110111001110
11111111111111101100110000101101
11111111111011100000001010010001
11111111111010011110101110100001
11111111111111111110111111100100
11111111111100011111101011000100
11111111111111110001011011110101
00000000000010100100100100100100
00000000000001010011111111000101
00000000000001000101101110111111
00000000001001001000000010111101
00000000000001110011111011111101
11111111111110111101110111011000
11111111111111000111011000100101
00000000001000001011101000101111
00000000000000000100100011010101
11111111111111010011101111010101
00000000000000111110100000001110
00000000001001100101011010000010
00000000001100100000101111111100
11111111111111111001001011011100
00000000000001110100010010000011
11111111111101111111001111001110
00000000000001011111110011010010
00000000000010100100010010100001
00000000000001011101000111011100
11111111111100000000000100000101
11111111111101101001000111011101
00000000000010001011010001111101
11111111111110010100010001001110
11111111111110100001010101001111
11111111111110101000100000101110
00000000000101011010010001101010
11111111111111101100010100001101
00000000000110010000100101101010
00000000000111110111110110001010
00000000000010011100011000111001
00000000000011100101010110001011
11111111111011110110010101100011
11111111111101110111110111011001
00000000000010001110001010010111
00000000000001100110000100010000
00000000000010101110000111110000
11111111111101111010100011011001
00000000000011110001110001110100
00000000000011110011101010000000
00000000000011111000010011001001
11111111111111110110100000011100
00000000000011100110000010110110
00000000000000110001110100100110
00000000000101011000101100110011
00000000000101010111111010010100
11111111111111101011010111001001
00000000000000011000011001111011
00000000000010001000100010100000
00000000000010111000101010110000
00000000000000110100101110110001
11111111111010011111101001100000
00000000000010111111000010010111
00000000000010110001000110111000
00000000000000101110101010011100
00000000000000001101000001101010
11111111101101101111110000110000
11111111111111110001100101111000
00000000000101001001101000011011
00000000000011100000110011110010
11111111111011101011110100110111
11111111110011110100011100101011
00000000000100000110111011100011
00000000000111001000011100101010
00000000000011000010110011000011
00000000000100001001111011111110
00000000000100101011011001011000
11111111111111100110100111011100
00000000001000001111100110000100
11111111111110000101011110000011
11111111111110001010011101011101
11111111111110011010001110000011
00000000000100001101011100101011
11111111111111001000001111000000
00000000000010110111001111111010
00000000001010011100011111010000
00000000001000010010001000010010
11111111111101111100110011001011
00000000000010001101111010011110
00000000000011101100110001111110
00000000001010110100000001000100
00000000001110101000011011111101
00000000000011111111110100010001
00000000000011011111000011010010
11111111111001111011000010001101
11111111110011101101001101011010
00000000000101011101001011000001
00000000000011100010000000010111
00000000000110011101010000110100
11111111111011100110111010000110
00000000001001011111100100000111
00000000000100001101101010011101
11111111111110100000101010100101
11111111111010011110001100001010
11111111111100111101001010001000
11111111100010100001101011000110
11111111011001010000100001001101
00000000000000001000001100000001
00000000000110011110110010100101
11111111111001001010100011011000
11111111101001101001011011111000
11111111110111010101110110000100
00000000000010100000101111101111
00000000000010001110010000110101
11111111111011101111110000010101
11111111111011011001110111010111
00000000001110111111011100100010
00000000000001100001000100001100
11111111111000011110111100100101
11111111111111111111000100010101
11111111111011101111111010111101
00000000001010110110011001101000
00000000000101101011110110100011
11111111111000001111110001101111
11111111110110010111101110111001
11111111101110110111110000111000
00000000000001010111011000001000
11111111111111110001010110100101
11111111111101101011111011111000
00000000001000110001110110000011
00000000000101000000101100001100
00000000000000001101101010001010
00000000000010000010011000111101
00000000000010011101010100001101
11111111111010111101011000011100
00000000000100000000110101100010
00000000000000001110011011100111
00000000000111111101110100110011
00000000000100000000010110101100
00000000000001000010011010001011
00000000000010001101110111010111
00000000000000010111110101010000
00000000000001100011110101111111
11111111111100010101011001011110
00000000000010110010111011111011
00000000000000100111011101001010
11111111110010010011001011001011
11111111111100011111001001100100
00000000000001001000111110101110
00000000000110100011001100111010
00000000000100110111001011110011
11111111111100011010101100010010
00000000000101110101111001101111
11111111111101110111000011100001
11111111111111000111010101010100
11111111111101000000100000000010
11111111110011011100111010000001
00000000000000011010011101011111
11111111111111000011001011001100
00000000000111110000001110001000
11111111111000010000011001101010
11111111110100110110101111001010
00000000000010001110000001100111
00000000000011111001010010100100
00000000000100010101010000111111
11111111111010110101001001010011
00000000000110101111100011110001
00000000001000001000001110111110
11111111111010110101101010100111
11111111111110111101111101000010
00000000000010100101110100100000
00000000000100010100111100100100
00000000001000010110001000011010
00000000000001110001100001110010
00000000001000000010001000010000
00000000000000010111111010101111
00000000001100010101011011011101
00000000001000101111000101010100
00000000001000001110000011001110
11111111111011001001101110111110
11111111110111011011010101110100
00000000000010000001110111010001
11111111111111000010001101100001
11111111111100100011110011101001
11111111111011101010011010010000
00000000000001010001111101001000
00000000000010010001100010101011
11111111111001100001011100111110
11111111111110001110010110100111
00000000000010101110100101010100
00000000000011010111111001011011
00000000000111010101101110000001
11111111110010100100001100010011
00000000000001010010101001111111
00000000001011001101011000100000
00000000000000111110000000110110
00000000000110101000111110110011
11111111111111010011111001010011
00000000001100011001100111010100
00000000000011011010010011000111
00000000000000110000010110000110
11111111111101010010101110000110
11111111101010001110111001001001
11111111111110001000010101110000
00000000000001000111101011100100
00000000000010110011111110111110
00000000000100000011100000010100
11111111110110110100111010101111
00000000000011111000001010110110
00000000001111000010101101001100
00000000000111011110101010001010
11111111111111111100111111000000
11111111111110101111000111001010
00000000000001110111011100101100
11111111111110010110110101010011
00000000000000001100001101001001
00000000000000000111001101010011
00000000000001011100101001010101
00000000000001111110100010000001
11111111111000010111110101010001
11111111110100111010001001010011
11111111111011111111100110100101
00000000001010001111000111001110
11111111111111101111010110100110
00000000000000000100001011010101
11111111111010010011111011100101
11111111111101010011101011100101
00000000001000101110100001110001
00000000000011101000010110111011
00000000000000011110001011000100
00000000000011000011010111111010
11111111111010010000101111011101
11111111111100111111010110011111
11111111111001011000000101000100
11111111111101000010111001101011
00000000000110000111101100010011
11111111111000000011101110111101
11111111110110111010011001000000
11111111111101101000001011010100
00000000000111011101100001000000
11111111111011110010011110110101
00000000000010101000000000011101
11111111111000000010110000001101
11111111111111110011011111000110
00000000001011001101010110110101
00000000000010010010100011111110
11111111111101011000111010110000
11111111111101000101101011011001
00000000000001011001110101111000
00000000000101101011111111110011
00000000000001110011000101000001
00000000000001001111001111101101
11111111111100111010101011110101
11111111111011010111110000010111
11111111101111110000010000111011
11111111111001001111101110010000
11111111111000100100100001000001
00000000000100000100101101111010
11111111111001011000011010101011
00000000000010011100100101101001
00000000000000001000001001000000
11111111111100001101000100010110
11111111111111111000001011011010
11111111110010011111111100101000
11111111111100110100110100100001
11111111111011101100111001100111
11111111111110011100010001111110
11111111101111111011000111100010
11111111101111000111010000000010
11111111111111101110000011011100
00000000000010010101010000111100
11111111111100100111110011000101
11111111101010011000100010110000
11111111111011110000000101100110
00000000000111001001000001011001
00000000000101110110101000100000
11111111111010010110100111000100
11111111111100100101110001110001
00000000000111101000111111011100
00000000000001100000101101100001
00000000000010100100001011001110
00000000000100100101100100101000
11111111111101001101010111101011
00000000000100111111101011011011
00000000000100111000101000101001
11111111111111110100000001001101
00000000000001101011110011100110
00000000000011110001110100010001
11111111111100110111110110011110
11111111111100001001010000110110
11111111111111101000100000111100
11111111111100101001101010101111
00000000000000010101011111100010
11111111111101111110110111100111
11111111111001001110101100010000
11111111111011100001011000101110
11111111111000101001111110101111
00000000000010001110110000011000
00000000000001110000110110100000
00000000000000100000000000000000
11111111111111010101101011101110
11111111111110101110101001101111
