00000000000001010011010000110001
11111111111110000000011111011111
11111111110010010100010101000011
11111111111100000100101011010010
11111111110001101111111001100011
00000000001000100001001011110100
00000000000111101111011101000010
11111111111000010111001111011101
11111111110011000110101010111100
00000000000000110100101100101100
11111111110110000100001001001001
11111111111010100001000011000001
11111111111011111011011101000100
11111111111011010101011011111110
00000000000100111101010111000010
11111111111101110110111100110001
11111111111111110001101011101011
11111111111010010010000010000101
00000000000000011111100011011101
00000000000110101110100101100100
00000000000110010101000101011100
00000000001100000110111011101000
00000000000100001110101101101010
11111111111111100010111010111110
00000000000100100111010100000101
00000000000101101110001001111001
00000000000011011000011010010000
00000000000110111110011101111100
11111111111101010100001010000000
00000000001001001101010101000100
00000000000001000101011100110100
11111111111011000001000110100111
00000000001000101101000101110001
00000000000011110111010011001101
00000000001100000001000110010010
11111111111010000110111011010010
11111111111100011001011101011011
00000000001010011110010100001101
11111111111101000111000111101001
00000000000010011001110011000010
11111111111111011001100010000001
00000000001010011001100011101100
11111111111011111000000011110001
11111111111110110010110010000101
11111111111111010000110000101110
00000000000010110010001000001001
11111111110000110111111001011101
11111111110111000100011111001010
11111111111101001001011001101111
11111111111011101100111011000010
11111111110100100101100000101010
11111111111001110110111011101011
11111111111111011111011100010100
00000000000100100110000011111110
00000000001000101110011001000101
11111111111111111111011011000100
11111111111011110011100010101001
11111111111111100100001101001111
11111111111101010111001101111010
00000000000111010110110110111111
00000000001010101110000100010001
00000000000110110100010001011000
00000000000001100100001000000000
11111111111011000110111100110110
00000000000001011110111100111110
00000000000111000000011101010101
00000000000111111000011000001010
00000000000001011110011000111111
11111111111110100010001001011111
00000000000000000010100111011010
00000000000000100000011100101101
11111111111110011101000000110101
11111111111100100001000101110011
11111111111110101001101000100011
11111111111110001011101001100110
11111111111000111111101101110010
11111111110100111101110011000001
11111111110110100110011010000000
11111111111110011100011010000010
00000000000001100000110010010001
00000000000001001001011010000100
11111111111110010001010100001001
11111111111010001100101110111110
11111111111010100011101110111001
00000000000100110101100001100100
00000000001001010001001101110101
00000000000011001101111100110010
00000000000110100110110100110001
11111111111101110001100010010110
11111111111110110111000100010001
11111111111111100100100111110001
00000000000010110100100111000111
00000000000011110101111110001011
11111111111100100011001100110100
11111111111110110111010101111100
00000000000110110000011100101100
00000000000001101101111000110011
00000000000001011011110010001101
00000000000011011000110111110110
00000000000000010110000011000110
11111111111101100100100110001111
11111111111100010110000110101010
00000000000011000011011111011001
11111111111000001000000001101111
00000000000010100101101110100100
00000000000110100001111110001101
00000000000001101110110010010011
00000000001101001110000110110010
11111111111011001100010100011011
11111111110110001110101001011011
00000000000111110001000110000011
00000000000001001111100010101110
11111111111111111011111110000100
00000000000010000110101010011010
00000000000111010111110000111011
11111111111100000110110100101011
00000000000110101000100111010101
00000000000010011001000011111000
11111111111010101011001001011010
11111111111110111001010111100101
11111111111111000001010110110100
00000000000101000001110000110101
00000000000100010011100111000110
11111111111111101100001011111011
00000000000001110011100111011101
11111111110001010001100101111000
11111111110110001100111101111000
11111111111111111111010110001001
11111111110100000100111111011110
00000000000011111011101110010110
11111111111110000010001000011101
00000000000010110011011010011101
00000000000100110110101000001101
11111111111100101010001000010001
00000000001100100111111111000110
11111111110101010001100110001110
11111111110110000000001100110111
11111111111100101101011111001100
11111111111010111010111101001101
11111111111100100001010011001111
00000000000110000011100110010010
11111111111011101010010001001111
11111111111101101110101111001100
11111111111101111100010001001110
11111111111111011101110010111111
00000000000011101111111111100010
11111111111011100110000110010111
00000000000100110010110100101110
00000000000001010100100100110010
00000000000000101000110110011011
11111111111011000001100111000001
11111111110101011101100001110001
11111111111110110110000110100000
11111111111011110110111111110110
00000000000100011110010101011110
00000000000100110000001100010101
11111111111011101100000001010111
11111111101111010101010010001101
11111111101111001110100010001010
11111111111111001110101101111010
00000000000110101001000100110111
00000000000100010001101001000100
00000000000111111010110011111101
00000000000011100111100100010011
00000000000001110110000011000101
00000000000010000110101010100110
11111111111110011110110111110100
11111111111110010110101101101100
11111111111110001010111100011000
11111111111111100111001100111111
00000000001001010000100011000001
00000000000101011111010111011011
11111111111110000101100111011011
11111111110111011001111001101100
11111111111000010110010010001111
11111111111101100010011000001010
00000000001100010010000110010101
00000000001010001010000101000101
00000000000011011100001001011101
11111111111111010010100000001000
00000000001000110110100011110100
00000000000111100001011111011001
11111111111001001011001001000010
00000000000100110011001000010110
00000000000111110101011100010010
11111111110111100001100101011111
11111111110110001001100101010000
11111111111101010011110010100101
00000000000011100011100111101110
00000000000000110001000011110100
11111111111111101100111001100011
11111111111110100000010101101001
00000000000111011011110011000010
11111111111010101011000000110100
11111111110111011010011100001000
00000000000001010000010010011010
11111111111100001010001111110110
00000000001001111000110001110010
00000000000001001100011101101111
00000000000010011000100110001011
11111111111011000111010000110011
00000000000110110110111001011010
00000000001101100011001010010100
00000000010001111100100101100100
00000000000100011000010001110111
00000000000001101000110101011110
11111111111111110101110000101111
00000000000010000000111001111001
00000000000000110111010110011010
11111111111101101111101100001000
00000000000010001001110111111111
00000000000010010000100000010011
00000000000000100000000100100100
00000000001101100000101010000001
00000000000110000000101110011100
11111111111110110111001011000111
11111111111001100100000110000111
00000000000110011111100111001010
00000000000110001010001000100111
11111111111100110011011110101000
11111111111010011000100011110010
11111111111100001011110101101110
11111111111100100111111101110010
11111111111111101101111010111000
00000000010010011110010001000011
00000000000010101111110010100111
11111111111010010110100011000001
00000000000010110110111000010010
00000000000101111001001001101001
00000000000001110110101000010011
00000000000010100111100101011111
00000000000100000011101010000111
00000000000010000000011101010000
11111111110010100010111100011011
11111111111100101100111000001111
11111111111010100001011110101010
11111111111100010000011100111111
00000000000001101111101011001101
00000000001001100101100010000111
11111111111100010000101111011001
11111111111111110101111010001110
11111111111011100101110111100011
11111111111100100000000101011011
00000000000101011101101111110011
11111111111001111011101101110010
00000000000000011101110100001111
11111111111110010111000110000110
00000000000010100100001011000111
00000000000011010011000101001001
11111111110101111010111100110010
11111111111110110101110010100100
11111111111111010010111100110010
00000000000100001100111101010001
00000000001101110110110001110011
00000000001100011010111000011110
00000000000010001011001110011101
00000000001000000011101111010001
00000000000011000011111101001101
00000000000010100100110010100100
11111111111100001100100010101100
00000000001001100110101101000011
00000000001010000110100111110110
00000000000001010110101100001011
11111111111111000100000101001100
11111111111100010011001110111001
00000000000001011100011011010011
00000000000100100011100010100001
11111111111000111001111010010101
11111111111010100100111101111000
11111111110110111010111111111110
11111111111001110111101101000010
11111111110101100001101100010001
11111111111010010110010101001110
00000000000000111101010110110110
11111111111101000011111110011000
11111111110101100100011100000011
11111111111110101011111011101000
00000000000010011110011101011111
11111111111111001000110111010101
00000000000010101110011011011000
11111111110011110000001100000011
00000000000110111010011010101011
11111111111010000010011100001011
00000000000001001101100110110111
11111111111110001001101110100100
11111111110111010100111100110111
11111111111111110011100100010110
11111111111100000101010010001110
11111111111000011010001100001001
11111111110100010000110110100000
11111111111001111010001111100110
11111111111111110100001001000001
00000000000001110011000110000011
11111111111011100010101100011111
11111111111101110100010011011000
00000000000110000110101110010101
00000000001001110100110100010011
00000000000101101100111110010001
00000000000000101101101110101010
00000000000000111001101110001110
00000000000000010100111100101101
00000000000010011001000110100110
00000000000000001101101000101011
00000000000001011000001001010101
00000000000101100010010101001110
00000000000000110100101011110000
00000000000000101011011011111010
11111111111100000001010011010011
00000000001011110000101111010011
00000000000000011001011100101011
00000000000010110111101100111000
00000000001001000100010000010110
11111111111011100100100110011101
00000000000011001110001111110000
00000000000011100010011010110000
00000000000001100010000111101110
00000000000011110000110110100101
11111111111111011100110001011100
11111111111111000101101001011110
00000000000111011011000000100100
00000000000100000011000101111100
00000000000110111111111010111010
11111111111110101100101001001011
11111111111100001001010100010000
00000000000001111010001010110100
11111111111000000101110010101110
11111111111000100101000110100110
11111111111010110101101111011001
11111111111010110101110110101110
00000000001111000010110111100110
00000000000011100110100110111100
00000000000101010010111011100110
00000000000011010101101001000010
11111111110100101000010110011101
11111111110110000000001110110001
00000000001001111100101110100000
00000000000110110011011001001111
11111111110110010110001101011011
11111111110101110001011101100001
11111111111001100001010010000000
11111111111101101001101010010110
11111111111110101100100100000111
11111111111110101000001101010001
00000000000001001010001110010001
00000000000001111000010001010100
00000000000101101111110011111100
00000000000111010111010101001100
00000000000111001100001100011000
00000000000101100011100010111100
11111111111011110101100000001011
11111111111111001110001011000001
11111111111111111001000110011010
11111111110110011011110100101011
11111111111111010011111100000010
00000000001001001011000000111011
00000000001100100111111000111000
00000000000001100101110001001010
11111111111101001110111110100100
11111111111000001010011001001110
00000000000101111101101001101100
00000000001100010000100110111101
00000000000111001110001000101011
11111111111101100101100011110101
11111111110100010001000010101000
11111111111111010001010101111001
00000000001001101100101000001111
00000000000011100111111000110010
11111111110010001011110011010001
11111111111111111001101001100001
00000000000010010111101101111111
00000000000111110110010001110011
11111111111011111000110001101100
11111111111011111010010011011110
00000000000000011111010111111100
11111111111011001001100100001100
11111111111110000011001000111001
11111111110101101011110111000111
11111111111101110011111000101111
11111111110111101000011000110001
00000000000011010011010100000100
11111111111100100111001110101101
11111111111010110100010110100101
00000000000011001100101000000010
00000000000000001001111010001101
11111111111100111010101010010111
00000000000101001110000010101110
00000000000000111000000111110101
11111111111000101001110110010000
11111111110111110100000010101110
00000000000010011011010100110000
00000000001001100011110110111101
00000000001001010000000111001000
11111111111101010101110100000001
11111111111111111111111011110000
00000000000001101011001000001011
00000000000111010101111001010001
00000000000110100110111000010110
11111111111101100010010010011101
11111111111011100000001000100011
00000000000010110111110001010111
