11111111111101001111011110110001
11111111111001001110100111110110
00000000000000011101000001000111
00000000000011111110111111100111
00000000000000110010111010111110
11111111110110111011101011011110
11111111111110100011100010101011
00000000000110111001011111000110
00000000000001000101111000001100
00000000000001110011101101001001
00000000000100001110111001111101
11111111111100111110100110011100
11111111111100101101100000001011
11111111111100110010111011100110
11111111111010010110011110111101
00000000000101011110101011010101
00000000000110101000101000010001
00000000000111001000100001000011
00000000000000000101101010100101
11111111111111100001010110110111
00000000000001000100111111111000
11111111111110001000110010110011
00000000000011100101010001110001
00000000000001000000011111110011
11111111111110101110101001010110
11111111111000001010001000000010
11111111110100111010010100000001
11111111110001010001101110110111
11111111111001100110111011111100
11111111111011101001001000111001
11111111110111100010111011001100
11111111111110001010100100001010
00000000000100000001011110111001
00000000000011010001011110000000
11111111111111101101101000001011
11111111111101110001111000110101
11111111110110111100011001101110
00000000000101001001011111000110
00000000001001010101100110110101
00000000001000011011110010110111
00000000000110111110010101101101
00000000001000101100110010000011
11111111111101010000111011001110
11111111111010101010110000010011
00000000000100010011011110001000
00000000000011010101110110100000
11111111110101101101010101000010
11111111111011010011010101010110
11111111111100110001010000001001
00000000001000001011001110101101
00000000000010111000111111010100
11111111111010111011110110001011
00000000000000001101010100001011
00000000000010010110011001100000
00000000000011110011100011101100
11111111111110100110111010001000
00000000000010100010000010110011
11111111111110011001000001011011
00000000000011010000001100000110
00000000000010010100010001101010
11111111111010001001100110011110
00000000000000101011110110100001
11111111111100110000111000111011
11111111111110101101000011000011
00000000000100110111100110101011
11111111111011101010100010010011
11111111111101110011011110110110
11111111111000111100010010100100
11111111111000000001010011011111
11111111111000001010011111110001
00000000000001100101110011100011
11111111111100011111101010111000
11111111111101001000110110011111
11111111111101110010101001100100
11111111111001000010101011011011
11111111111111110101001100111100
11111111111100110111111011101110
11111111111111000010110100100011
00000000000011110000100011000101
00000000000100001010011010111110
00000000000011011100011000010001
00000000000010110100001101000111
00000000000010010000011011001101
00000000000011001000011011100010
00000000000101110001001010000001
11111111111100010110101100010001
00000000000100010110011001101000
11111111111100111000111010111101
11111111111110010000000010101100
00000000000100110001110001101111
00000000000000000100110000000111
11111111111111111000011111100001
11111111111110010010110100010001
11111111111011001111011011101011
11111111111011110101100010011000
00000000000100001000101111001111
00000000000101010001101011111101
00000000000101111100100111000001
00000000000100000001010010101011
00000000000000100101100111110111
00000000000011001101011100001001
11111111111111001111110000011111
11111111111100000000001011110100
11111111111100000011100111010001
11111111111100000001100001001101
11111111111111101111100011111100
00000000000000101001011100010100
11111111110101100010101111111111
11111111111001010001101011110100
11111111111111000101100110111111
11111111111100111110110111111111
00000000000011100100000000101011
00000000000110000001111000010110
11111111111100011011010001110110
11111111111100010001111100101110
00000000000001111010011100101000
11111111111100011001000010110110
00000000001011001011001101011001
00000000001000100110101000101001
00000000000010010000100001111011
00000000000000001011101001111011
00000000000010011101011000011010
00000000000111010010001111100101
00000000001100111100101010111000
00000000001110110110010110000101
11111111110110100010111001000100
11111111111000101101100101010101
11111111111010011001110000011100
00000000000001110111011111111101
00000000001101101010111111000001
11111111111011011100101100010110
00000000000100101110001000011011
11111111111101100011100010100100
11111111111011100100001010100011
00000000000100010001101101110101
00000000000101000100110010111000
00000000000000110101101011111000
00000000000101001110111010111011
11111111110111110011101110110101
00000000001001000111000100000110
00000000000000000001011100101000
00000000000100101110111010001111
11111111111010101111010101010000
11111111111010101000000011101010
11111111110000110000010111100011
11111111111101111100001111000010
11111111111110011100001011101000
11111111111101100001101111000110
11111111111111111010010111010101
11111111110110011000111001001000
00000000000100110111101100110011
00000000000000101110010101111110
00000000000100100001011101100100
00000000001011111011001101110101
00000000010001101000001000110010
00000000000101110111010100001000
11111111111100011001001101011000
11111111111101111111000101001011
11111111111000100011001011100000
00000000000100110001110111001011
11111111111111011001101110000111
00000000000001000000011011011100
11111111111010100110000110010101
00000000000001010110010110001010
11111111111111000011111011111010
00000000000011001101011011000100
00000000000010000101100010101100
11111111111011001011000101010110
11111111111111100111010000000011
11111111111111011010111000101101
00000000001000000010010000011100
00000000000010100100101010100001
00000000000001110110110011010101
11111111111010111001100100110011
11111111101101111101000001101010
00000000000110000100010110101001
11111111111001011100111011111010
00000000000110011000100100011000
11111111111001100000100100101011
00000000001110110000110111110110
00000000000010111110110001010011
11111111111101001010100011000011
11111111110111010011110011100010
11111111111110001111001011011010
00000000001001011000111100111001
00000000001010100110110010000111
11111111111110010101101001100011
11111111110000111100101101010111
11111111110111110111000100101011
00000000000111010100011111111000
00000000000110100011101000011010
00000000000010011110001101001110
11111111111111010101111101000111
00000000000011001010110010100110
11111111111100100101001111010101
00000000000100000100010011101010
11111111111000110011011010110101
11111111111101111100100110110011
11111111110111111011010001000110
11111111100010011001000110000101
00000000000101110111101011010011
00000000000000000100001001101011
00000000000000010000010101001100
00000000000000000111111110011001
11111111111111101100110010111001
11111111111110111101110010100100
00000000000000011010001110110111
00000000000000110000000110100001
11111111110101110001000111100011
11111111110110001111000110000001
00000000000000010001001111010110
00000000001000101101111101011101
00000000000001001101001100101011
11111111110011110001110111001110
11111111101010010010101100110010
00000000000001000110001101011001
00000000001001111011111100110011
11111111111010000010010010100011
11111111111010101101001010000111
00000000000011101110110001000011
11111111111111101010011000100101
00000000000010000001110111111001
11111111111011001101001100111110
00000000001010001100010101111101
00000000010111111101000100101100
00000000000001011111111000100101
00000000000110000110000101110101
11111111111111001010010111101110
00000000000001001010111001010001
00000000000110110111100101101001
11111111111100100101010011001100
11111111111101011100001000011111
11111111111111111000000110000010
00000000000000110010101000011110
11111111111010110100110100110011
00000000000010011001010100010111
00000000000100101001111100000111
00000000000000111101001011110011
00000000000000000100111011100111
00000000001100001001010100111101
00000000000100110000100010111110
00000000000000000110101111110000
11111111111110001100100110111101
00000000000000100011101010101010
00000000001101011101001011111001
00000000000110101011111110101000
00000000000101000011111110101001
00000000000011011110001100100011
00000000000100111010110001001001
11111111111001010101111101101001
00000000000100000011011001000000
00000000000011101010011101100111
00000000000110100110001011110111
11111111111110011101000100111100
00000000000100000000010011000011
11111111111111001011010101011101
11111111111100111010010110001011
11111111111000011010111101111100
00000000000100010111100001000100
11111111111001010000100000110101
11111111111111000101010010111100
00000000000001101101100101000110
00000000000001010001010000001111
11111111111011000101101111111011
11111111110110110101010111111000
00000000000010111101010110011011
11111111111110000110110011110100
11111111111000010111000101000100
11111111111000100111011010011111
11111111101111001101010111111100
11111111111110101010001111001100
00000000000000110110000100100110
00000000000110100111000000101000
00000000001000011111101000010101
11111111110101101111000000010110
11111111111011100001011000001100
00000000000000100001001110110000
00000000001000100000100011000010
00000000000001011110101110011111
00000000000110010111000111011010
11111111111101110101001000100010
11111111111011011101001001011010
00000000000010000001001110010000
00000000000010010100110010010111
00000000000001011100010011010110
11111111111010001110011111100110
00000000000001101000011010101101
00000000000001110000010111101100
00000000000001010010010001000100
11111111110101100010101110011000
11111111111110101000101100011000
00000000001010100110001010111001
11111111110001011011001010111111
11111111101111101011000010111101
11111111110001101101101011110111
11111111111111011000101111111110
11111111111010011100000011010001
11111111111111011110101010110100
00000000000110000011001101000011
00000000000011100011100001011000
11111111111111010011100111101010
11111111111011100011011001101010
11111111110110011110110001011101
11111111111101101110100100001110
11111111111111000111010001010101
11111111111001110000111110000010
00000000000001010001110010111111
00000000000001111000100000001111
11111111111000111111010101111100
11111111111011111010101000101101
00000000001010110001101101011111
00000000000110000001000000101010
00000000001000110101101011100110
00000000000100100001000111010101
11111111111001110101010000110011
11111111110001111001110110101101
11111111110011111100110111111101
00000000001000101011101000100000
00000000001011111110000010100010
00000000000010011001011001000000
00000000000001100000100111001101
11111111111111011011000101011100
11111111110100100100000011101011
11111111110100100010010111001001
11111111111111011010110010000001
00000000000000110111100001100100
00000000001011001001010001111000
00000000000111011100100100110010
00000000000011010001100001000001
00000000001101001110011001000101
00000000000011110110110010000011
00000000000011010001100001010000
00000000000001111011101100011110
11111111111110000000000001101101
00000000000010110101101001000010
11111111111111100110100010011000
00000000001101100010111100110001
00000000000011011100000111101000
11111111110111110000001000001110
11111111110000101000000001110101
00000000000110101001101011010111
00000000000100001100110011101100
11111111111101101110111001111101
11111111111000011011110010011000
11111111110011011001110100111110
11111111111111101010001001101101
00000000000010000101101111101011
00000000000111100011111001000111
00000000001010110000001010101111
00000000001000001000000001001011
11111111111110001000001111011110
11111111111001100011011110000110
11111111111111101110011010110000
11111111111111001010110111100101
00000000000010110011010101001111
00000000000010011101100001100110
00000000000011110010101101011110
11111111111100100101110101100111
00000000000101100110110011100110
00000000000001010010011011000100
11111111101011011011100101110101
11111111111011111111110101110100
11111111111010110100101110010101
00000000000010111010100010000100
11111111111001111000010000101101
11111111111000011101010101110111
00000000000100011101100101011010
11111111111110011100101010101010
11111111110110001010110101110111
00000000000001010101101100110010
11111111111011111001010000010110
11111111111000011110010001101101
11111111111000110001011011110100
00000000000001101101110000001010
00000000000110001001001111100000
11111111111110001010000100101010
00000000000000111010011110011110
00000000000001101000110000101101
00000000000010000001101110001010
00000000001011000101110001011010
00000000000000011010101110101110
11111111111111010010110010111000
11111111111101110101010000100001
00000000000000111101110000101010
00000000000111010110010001110011
11111111111111101100011010011100
00000000000000110101110111110111
00000000000010100011000110000100
00000000000011000111100010000000
11111111111011111011100111100101
00000000000010001001001110110001
11111111111101101110110000001011
00000000000010101111111101010000
00000000001101001011101110001001
00000000000101010110001010010011
00000000000110011001001100010111
11111111111111010000011100100011
00000000000010000000110010111110
11111111111100100100000001110101
11111111111010001100101010011110
