11111111101111101111110101010010
11111111011111010110100000011110
00000000000011110100001101011011
00000000001001011001001110001000
00000000000111000110011010000110
11111111111001011011001101110001
11111111111011011110101100000101
00000000001010001001010001010010
11111111111111110011100101011100
11111111101011001011000110100110
00000000000000010000010000001101
11111111111010110011010111001011
11111111111000001010101110101010
00000000000010000101100000011000
11111111111111000110101001101101
11111111111101100111001101101110
00000000000001000001101001111010
00000000000011011001000111011001
11111111110011101010111110011011
00000000000010111111011001000010
00000000000000111111001101100011
00000000000101111110010111001001
00000000000001110001001100101110
00000000000011100011100110001000
11111111111011010100110000001100
11111111111111001000100100010110
11111111110001101111000010010110
11111111110011010110110101011000
11111111111010111111001010101011
00000000000100110101001011111001
00000000000110101111010010011111
00000000000100000001101001100100
11111111110101111101011110101110
11111111111110011101110101001101
00000000000011011000001001100101
11111111111111100111111111000110
11111111111001010101000000011010
11111111110100010010111111111110
00000000000110110000011100101001
11111111111111110011110001100110
11111111110110100101000001000010
11111111111101101101000001100100
11111111111010110000100001110111
00000000000001001011111111100111
11111111111101010100011101000101
00000000000000110111100100101110
00000000010010001010000111101010
11111111110000000101010001101001
11111111111110010000100011100011
00000000000100110111011000111001
00000000001011010101100010011111
11111111111111101001001000110000
11111111111111011000010010010000
00000000000011110101011100010111
11111111111001001100000110010111
11111111110100101100101111111111
11111111111110011101000101111111
11111111111111101111110101011011
00000000000011100111101000000011
11111111111100001011100111100011
11111111110010111000011001100110
11111111110111101111100110010010
11111111111111010110011000011101
00000000001010100001111100001001
00000000000011011001101011001110
11111111110011101000100110010000
11111111111010111111111100101000
00000000000000100011011101001011
00000000001000001011111111100101
00000000000000100000010000011001
11111111111111111111000100100001
11111111111000011010100000100101
11111111111100010001110111010100
00000000000100100100011111000010
00000000000000101000011010010011
00000000001000011111101001101010
00000000001011000011001001001111
00000000000101101001011111111010
00000000000010101111100011110000
11111111111100010100101111011100
11111111111101100100000100111000
11111111111110100011100110110010
00000000000010101001101101000010
11111111111100111110010111101001
11111111111111100010111010110111
11111111111001111110101001110000
11111111111011000110001111011100
00000000000000001111011011101111
00000000000111111010101111111010
00000000000011111000000000100001
11111111111100001110111000001111
11111111111100101001011111011111
00000000000010110001011111101001
00000000000001110111101011111110
11111111111011110100001111110011
11111111111111100000101001010000
11111111111111001001000010010001
11111111111101110000001001111101
11111111111101010101110001011000
11111111111100111010000110100000
00000000000111010101001010001000
11111111111011001110100110100100
00000000000011100000110011111011
00000000001000000111011011111111
11111111111010110101101100000010
11111111110111011001110010011101
11111111111001001100111001111010
11111111111010100011110101001111
11111111111101110001100100110010
00000000000101011011001000010110
11111111111000111010001110001111
11111111111011100000110111101100
11111111111111101000010001111011
11111111111001111101100011000001
11111111111000111001111101101001
11111111110100110100101010010110
11111111101111101110010001101101
00000000000100010000011100001000
00000000001110100001111100000101
11111111111100110001011110001010
11111111111010010011111101000100
11111111111000111100111110000100
11111111110110001010011100010101
00000000000010001101101100000100
11111111111111110101111011010001
11111111111011010011001011010011
00000000000001000110110011101101
00000000000001101000011111010110
11111111111101001000110100000111
11111111110000101101010100011001
00000000000110000000010001010100
00000000000010111001000010011111
11111111111011110011100011001111
11111111111010001011100100011000
11111111111110101110000111001000
00000000000001010010111100010100
11111111111010000001011101011011
11111111111010110011100100011100
11111111111111111110001111100110
11111111111111111000001110001011
00000000000000100101000010010111
00000000000011100001010011001010
00000000000111000000011110110000
11111111111111101000011000100100
11111111110100001000011001010100
00000000000010000100010101100011
00000000000111101011100000110000
00000000000010001111110111111001
11111111111001110111111010000001
11111111111011011011010001010011
00000000001010001100100001001010
00000000010000010100101110001100
00000000000000011010101001101001
00000000000010001000110001101001
00000000000001111110010011010101
00000000000110111101011111100001
00000000000110010110100101110001
11111111111101110101110111000010
11111111110101011100011111010001
11111111110001101101110011100111
00000000000111110100011111010110
00000000000110100101010101000000
11111111111100111111000101001010
11111111111011010101000011111000
00000000000011101111001110110011
00000000000011000000111001000000
00000000000100000011010101011001
00000000000100110010001110100010
11111111111110001111110010001010
00000000000001000000001111000000
00000000001011011110001100110101
00000000000000111111011111101101
11111111111011100001000000000001
00000000000011001010001101010001
11111111110011100100000111111100
11111111111000000110000110011010
11111111110110111101000001111011
11111111111100101001000100010001
11111111111110001110010011011011
11111111101111100010101010100111
11111111111000110101111000110101
11111111111110000111101011101110
00000000000011110001000011001110
11111111110000111000100110110110
11111111110011100100000001000000
00000000000110000010011011111001
11111111111000001000110111000101
11111111110100100011100100010001
11111111110000110111110111110010
00000000001000001110111101101111
11111111111001011010011000011001
11111111111000111011001110111110
11111111111000110100101010000010
00000000010001010010010100000111
11111111111000001000100011011011
11111111111101010010101110011011
00000000000000100101110101011100
11111111111100100000100001111000
00000000000011101001000001011001
11111111110000111111011110001011
11111111111110000100010000110100
11111111111001010100100011100010
11111111111011100011010110111111
00000000000000100010100010101101
00000000000011000100000001101001
11111111111010110100011001100100
11111111111101011011111110111000
00000000001100011100011100001001
00000000001100100111101001111000
00000000001010001011111101100011
11111111111111110111010100010111
00000000000001111001100111001010
00000000000010011111010101110001
11111111101110010100000001010010
11111111111010011001100001000101
00000000000011110000000110100100
00000000000010011111111000110100
11111111110100101001011100110111
11111111101000001111100101111111
00000000011000110110001100100111
11111111111110011011110010100001
00000000001100101000101111011011
00000000000001010000111100110110
00000000000110001111111111110110
00000000000110011100000100110010
00000000000010000001011000011110
00000000000111011100111000001111
11111111111101001101100110011010
11111111111011111010101111110011
00000000001001011110101101000010
11111111110101100110101011011101
11111111111001101110000101000110
11111111111111111101001100001011
11111111111011111110001001011011
11111111110001000001010110101000
11111111111111001010000010000110
00000000000001111101000001011011
11111111111101001111110111010101
11111111111101100100101010111011
00000000000000111101111011011001
00000000000010011101011001010011
00000000000011100000100011011000
11111111111100101111011011011101
11111111111110001010011111101101
00000000000110001101001010100001
00000000001001011011100100001100
00000000000111000100011111001010
00000000000001110011011110100000
11111111111100110101000110101010
00000000000100100110110101001011
00000000001000000101110100011111
00000000001000110111001111010001
00000000000100011100111010001010
11111111111111101000101011111101
00000000000000110010100111101000
11111111111001010100100110000001
11111111110111000011100010100111
11111111111011011010010000111101
11111111111111010110000011010111
00000000000100100010011111110011
11111111110010011101011111010101
11111111111000010110111000100000
00000000000001010100010011111011
00000000001001011111001011110000
11111111111011001101011110110100
11111111111101100000110100101011
11111111110110000100011001010001
11111111111100101000011010101101
11111111111101111110001001100100
11111111110010101110011110110111
11111111111011000111111111100111
11111111110110011000110101100001
11111111111010101101101011001101
11111111110101000010001011001111
11111111110101100111011011010100
00000000000010011100000101000101
00000000000001000011110101100000
11111111111011010111001001110110
11111111111011111110110011110010
11111111111100110011100110010000
00000000000110001011010101001010
11111111111001100101011010110011
11111111111011111111110101110010
00000000000100001100000110011100
00000000000111110111111101110100
11111111111101010011110001001010
11111111110100110101011000110000
00000000000011001010111010001001
00000000000100110100101101110110
11111111111011100111000010000100
11111111110010101110011101010111
11111111110011111010000000101000
00000000000000101010101010110110
11111111111101100010100010111011
11111111111110000111111110110111
11111111110100000100100000010110
11111111110110111010110011010101
11111111111110010010101111001000
00000000000101010111010010000011
11111111111111110001010000011011
00000000000110101010101101000100
11111111101110001001101110100111
11111111111110101000110010110111
00000000001001000011111100000000
00000000000010000100110001010010
11111111111000111010101111101110
11111111110100100111010100001001
11111111110001010010010000111001
11111111110101111101001000011110
00000000000010111100111010100011
11111111111100011011010101010100
11111111111111000001001000100100
00000000001000010001110111100100
00000000000010000100000100101110
11111111111000000011010010001000
11111111111011110000010100111101
11111111111100010100001001101001
00000000000011110101010100111111
00000000000111000011010101101110
11111111111101101110001100001010
00000000000011001110110101001111
11111111111001110001000011010101
00000000000010110111101111000110
11111111111010000111110100110111
11111111111011101001111110101110
00000000001101001110111010100101
00000000001000011000110011110000
00000000001001010110100000011110
00000000000100111010101011111100
00000000001000110011010011111001
00000000000111111010101101100000
11111111111100111000010101101011
00000000000100100100111011110001
00000000000100011000010010001100
00000000000101110101110111011001
11111111111110001100101001011001
00000000000001100101010011111100
00000000000000010010011000101110
00000000000001110111011010101111
11111111111010001101101001010100
00000000000100001111001100001101
00000000000101011101000011011110
11111111111011011101101010011010
11111111111010101111000100011100
11111111110101111001110111001011
00000000000110111010100001110011
11111111111110000011010100110010
11111111111000010100100110111111
11111111111110011010001000111100
00000000000101010010010111101011
00000000000001101001010000111110
00000000000011110101000110011111
00000000001010100100010100000100
00000000000010111011111100010010
00000000000111110010110100010101
11111111110110100010001110001110
11111111111101000010011110110011
11111111111110011101010011101000
00000000001011111100101100111001
00000000001001010010111000010101
11111111100111101111101001000111
11111111111011101001000101100100
00000000000101001111111011000110
00000000001011111000000110011010
11111111111111100011101111000010
11111111110001010101001011000000
11111111111110100110010101101010
00000000000000111100110001111100
00000000000100011000001101010001
11111111111101101000110001011000
11111111111001001101000011100001
11111111111010101001001001010100
11111111111000100000111001000111
11111111111011101101000111010100
00000000000010100001110010001110
00000000000110011001100011101001
00000000000001001100011011001000
00000000000100000111110000111110
00000000000111010001110011001000
11111111111001111111010001011001
00000000000011110100100100110101
00000000000000101001101011001100
11111111111001110100110100100010
11111111111111100111011111101000
00000000000101100101011111100010
11111111111010000000010010010101
00000000000101010010010000000011
11111111111001111001101011100101
11111111111101001000010101111111
11111111111101001001110100110011
00000000000000101001110010010111
00000000000001111010110000110101
00000000001101000011111011010110
00000000001001111100010011110011
11111111111111000101011111101110
00000000000011110001011000001111
11111111111101111101111000100000
11111111111101111010101011111111
11111111111100000100011111100110
11111111111100100011100110111001
