00000000000011010110010100010000
11111111111101001110011000001000
00000000010001000100010011100100
11111111111110110100111111010001
00000000000100111110001100101100
11111111111111010011011010110001
11111111111101001011111100010011
00000000000010101000100011101011
00000000000111001001100010010110
00000000000101101000000100111110
11111111111111111001011010111100
00000000000110001010000010111001
11111111111111111100011011001001
11111111111100010000110001011000
11111111111011110100111011100101
11111111111000010100101010110110
00000000000001001011001000010100
11111111111111110101011101001110
00000000000000011000110011011011
00000000000000001011101011000100
11111111111001111011011010001101
11111111111101101000001110011101
11111111111101101010010011110010
00000000000000000100010000101101
00000000000110010000101100010010
00000000000011101001101110000110
11111111111110100100000101111110
11111111111101101101101011111110
11111111111111000110110110000011
00000000000110001010001110000100
00000000000101110011001001101110
11111111111100111111011000101110
00000000000000100000001001111001
00000000000001101011100011000010
00000000000011110000101010010000
11111111110110101100111101000000
11111111110101111000100110111110
11111111110111110111101010001110
00000000000011110100011100111101
00000000000001111011000011100000
11111111111001101001110101100001
11111111111111100110010010010010
00000000000100010011100100000001
11111111111110010101111010100011
11111111111011010101100000001101
00000000000001111101101100000111
11111111111110011111100100100001
11111111111100010010000001001101
11111111111000100011110110110000
00000000000000101111000111110101
11111111111101100001100101101101
00000000000001011000011001010100
11111111111111100100110011111111
11111111111001011110001101000000
11111111111011101011011000001000
11111111111011010111110110000011
11111111111110001100110100111010
11111111111111010111011101110010
11111111111010111111110111001001
11111111111001111101010110110100
11111111110010011010000101110010
11111111111001110001111011011110
00000000000011001100111110110111
00000000000000001101101010111111
00000000000000000010100000101110
00000000000011001101000010010100
11111111111111011101100101000110
00000000000100011110101001001000
00000000000001110011100100011000
00000000000011100011011101100010
00000000000101001101100100110000
00000000001001011110001111010010
00000000000111011101111110010110
00000000000010011111111101011001
00000000000010111001011011101010
00000000000000011001100111000101
00000000000101000111100100100100
00000000000101010000000101000010
00000000000001101101000100101010
11111111111100100010010100011001
11111111111101001001000110001000
00000000000010110100110001001001
11111111111110011001011110101110
00000000000000000101010101110010
11111111111001010100010100001011
00000000000001110110001010100101
00000000000010010100101111000000
00000000000011010000110111000110
00000000000000100101111011010111
00000000000010011110011010100010
00000000000000001000101110000011
00000000000010001100110000011001
11111111111111110001100000110000
11111111111110110111100010111100
11111111111111110111010101111110
00000000000000110101100000001001
00000000000110000110111101000010
00000000000100011110010011011001
00000000000001101000101000010100
11111111111100001101001010111101
00000000000001001001011100010111
00000000000001001110110011100111
00000000000000000111010010000110
00000000001010111110100010000001
00000000000000010100110111101010
11111111111100000000010111000101
11111111111101100101100001111010
11111111111101011110111110101111
00000000001001100100101111010101
00000000000111101111001010011111
00000000000010010001110001011011
11111111111110010000111001110101
11111111111100111101001010111011
00000000000010011110000010000001
11111111111001100001100000000100
00000000001001001100110000001100
11111111110111100100000111000001
00000000000001010001100101100000
00000000000001001001011010101100
11111111111110011010100010000011
11111111110110010110001101000000
11111111111000110110100100001010
11111111111100011011011100000010
11111111111111101111001100000111
11111111111001111111111110001001
00000000000110101110101011010111
00000000001000110010010101110100
00000000000110111110110111001101
00000000000111111111100100111000
11111111111000010011001101111101
00000000000001100011000001110101
00000000000000100101100101101001
00000000000001101011111111101000
00000000000001010100001010000001
11111111110101101001111000001100
00000000000101100101001101100111
11111111111111001101111001010010
11111111111010000000110100001010
00000000000011010010010101000010
11111111111011110111100000001111
00000000000000101101000101101100
00000000000100011011110110010100
00000000000100001010100000100101
00000000000100010011101100111010
00000000000110101001110001001011
11111111111010001000000110001101
11111111111110010101001111101110
00000000000010101111001101110001
00000000000100111011011100000001
00000000000111011100000100111100
00000000000111000100000110010111
00000000000100111111100010001001
00000000000011001010100111111001
11111111111100010000011100011101
11111111110101000001100101111010
00000000000001111110111001000011
00000000001100000001000100110101
00000000000110001101010010111011
00000000000001001010100101010100
11111111111000110000101000110111
00000000000111010111000000111100
00000000000010100001111001000001
00000000000000111111111111111111
11111111111111111011111010001101
00000000000100111001010011101011
11111111111110011101111110110000
00000000000100100110000000110100
00000000000011011100100100100010
00000000000000101000010100011111
00000000000111110101011110010100
11111111111110111111100101010111
00000000000111000101110010011001
00000000000100101101000110101111
00000000000100100111001110110011
00000000010000010010101100000010
11111111111010111000011110011011
00000000000110001010011010101111
00000000000110100101011000100010
00000000000100101111001100001110
11111111111010000111110111000000
11111111111101110011000001000011
00000000000010110111010000111000
00000000001000001100110000111110
00000000000100011001001001110000
11111111110110101110100101100100
00000000001001001001011100100110
11111111111100011000111001110001
11111111111001001001010010011111
11111111111010111101011000110110
11111111111011100010101011011001
11111111111111001011000000101100
00000000000001011000001010010010
11111111110101100010111100100100
11111111110110010100000001101001
00000000000010001110101111010100
11111111111111010001000011010110
00000000000010000000011001101000
11111111110011111010010110111110
11111111111101000000001110100110
00000000000110000011101100010110
11111111111110010000110010101110
11111111111011010111111011110000
11111111111010101000111111100010
11111111101101001001011110010001
11111111101000001010111011001001
11111111111000001100001000100011
11111111111101110110110011011111
00000000001001001101111001110001
00000000001011100000110111110111
00000000010001000111111010001101
11111111111011010111110000101010
11111111111110011000010000001100
11111111111110000010110011011110
00000000000011001001111111101000
11111111111101100000100000010011
00000000000010110000101110100010
11111111111111011000110010000000
11111111111001101101111001001000
11111111111000110100101011101001
11111111110101100000001110011010
00000000001010000100111110100010
00000000000000101000010011011010
11111111101101001111001010111011
11111111110101110000101010001111
11111111110110000100010001101111
00000000000010011101010011100100
00000000000100011001111010000010
00000000000111111100001000100110
11111111111100010001110100101000
11111111111101100001110001011010
00000000000011011010110100100001
00000000000110101010000111111010
00000000000100011100111110001111
00000000000011100111110010010010
11111111111001101001111110110111
00000000000111111001100110011001
00000000000101010011001111101010
11111111111111101010001010011000
00000000000001101111011100001001
11111111111110000100110011100100
00000000000010111100100110001100
00000000000010000001000101110111
00000000000010001101001111011101
11111111111110101010100000110110
11111111111101111111100011001111
11111111111111011000010100101101
11111111111100010100001000110010
00000000000110010100101010000011
11111111111011100101100001100100
00000000001101010011110011101000
00000000000100001000000111101010
00000000000110010001100000000110
11111111111111001101111100010111
11111111110110111101000110100000
11111111110001101111000101100110
11111111111100001110010001001100
11111111111000110110001000101001
00000000000000111010001110010010
11111111111001000011111100000011
11111111111101000011100001110011
00000000000000010110001001001101
00000000000000001000011100001010
00000000000011000011000001101011
00000000000101100001100000101110
00000000000001001110001100001010
00000000001101100111010011001010
00000000000101010010101111110111
00000000000101010101100001111000
00000000001000101000001100110001
00000000001010011010001001110110
00000000001110111000010001100010
00000000000110000110101100100001
00000000000001011010011110100101
11111111110100011000010011001100
00000000000110010010010011110111
00000000000011101111101001111000
00000000000011000001001011110110
11111111110101111001101111010000
11111111111000110001000011110110
11111111110101111110000000111111
00000000000110101101011010101101
00000000000100100010100010100110
00000000000000000010000001000100
11111111111001101110010111011111
00000000000011110100110100011011
11111111111111010011001100110100
00000000000001000110010110101001
00000000000111100101010011001010
00000000001011111001011000001101
00000000001101011000011010100011
00000000000000011000010101010011
00000000000010010111110001111101
00000000000000110001101001000110
11111111111110100100111100010111
11111111111110010101001111000010
11111111111110000000011000011100
00000000000011010111101101110111
00000000000101000000100110110011
11111111111111100110101001101110
11111111111100011010100001001000
11111111110110110101101101110001
11111111111100010000111000101010
00000000001000100001110101010010
00000000001001000100001010000001
00000000000100110101100100110000
11111111111011011101000011010111
11111111111011011010100000100101
00000000000001001100111000100111
11111111111110010100001000110001
00000000000000101101010100110101
11111111111001001111010111111000
11111111111011101000000101110110
11111111111110000100101001000010
11111111111001110001001110001100
00000000000001000000001111110000
11111111111010111101011110110100
11111111111001001100100011101011
00000000000001100001111111011011
11111111111011111100001100011110
11111111111000011100100100101000
00000000000100110000000100111111
00000000000010110111101111111100
00000000001011011101100010000111
00000000001011111101010100101110
00000000000100001110010000101100
00000000000110100111100000001110
00000000000110101010100000011101
00000000000100110011010101100011
00000000000001011111110110011101
11111111110110000111000011110111
00000000000101011111111101101110
11111111111110110111101110011100
11111111111111111010101110010001
11111111111101111111100010101100
11111111111110101000101011101111
00000000000100111011111001001100
00000000000000001011000111010000
00000000001001111110011001000010
00000000000100010100010100100101
00000000001101010011101011011101
00000000000011011111011011111111
00000000001001000010001011110110
00000000000110110011011111100100
00000000000011111001011100110000
00000000000101101101001111111100
00000000000001100001101000011010
00000000000011011101110001110010
11111111111100100100111110010010
00000000000010100111000011100011
11111111111110001000011001110101
00000000000010100111110100000000
11111111111011111010000001100101
11111111111100100100111101101011
11111111111011000100110100000011
00000000000000111011001000101001
11111111111000101000010101110000
11111111110101010010010100001110
11111111111111001110001011110000
00000000000110010010101010111011
00000000000001010100100001000111
11111111101001011100000100101001
11111111101011100001111000101110
00000000000010010010000011110010
00000000001101010000010011111110
00000000001000110100000101011000
11111111111111001000100011100110
00000000000100100110011000010111
00000000000110110000001111100101
00000000000111010000011110111001
00000000000000001110101010110110
00000000000011110001010110101010
00000000000100100101111111101000
00000000000010111100011101101011
11111111111011010101100111000000
11111111111100001000001101101111
11111111111111101010110101011110
00000000000001100100001000010111
00000000000101001011111101101110
00000000000111011100001100110000
00000000000010101111110101001011
00000000000001100001111101011110
00000000000001010001111010011110
00000000000001011100001110011100
00000000000000011110001000010100
11111111111101010101010111010010
11111111111111101100101101110110
00000000000000111111110110011010
11111111111000011111001001101110
11111111111100000111101000111110
11111111111000111101100101010110
11111111111111010111111100011100
11111111111100001110000000100111
00000000000010001101000101001101
00000000000001001110010111111101
11111111111111110101001111111000
00000000000010000011001001010111
00000000000010000110011100001100
00000000000000111011111111011010
00000000001000111101010011011001
00000000000111110101000101110111
