11111111111010101111100000110001
11111111110110000001101111010111
11111111110110001100100001101001
00000000001010100111110111111101
00000000001101101000000110100100
00000000000011110011110111000010
00000000001001100001111100011100
00000000000010001100000100101110
00000000000100110001001010010110
00000000000111001111100000101110
00000000000001010000111000110010
11111111111110110000010110011111
00000000000011111010110010001100
11111111111101110111010100000010
00000000000011010011100000001000
00000000001010101100110101011110
00000000000010010010111001011010
11111111111011110100110101111000
11111111111110011000010111010010
00000000000011011110001111100111
00000000000110000010010010010001
00000000000010110001010010111000
00000000000001010010010110010010
00000000000110101111101000110010
11111111111000101011000001111001
00000000000001000011111001000010
00000000000010110011110101001010
00000000000101100100101010111110
11111111111000010101101011101010
11111111111001010100100101000101
11111111111000100101001100111111
11111111111110110000110111101011
00000000001010011101111100010010
00000000001011011010100100010101
11111111111010010100011101111011
11111111110101110001100110000001
11111111111100001010001110000101
00000000001000110011011110111001
11111111111111111011101100011101
11111111111111011110101100111101
00000000000111010010101000010110
11111111110010111100110111000011
00000000000010101011000010000111
00000000000110100000001001100111
11111111111111110111000100110111
00000000001100111111111001110001
11111111110100010000110011001100
00000000000111100101111110101100
00000000000001001111011101100101
00000000001010010000101010110000
00000000000111011000110000100100
00000000001011001100110000010000
00000000000001011011000100101000
11111111111110110111000011100100
11111111111110101010100010010101
00000000000100101011011001100101
00000000000011001101001001101101
00000000000100000001100101111000
00000000000000101110001000101010
00000000000100100111010001010100
11111111111000001000011101001010
11111111111111101000000010000110
00000000000011011000010100111010
00000000000001101001001111110101
00000000000011111110111010111101
11111111110110111100100010011000
11111111111000100011011111101000
00000000000000001001110110010111
11111111111111101110110001001100
11111111111100101101110001011011
11111111111001110100011001111111
11111111111101101010110010000100
11111111111110011010100100100110
11111111111011101111011001110011
11111111111111010001110111000000
00000000000110000100111011100100
00000000000001101010001101011010
00000000000001011110111111110100
00000000001001110110011110011101
00000000000111111110001010001000
00000000000001001000111110110010
00000000000000011001111111001111
11111111111010100110011100100011
00000000000000110000010001111001
00000000000010110011111101000100
11111111111100011011110001101100
00000000000001001110000000010000
11111111111101100010110111010011
00000000000010111111111000100010
11111111111111000000111010001110
11111111111011100001111100010001
11111111111001101100100010100100
11111111111111110010010101110001
11111111111101111111111010001001
11111111111010100000110011100110
00000000000000011000101000100100
11111111111100011101001110000001
11111111111011110001010001010001
11111111111000010110001010011001
11111111110111100101001010110111
00000000000010111001110000110011
11111111111111001011101011000100
11111111111010011011111001100100
11111111110110111100011111110011
11111111111010110101011100010101
00000000000101111101011100010100
00000000000101100111111110010001
11111111111110011010010111010010
11111111111000100101101111100100
11111111111001000110110110100101
11111111110101110111111101110011
00000000001001111100001001101011
00000000000001110101110010010100
11111111111111111101010011110110
00000000000011000010110110100101
11111111111000010100010011111011
00000000000100100010100110001111
00000000000101101000101011100110
00000000000110001010010101001000
00000000000000010100001111011110
11111111111110111001100111010001
00000000001000101110110001101000
00000000000110101101011001001101
11111111111101100110011110001000
11111111111110100110110000101101
00000000001010010000001001001100
00000000010000100100010011111101
00000000010000101100100101010000
00000000000100100101011011111010
00000000001101100110110111000110
11111111111001101110000011011001
11111111111100101001100111000011
00000000000000010010101001011000
00000000000010010000110001000000
00000000001011110011011111100100
00000000001000100111110111100000
00000000000010011101110101000011
00000000000100111100110100111011
11111111111111101101101101100101
00000000001100011111110010110000
00000000000101100111010111101100
11111111111010101110010110101011
11111111111011000000101011100111
00000000000010111000100001101111
11111111111001000111000111111110
11111111111111110100010111001111
11111111111001011000000001000000
11111111111110010001100000110000
11111111111101101101101111011101
11111111110101110000100111100010
11111111111000010000111101011011
11111111111011000111011111101011
00000000000111110111000011010101
00000000001111010100111000010010
00000000001101011110111101001000
00000000000000010110101111110101
00000000000001100101110101111110
11111111111110111010111101100100
11111111111101111001101010000101
00000000001010000000011010010101
11111111111000101111111001000100
11111111111011100111101100100111
11111111111100110111000000011011
00000000000010000101000110101111
00000000001011001010011100101101
00000000001000100101000110100011
00000000000010010110001100011111
00000000000010110101100100110110
00000000000111011000010101010100
00000000000000111111011110010001
00000000000001101101101010101000
00000000000001011111001110000010
11111111111110000011111011011010
00000000000000100101100011011010
11111111101100010100110000111101
11111111111010010111000011111010
11111111111001100001010010111010
00000000001011101110111001000001
00000000000110000101000010000111
00000000000010011010101100101111
00000000000010001001111111000010
00000000000110010100101110001011
00000000000011111000100010101001
00000000000101010000110110011100
00000000001110110011011110111011
11111111111101110101100010111110
11111111111110100000101000000010
11111111111111001011111110111011
11111111111111110101000011111011
00000000010010111010100010001100
00000000000100000101011011011010
11111111111111000111010101001100
11111111111010010011100101101101
00000000001000100101000101111110
00000000000010001111001000110100
00000000000111010101001010010111
11111111111010111100101111110000
11111111111111000011101110010011
11111111111100110010010011000100
00000000000011001011001110011001
00000000000000110111011011011001
11111111111011010010011111011000
11111111110111101010011000111110
11111111101110100001110001100001
00000000001010011001101111111110
00000000000111111011111011000111
00000000000001101000001111101001
00000000000111100011100000100110
11111111110010101011001010011101
11111111110101101110010100110100
00000000000100101110110100110011
11111111111110111111100000010111
00000000000100010100110000100010
11111111110011011000111000010100
11111111111000110000111101110111
00000000000000001111011011110001
11111111111100000000111001011100
00000000000110001100110101000010
11111111110110100001111100011001
00000000000110110100100001100110
11111111111101100111110101011010
11111111111111100100111011011001
00000000000100100001001001111101
00000000001001010000000111110111
00000000000110110100100111000001
11111111111101001011011000010100
11111111111000000101101000000110
11111111111111101100110101010001
11111111111101001011000001000000
00000000000111110010011011010001
11111111110100100001011000100101
11111111111010000111010001000000
11111111111100111010110100100100
11111111111001110101101100010101
11111111111000111100001010001010
11111111111110011110000000000100
11111111111111001101011000000111
00000000000001010011110100001010
11111111111101111101100100011111
00000000000100100011010000010110
00000000000010100000001011010100
00000000000101011000011000001101
00000000000010100000111111110001
00000000000100011110111111100001
00000000001100000110011010000101
00000000000000101100111100110111
11111111111100110001111100111001
00000000000001001010001101111011
11111111111101110101100100111010
11111111111001001100111010000000
00000000000110101110100010001010
00000000000111010101111001010000
00000000000110100010011000101111
00000000000001100111001100111010
00000000001010001011111100110010
00000000000000011001010101100001
11111111111111001111111011011011
00000000000011110010010000101110
00000000000100101001110000000100
00000000000001011001101001101100
11111111111000101000111100100001
11111111111011111111011101011100
00000000000011100010000111001111
00000000000000101001001111000111
11111111111110000000000100000110
11111111110110001010011111101011
11111111111001011010110101110100
11111111111110101110101101111000
11111111111010110010111110110000
11111111111110101001011111011101
11111111110100011101110001010001
11111111111111010101011000110101
11111111111110001001000011111110
00000000000000100100010000110111
11111111111001001001011110000000
00000000000011101110001000100100
00000000000101111001001011111001
00000000000101000010011000001010
00000000000111000100000101001011
00000000001110011100100101110101
11111111111100101010100110101101
11111111111100000111100001100101
00000000000010010001110100101101
00000000000101110011011011100110
00000000000011110100001011111101
00000000000110011110001110000011
00000000000110101101011111110011
00000000000000001011011100110111
11111111110110101101011100010111
11111111110100011111011111110001
00000000001110000001110010011100
00000000000000101011000110110010
11111111111101100000010000010001
11111111111011001100001001001101
00000000000110110110000101010001
00000000000010010000111101001010
11111111110101101110010101101000
11111111111010011011101110011001
00000000000100011101010111011101
11111111111100110010000000010000
00000000010001001110100111001001
00000000001100111001001010111010
11111111110011110111101011101000
11111111110101111001101111000011
11111111110110101011011101100001
00000000001010100010110010101101
00000000001011000101010111001110
11111111110101101001001010110010
11111111111110001101101111011010
11111111111000111010010010100100
11111111111111011101111100100011
00000000000011001100111010100111
11111111111100110010011110100100
00000000000101001100000011100100
00000000000011111001010011100000
11111111111101010101111001001100
11111111111100101011011010011001
11111111111101111011100110100111
11111111111101111011111001010100
00000000001001000001011100001100
11111111110000110110010101000011
11111111111011001100000011111101
11111111111000110101010111011001
11111111111001011100001000010011
11111111110101010001100000010011
11111111111010111101011100001011
00000000000000100110001000010001
11111111111100001111001010101111
00000000000011001100110101110111
00000000000111110110100000100111
11111111111010010010011000001101
00000000000000000111010011110011
11111111111011010010011001110000
00000000000010110010101111010100
00000000000101011110100111111101
00000000000011001100101110101000
00000000000010110011010001000011
11111111111010000001001011001010
11111111101111001010010001011110
11111111110010011010011000110001
00000000001010100010110100011100
11111111111101101111000010011101
00000000000000101000011010011110
00000000000000010000000101101000
11111111111101000100111110010110
00000000000101101010111101011010
00000000000001111000001011000100
00000000000010111011011010111111
00000000000000001010100111010111
11111111111110101110000100010100
00000000000110101000110010101010
00000000000011111100000001101000
11111111111100001110010111100100
11111111111100011110110101010101
11111111111101011100010101011100
11111111110000010011100001100011
00000000000011101101110011101001
00000000000010111101010010110001
11111111111100100101010101101000
00000000000001001001111000100000
11111111110010010000010101101110
00000000000001101011000010110111
00000000000011110110000000111011
11111111111010110000000111011000
11111111111100111111011000110000
11111111111001101000100001001000
00000000000001101001000001111110
00000000000001010100110111000010
11111111111010011000101010010000
11111111111101110111111110000111
00000000000000110110011011000100
11111111111001100011000101100110
00000000000101100000110111100000
00000000000100010000111100101000
00000000000100101101000000100000
00000000000011110000110101100100
00000000000011100010101101101110
11111111111101000100001111110110
11111111111001100001110111101101
11111111111111010101101110111011
00000000001011111001100100101011
00000000001010111001101101000101
00000000001010100101001111111001
00000000000001001111001100110111
00000000000111000000010000101010
00000000000100011010101111110000
11111111111111100010011101100011
11111111111111011110101000100110
00000000000010101000010101111010
00000000000001011101011010111110
11111111111111111110011010111110
11111111111101110111111100111110
11111111111100010111111100111111
00000000000010001001000010111001
00000000000110010100101001111100
11111111111011111100001111110001
11111111111111101101010100101101
00000000000100010011000001000100
00000000000000000110000001111110
00000000000000001110100111101100
