11111111111101100010110110101100
11111111111111100001111000010011
11111111111110100001110101011001
00000000000111001000100101010110
11111111111001101001000110001010
11111111111110010100100010101100
00000000000011001000010010001111
00000000000100101101111001001010
00000000000011010101011110110100
00000000000110101000001111010011
00000000000010100111011010011000
00000000000010010000010110001010
00000000000001101111110110110011
00000000000001100101101011111001
00000000000000111011101001100010
00000000001000111101100110010100
00000000000110101011001101010100
00000000000001001010111110111010
00000000000000101000001100101111
11111111111000100100000011100101
00000000000000001110000010110010
00000000000110011101011010101100
00000000000100110001111000000111
11111111111111101001100010101100
11111111111000010101101000011010
11111111111111111101101110001011
11111111111000101011110111111111
00000000000101100111000101100111
11111111111011110000111011010010
11111111110011110010011000100001
11111111110110101110000111001111
11111111110111001111111101111010
00000000000101000100110101110000
00000000000001001101000101011011
11111111111000101110010100001101
11111111111011001000110110001001
11111111111001001001101100010011
11111111111100010011001111000100
00000000000000100111011010011110
00000000000011111100101000111011
00000000000010000111100001100100
11111111110100110110111000001111
11111111111101110101101000001111
00000000000001011000111000011010
11111111111111111001101001001001
00000000000111010110100010011101
00000000000001110010011010000111
00000000000101010110111111100001
00000000000100010110110010100111
00000000000010000101011011001101
11111111111111011000011000111101
00000000000100010111110110000110
00000000000111011011100001011000
00000000000100000101011010010100
00000000000011000101001011010010
11111111111101011001010101000111
00000000000001010000001000110100
00000000000011101101010111111010
00000000000011010111000011010001
11111111111110111111010110101010
11111111111101011110010111000010
00000000000100100101100001011111
11111111111101101010110001100001
11111111111101001011010001100001
11111111111001110011011110110100
11111111111011000101000010000111
11111111111101110110100100100010
11111111111110001111111110100100
00000000000100011111000111101111
11111111111100101010100100000001
11111111111100100111111010100010
00000000000000011100011010100111
11111111111001001100010110111110
11111111111111111010000001100010
00000000000000001111101111000000
11111111111110001001000001111100
11111111111100110000001100101101
11111111111110010011110011100010
00000000000100110110001011111100
00000000000101011101000010001111
11111111111111010000001100101000
00000000000000110100000111000001
11111111111011011001000101110010
00000000000001011001010001111010
11111111111110100101110110001111
11111111111100010001111101100101
00000000000100110111000110000001
11111111111110011101100001110010
11111111111010100101101101100101
11111111111010101001100100101011
00000000000000110110011010001110
11111111111101100010100111011011
11111111111110111101010110110001
00000000000101101100100000001101
11111111111101100111001110011110
11111111111101100001011101001001
00000000000000001111011001100111
11111111111110001001010001101001
11111111111110011110110100011101
11111111111001101111110100100001
11111111111110000110011101001100
11111111111111010111111110011010
11111111110001001001010000100110
11111111111000101001001100000101
11111111111001100000110110100001
11111111111101110011011001110001
00000000000101111010101001101011
11111111111010101011110000111110
11111111110101010110010010011000
11111111110110010111100001101101
11111111110110011100011011100101
00000000000010110111001001000011
00000000000000000001100110101110
00000000000011100010110100001011
00000000000110010110000111011011
00000000000000110010000111101111
00000000000101110110011000001101
00000000000100110010100011000110
00000000000010010011111011010011
00000000000010100000111011001010
00000000000000110001100100100010
00000000000100110110010111001010
00000000001010001000000100011101
00000000000010110101101101101010
00000000000010100000011101111111
11111111111110011010000101010111
00000000001011101100110101100000
00000000001011100111001000100110
00000000000011001010111010111101
00000000001111000101101101011110
11111111111110001101011010111010
00000000000011111010100000010011
00000000000000111111101110110001
00000000000011110110011100100100
00000000001000110110000011100010
00000000000010000101011110001101
00000000000000011110111010001000
00000000000110101111101001000000
11111111111010010111010110111010
00000000000111001100111111010000
00000000000010010101010000000100
00000000000010000110110010000001
00000000000001011011001110111100
00000000000001010111010001001110
11111111111100000111110101010001
00000000001001110110010010000010
00000000001010111100001110011000
00000000001000010110111101110001
00000000000001001101010110000011
11111111110110010111101000100000
11111111110010101011001010011100
11111111111111000011111110111011
00000000000011110001100001010000
00000000001001100011100100000100
00000000001101110010000001110011
11111111111101100111010100101000
11111111111101000111000101111111
11111111111111011001111100111000
11111111111101101000101101000110
00000000000110011111000100101110
00000000000100000011001001000101
00000000001000011011111101011011
00000000000000100101011100110011
11111111111111100011111111001011
11111111111101100011010000111100
00000000000110011001010010101100
00000000000110110110110100110110
00000000000010111011001100010001
11111111111010101101011101000001
11111111111011111011111101011101
00000000000101101100100111010000
00000000000111101101101110011110
11111111111110110010001011110000
11111111111101000110011010101010
11111111110010101110111111000010
00000000000111000100100101111101
11111111111011011101010101110001
11111111110011011110101111101100
00000000000111111001100011011110
00000000001111010111111011001100
00000000000100110011100101110011
11111111111110011110100101111100
11111111110111010101101011100111
00000000000100000110111011010001
00000000001010000000010000111100
11111111111001010010110010101011
11111111111100110011100110001110
11111111111111101100100010100111
00000000000010000010111101000010
00000000001011000110001001010110
00000000000011100001000110011100
00000000000000101011001010100001
00000000000011001011011010111100
00000000000101000101011001000101
00000000001100000100001110100000
00000000000000110101011010000111
00000000000000000001000100010110
00000000001010000101110001111010
00000000001100010110101011001010
00000000000011011011101111111001
00000000000000111001001000111000
00000000000001111010001100101000
00000000000011110110110100111101
11111111110010001010011100100010
11111111111101000000000011000100
00000000000001111110011111110101
00000000000111010111110100001001
11111111110010011101000001010010
11111111101110000011111110011010
11111111011001000000100111011000
00000000000010100100001001110111
11111111111110000000111010011100
11111111111111101100010000001101
11111111111100111000011000111000
11111111101000011111111110010111
11111111111100010011001111001000
11111111111001011101111100111100
00000000000100001001010101101101
11111111111001010010011100100010
11111111110000110001000111001000
11111111110101001010111001111111
11111111110100111010011011010001
00000000001001101111011101001010
00000000000011110001100010111001
00000000001110001011001111111011
11111111110101110101001111101100
11111111110111000000110101001111
00000000000011000010111100101010
11111111111111010101101111011001
11111111111001101101001010011111
11111111111110010100010101000110
00000000000001100100010001101101
11111111111100010001101010111000
11111111111101001110101010010101
00000000000101010000100111101101
00000000000001001111101111010111
00000000000010011001010001010111
00000000000001010011110111011001
11111111111010011010010000011010
11111111111001001011000111100011
00000000000001000110001010100111
00000000001010110001001101010100
00000000000000100010000111011111
11111111111011101001110000001101
11111111111111111111110110101000
11111111111000100011000101111100
00000000000010111110001010101101
00000000000110101111011011011001
11111111111111100010100111111101
11111111111101010001000001101011
11111111111010110000111100101001
00000000000010110101000111101010
11111111111111110110111000001101
00000000000111000101100001010110
00000000000101001101100011001000
11111111110111101111000100101001
00000000000001001011010101000100
11111111111000111100001011111000
11111111111111110010001101100010
11111111111110001000010001000011
11111111111010011001111000001111
00000000000011010011001001100111
00000000000100000001100010010000
11111111111100010010011001010110
00000000000010010101001111110011
11111111110111000111111100010000
11111111111101001010111001110011
11111111111001110000100001010000
11111111111010010001001010111000
11111111111111100110011001111000
11111111110001001101111000100111
11111111111000111111110010010110
00000000000011001001111001111110
00000000000000001100010011010110
00000000000001110001100000100001
11111111111110010111000111101110
00000000000110101010011111100011
00000000010000001111100001110100
00000000001101111111110101001010
00000000001101011010000000101010
11111111111001100111111100111101
00000000000001001110101110011011
00000000000010011110100110110010
00000000000110111000010110000000
11111111111110101101001101001010
00000000000111000011101000001011
00000000000010100001010001011110
11111111111111101010000000011001
00000000000010110001111111110101
11111111111001111110111010010101
00000000000011111010101001111100
00000000001000000000010100101001
00000000000011001010011010000010
11111111111001111100000101111110
11111111110011001000100100001000
00000000001100011101110001101011
00000000001000101000000111000111
11111111111111001000111000000010
00000000000101100101110100001100
11111111111010001001010111001010
11111111111100100110110110101000
00000000001101000110011111000011
11111111110110001100110110001100
11111111111000101001101001110101
11111111111101011001010110000100
11111111111101100100101010011111
00000000000111001010100010101001
11111111111101110001001101111110
11111111111111010010000100101011
11111111110101000000110100110110
00000000001010001010101100011011
11111111111011001001011110100001
11111111111101111100000000001010
00000000000011000101000010100100
00000000000010001000001100011011
00000000000001010100000111000101
00000000000010000010011100001000
00000000000001011011001111100101
00000000000010101001010111100100
00000000000100000100110110101111
11111111111011110011100111110101
11111111111110011101011010010011
11111111110100001101101100000000
00000000000001101101001101100100
11111111111100100101110001000000
11111111110111001000101100111001
11111111111101111011011110111001
00000000000100011010100111101111
00000000000101111011111100001001
00000000000100110001001010001101
11111111110110010110111100100101
00000000000001000111001000010010
11111111111110011000110110000101
11111111111100000100000000110001
00000000000001001101001101010100
11111111110111000111011100011110
11111111111100101110000100010100
00000000000010100111001011101101
11111111111011110100110011101000
11111111110111101001011101111101
00000000000000001111100100101101
00000000001001001010000111100000
00000000000110110001001101010101
11111111110100010100110101011000
11111111111000011111101001011101
00000000001001001110010111010000
00000000000111011011010001110101
00000000000100000110111100000000
00000000000010101101011000001001
11111111111111100000011011011110
00000000000010010011111100001011
00000000000010110011111101001111
00000000000011000001100101010010
00000000000001001011010101011111
11111111111000011110001111010110
11111111110101000011010000110100
00000000000000110011100100011100
00000000000101100011110001110010
11111111110110000011100010110001
11111111111101100000000100000010
11111111110000100101110110100011
11111111111010110000001010101010
11111111111110110010101110011011
11111111110110000010110000001101
11111111111001111111100100011111
11111111110000111001010001010110
11111111110100100001011010000110
11111111111110000111000101000110
11111111111111001001100000110101
11111111111100110101001101011111
11111111111110100110010111111111
00000000000010010011000111011010
00000000000010110000001111001000
00000000000010100110111010111011
11111111111111111011001100001111
00000000000000001100100100111001
11111111111100111100000001110111
11111111111100111001100010010100
11111111111100000000011101000110
00000000000000110101001011001101
11111111111101001001110111010010
11111111111101100001001011010001
00000000000010111010110111011110
00000000000011010010011011011110
11111111111101010000000011100110
00000000000000101101011101010110
11111111111111000100100111101101
00000000000001101100101001111101
11111111111111100111000100001010
11111111111111011100010011100001
00000000001001110010001110001101
00000000000001001111010011011001
11111111111010100001000100000001
00000000000011010100101111000101
00000000000011001110011010101011
00000000000011111111101111011011
00000000000010101101001000100000
11111111111011111010010000001101
11111111111101100101110011110001
11111111111110111111100111001101
