00000000010101110110000111100011
00000000001100101001110000010100
00000000000001000011110011110111
11111111111010111111011100111111
11111111111101000101101101100011
00000000000010110011111011110101
00000000001010011010100101110000
00000000000101111010001100011010
11111111111001001100111010011111
11111111111001010110001100010100
00000000000100100011001010110011
00000000000011010111010001000010
11111111111010100011010110101111
11111111111011101101110110001001
11111111101111010001111100110001
11111111111101001100111000111100
11111111111100100011110100010111
00000000000111110101010010110101
11111111111010110101000100101000
00000000000001111000101011100110
00000000000001101010001101000010
00000000000000100101001100000000
11111111111111111011000110011010
11111111111111010111010101001101
00000000001001111011011011010101
11111111111100101000110001111110
11111111111101100010110010111111
00000000000010000000010100000010
00000000001000111101011101111000
00000000000100111101100011011101
11111111111011000000110111000110
11111111110011011111111100001100
11111111110100101000101110001000
11111111111111110000001101100101
00000000000000010101011010100111
00000000001111010110110000100001
00000000001000110010010010000111
11111111110100001110001110000110
00000000000101111001000010011001
00000000000000011101101001110110
00000000010001110011100111110011
00000000010000110100000101110000
11111111111011111000000001011000
11111111110110010001100011101110
11111111111110001100000100111011
11111111110111111010111010010001
11111111110011111001010000100000
11111111111100011101101000100001
11111111111000110010000010001011
00000000000010010010111101110000
11111111111111111111001101000100
11111111110110111000000101001011
00000000000011111001100011011100
00000000000010000001110110111010
11111111111101111011101100010010
11111111110110000100101001110111
11111111110110011101110001010001
11111111111010110111111110010100
11111111111110110010001001011010
11111111110111010100000011011111
11111111110101011110111100110110
11111111111010011101010100110011
11111111111011110011000011000111
11111111111101001100110111001011
11111111111111011010000011000111
00000000000110100110110000111010
00000000000100010111001011110010
00000000000011100111110100010101
00000000000010000010001001011101
11111111111111101000111111011110
00000000000011011011100110001001
00000000001000111010100111110101
00000000000101110001111001000010
00000000000011100011011010100000
00000000000100101111110010001101
11111111111111011111010101000111
11111111111011100111100111111110
11111111111110100110000001110010
11111111111000011110001000011110
11111111110110011111100111011110
00000000000001010100001110100001
11111111111001010101100111110000
11111111111011010010001001101101
11111111111101000001000110111001
11111111111100010001110011010010
00000000000010101010010111001011
00000000000000110001001100110000
00000000000000001100101111111011
00000000000011111000111010011010
11111111111111111010001110010110
00000000000010101101000010111101
00000000001000001001011101011010
00000000000100101111011000111010
00000000000010011110001110011000
11111111111110110111111101010010
11111111111110011110110100111111
11111111111111011000110000000110
00000000000001100111100010110010
11111111111111011110000101111101
00000000001000101111001011111001
11111111111101010010010110110000
00000000000011001111010001100110
00000000000101100001001011011000
00000000000011011101000101011111
11111111111101100011010101010001
11111111111111101111011011111100
00000000000001010110001100101101
00000000000111011110001111110011
11111111111111111111100011100100
00000000000101001100110111011001
00000000000101011100100001011111
00000000000100000111100010010100
11111111111111100010100111110010
00000000000110011100101000101010
00000000000000110011010111111111
00000000001010000100001101010101
11111111110100101101000001100000
00000000000100101111101101001010
00000000000001101101000000101010
00000000000111110110001000000100
11111111110101111001110101110110
11111111111011100111101111110110
11111111110110101111111101100100
00000000000010010111000010100110
11111111111011111101100001000011
00000000001000010011111011111001
00000000000000011011101011001001
11111111111011101110010001110100
11111111110101010111000011111110
11111111110000011011111000101010
00000000000001000011011110100001
00000000000000001011011100001111
11111111111110101110000100111011
00000000000000110010101100100101
11111111111001111111000111100011
00000000000110101011101001001001
00000000000000100011101011010110
11111111111000011111110101111100
11111111111100010101111010011001
11111111111001010000101101010010
11111111111111110000000110111110
00000000000100010001000110011010
00000000000010100100010101010101
11111111111100111110111111000101
00000000000101101011001011010100
00000000000001011110000101110100
00000000000100111100100010110101
00000000000111001101110000101100
00000000000011110001011011110000
00000000001000100110000101011100
00000000000000001110011111111000
11111111111011101000010010000100
11111111110101100010101101000011
11111111110101001101011011001101
11111111101100111100011010110100
00000000001011011111100001100101
00000000001011010011101011110111
00000000001000010111010010000110
00000000000101000100001100011100
00000000000101110011010101110110
00000000000111010011011111110001
00000000000100111100010011001001
00000000000011000001011000011110
00000000000100110000111111010111
00000000001101110011110110101101
11111111110110110111101111111011
11111111111011100010011011000101
11111111111001000001101111011001
00000000000000010010100001111000
00000000000100011011011100000111
11111111110110000011110100100101
11111111111011101000001111010011
11111111111010110110101101010010
11111111111101010111001000011001
00000000001101010101101010011011
11111111111101100000010110011000
00000000001000100101000100000010
00000000001001111101110011100000
11111111111111011000110110111111
00000000001000111101011001111111
00000000000100011010000010011101
00000000000001111111011110111011
00000000000001100000101110000101
11111111111001110101001011111001
11111111110000100111000000011000
00000000001010100011100001111110
00000000000101100000100110110110
11111111110010001111001000111111
11111111111001001111111100110101
00000000000001111011110101000010
11111111111001010001001000111111
00000000000110110110011000100101
11111111111001101011011011010101
00000000000010001000110000111011
00000000000001000000100110010001
11111111111101010010011111111100
00000000000011111101110111010011
00000000000101100100000111011010
11111111110110011101010011001110
11111111111011110101000011111110
11111111111011110000011011110011
00000000000001001011101100010000
00000000000111000100110100010110
00000000001100101111000010010101
11111111111001011110001001010010
11111111110111011111011010100001
11111111111011010000001001011101
00000000000000001010010111111111
00000000000010011000000011101000
11111111110010111010000000100110
11111111111010011100000100001000
00000000000001010101001111100101
00000000000011100111000101100011
11111111110111110110110001110001
11111111110001010111100000001110
00000000000001010011000010011010
00000000001010111010010010111110
11111111111101000011111100010101
00000000000010011010001110101100
11111111111100101110101001010111
00000000000101110110001111101111
00000000000110000010010110100011
11111111111000000010111000001110
11111111111011101011010001111110
00000000000110001011000111110100
00000000000001001010111010010100
00000000000101110101110011101010
11111111111001111001100100001001
11111111110010100000000011110011
11111111111000000111110001011001
00000000000111110011101011101100
00000000000110110110111011001011
00000000000110001000000100001100
00000000001011101110010011011101
00000000000000000111010010001000
00000000001010101011001101110000
11111111111101000001111110001110
11111111111101001100100010000000
00000000000011001101000101011000
00000000001001111100111100011100
11111111111101010110101010011110
11111111111110001001111010000101
00000000000011000010110111010000
11111111111110011011001001010111
00000000000011100110111101000010
11111111111111110001010111001100
11111111111110111110000110110111
00000000000100111000100110011111
11111111110111010011000001101010
00000000000111000111001110111110
11111111110110100000100000100100
11111111111000111000010010110101
00000000000001111001011101110010
11111111111001100110101110110111
11111111110011101111001010100111
00000000000101001100000101110101
11111111111000010111011001111100
11111111110111000011111010011111
00000000000010100001100111110111
00000000000111010000111010001000
00000000001000100011110000111100
00000000000100010011111100110011
11111111111011001010110001011100
11111111111000101001100000001010
00000000000110011110100110110110
00000000000001010100011110101010
00000000000111011011100010001000
00000000001010010111001101101000
11111111111110001111010100110011
00000000001000001100111011011000
11111111111111111011111011100100
00000000001000111110000001101101
00000000000001011101010010011011
11111111111111000001110111011001
00000000001110011000001010110000
11111111111001000110111111000000
11111111111100111011101010001111
11111111110101010111001111100100
00000000000001000001101011010000
11111111111100010000010100000111
00000000010001011010001000110111
00000000000110101011100010100100
11111111111101101000010000100100
00000000000100010011000000100110
00000000000100110111000000010010
00000000000101101111011111110111
11111111111011110010101111011000
11111111111011101010000011100101
11111111110110000110010010110001
11111111111100110101111000110001
00000000001001011100000110101011
00000000000011000111101011000100
11111111111001011001010011001010
11111111111010111111100110010111
11111111111100101101000001010110
11111111111010101110011100010101
00000000000101010111011000011110
00000000001010001000010011011011
00000000000011001000101010000101
00000000001011010000001000110101
11111111111110100111110111111000
00000000000100100100101111001100
00000000000111111000011000001110
00000000000110000010000110101101
11111111111111001111001101011000
11111111111111110011010101101001
00000000000000011001100010111100
00000000000111111101010100000111
00000000000101001011111001010000
11111111111101110101000011000111
11111111110000010001100010010111
11111111111100010001011111000101
00000000000111100001110101000110
00000000000100001111110100000100
00000000000001110001011011110000
00000000000000010101000011010010
11111111111000011000000110100010
00000000001101100110000011110010
00000000000010100110100001100101
11111111111010110110000100011000
00000000001011111011100101011001
11111111111110000011000000111010
11111111110100000001110110101001
00000000000100111100000001001110
11111111111110101101000101010011
11111111110101001001001111101001
11111111111011010011010000110010
11111111111000010011010011010001
11111111111100110000100110111110
11111111110100100101001100111110
00000000001000001110011010101110
00000000000001011011110000100101
11111111110101110010101111010110
11111111111011111110111110011010
11111111111101101010101010111001
00000000010011010111011001100010
00000000001001001000000001011100
00000000000111001010000000011101
00000000000111010001011110011010
00000000000010110011010100111100
00000000000110011001100101011010
11111111111111110110101100111001
11111111111111111011011110100101
00000000000011011101100011011011
11111111111111001110011010011110
11111111110000011101101011011111
11111111111000110001111111100111
00000000000000001100110011000110
00000000000010000110010011111110
00000000000101001111011101000000
11111111111110111001010000010111
11111111101111001001011000110010
00000000000011111111000001011001
00000000000101101001000000100111
11111111111111100110100111110011
11111111110011011010110100000101
11111111110011110000000011011100
00000000000010111011000101100011
11111111111110101101000010001110
11111111111110010011100100110110
00000000000110101111111101101011
11111111111001000100111000000000
11111111111111111110010011001000
00000000000010111110000010001110
11111111111111010001111010010110
00000000010101101010000100100100
00000000001100110101101001010000
11111111111110011100111101001101
11111111111110011110110000011111
00000000000010101011110101010100
11111111111001000111000000001010
00000000000010000000110110100111
11111111111100001011100101000101
11111111111000100010001100100001
00000000000100110110010101111011
11111111111011010110001110010110
00000000000011110100011001110011
11111111111101110011111011111101
11111111111001010000000110011111
11111111110100100110101101010100
00000000000100001001010010011111
11111111111100011011011100001001
11111111110111011000111001010010
11111111111000001001100110101100
11111111110000110000110011100000
00000000000110010100110101111110
00000000001100011111010000101011
00000000000101011001000111000110
00000000000010101110001101100101
00000000001011110110100000100011
00000000000001101100010110011000
00000000000011010101100011011100
00000000010011101000001100001000
00000000000111110010100100110100
00000000001100001111000101100010
11111111111100001011111110100010
11111111111000001011011111100011
11111111111111010101111001010011
11111111111110111001011100110110
00000000000100110110100010001101
