00000000000000010010101010111100
00000000001110000000111101110010
00000000010010111010011100111110
11111111111111010101011101110101
11111111111100100110100011101101
11111111111011000011010001110101
00000000000110101110011100010011
00000000001011011011011000101110
00000000000000110011111001001111
11111111110010111011110000100010
11111111111111101010010111101110
00000000000010001101100011010011
00000000000000110110001100010010
00000000000010101100110000001010
11111111111010000010000100110011
00000000000110101011100100011011
11111111111101110101110110010001
00000000000011010011001100111011
11111111111011110000100011101010
11111111111111101101011001110111
11111111111101111110011111001001
00000000000000010101001110010011
00000000000010001001100010000000
00000000000011111111110100101100
00000000000011010010111100111010
11111111110000100101100001011100
11111111110011010001011010000100
11111111110101111010001111001101
00000000000000000000001110000110
00000000000110001110001000110111
00000000000101000000111000010001
11111111111101010010000010111011
11111111110011110101100010101000
11111111110111111101101011101101
00000000000001101101101011110011
00000000001000110100001111100101
00000000000001111010010110100001
00000000000000000010011010111101
11111111111110010001111110110000
11111111111110111100010011110000
00000000000001101110111110000111
00000000000000010011001101100000
11111111111011110011110011101111
11111111111011001100101111111110
11111111111100101001000000101010
11111111111000111010001100011000
11111111110100010010111001000111
11111111110101110011101011101001
11111111111100100001110000100101
00000000000000101011001001110011
11111111111100111100011010010101
11111111111110001110000011100111
11111111111011110011101001000100
11111111111110000101111100111100
00000000000100010000101001100111
11111111110011100100011100110101
11111111110110100010011100110011
00000000000010100110000111111000
00000000000011001111010000101110
00000000000010111011010011000001
11111111101110011110100111111110
11111111111101100100100000001101
00000000000010010100111001110001
11111111111111111001100110101010
11111111111111010000010111000010
11111111111010010011110111011010
11111111111101101111000011101110
00000000000010010001110100010010
11111111111010010011101001000000
00000000000000101011110000110100
00000000000001101010001111010001
00000000000000101010010001001010
00000000000001011000000001100011
11111111111010000000101000000110
11111111111011111001111111110100
11111111111101011001110010001111
00000000000001011100100011001000
00000000000010010100000110111000
11111111111010011001100110110010
11111111110110101000000001101001
11111111111110100110110101111001
11111111111100010001001010101001
00000000000010010000110000101000
00000000000010000101111001101101
00000000000010101110110010011001
11111111110111110100011011100101
11111111111100010000001011100001
11111111111011010100101100011000
00000000000110000100001100111001
00000000000011111001110000111111
11111111111001110100000101011111
00000000000000100010111000001010
00000000000011101010100001100011
00000000000010101111001001011000
11111111111111101001101011000101
00000000000001010110000010011111
00000000000001010110111000110101
00000000000000101110011000110101
00000000000000101000010011010110
11111111111110110101001001101010
11111111111011101110011101101100
00000000000001101011111000111100
11111111111111000000001111010111
00000000000011100010101110111011
00000000000011001010101111100100
11111111110111110001001000010100
11111111111000111110110001010111
11111111111100111011110100010111
11111111111101100101110111011111
00000000001010011010111010110101
11111111111011010100111000111010
11111111111101111101101110100001
11111111111000111001100101100100
11111111111101011010001000011000
11111111111010100010011011100010
00000000000100100010110001111011
11111111111111010011101010001011
11111111111110010011100101000011
00000000000000101010001001000011
11111111111111000100011000111010
00000000000011110001010101100000
00000000000100000001111100110100
00000000000011110101010000111111
00000000001010000001000011101001
00000000000001001111110001111101
00000000001101110000110110110101
00000000000011101000001110111011
00000000000011001001011011001101
11111111111100111111111010000100
11111111100001101001110011101010
11111111111111101101011100001011
11111111111100001011101010110011
11111111111111010011000111011100
11111111111011110010000101100001
11111111110000001100001111100101
00000000000000100101111001111101
00000000000000100001111110000110
00000000000000111110110000100011
00000000000100101010000010000101
00000000001001001111110110110001
11111111111100011011001101100001
00000000000001101100101010000110
00000000000010011110010011011011
00000000000001001011101110111111
00000000000101001011010110001100
00000000000101000100110001000011
00000000000110110101111110001011
00000000000000011111010101001111
11111111111100110111101111111011
11111111111110100110111010100001
00000000000100100100100000110110
00000000000001110101010010000010
11111111111111011101001000011101
11111111111001010101100101110110
11111111110011001000010010001101
00000000000001010110011000111110
00000000000000110111010100110011
00000000000000001111000111110100
00000000001000101101010101011111
11111111110101001011100001101100
00000000000000010111101000000100
11111111111111000100111110010110
11111111111111001101111111110101
00000000000100001101100100010000
00000000001001101011011111111100
11111111111100101001001010101010
11111111111001000110100011110000
11111111111111111111101100011000
00000000000010011010010101110010
11111111111100000010000100110000
00000000000000010111011010001110
00000000000110011001110011101101
00000000000000001111010001000110
00000000000010101001000110001110
11111111111001110000101000000011
11111111111110100011010011011111
00000000000001001010001010100010
11111111111100100110010000001011
00000000000000001011110000110000
11111111111000010101100010100111
00000000000100011100111110001101
00000000000001110111100111110101
00000000000001110011100110110011
11111111110000001000101001110111
11111111101111010111000110010100
00000000000000010100110000001111
11111111111111110001001110010010
11111111111100000001010110010001
11111111111001101111001000000001
00000000000011000100111110000100
11111111111101100011010001011000
11111111111100100010001001000011
11111111111101011100010011010011
00000000001010010000100101000011
00000000000011111011011001101011
11111111111011101011000100001000
00000000000110001110000000011010
00000000000011101101011101110000
00000000001011101001100111011110
00000000000000101100000100111111
11111111111011010001101111110001
11111111111100101111001101010001
00000000000010010010111101111000
00000000000000011110101110011111
11111111111011011111111010010011
11111111111000100101001011100000
11111111111111011001101101001111
11111111111111010011010001110111
00000000000001100011010111010110
00000000011001001100111111100111
11111111111011001000011010110100
11111111111110000110101100011100
11111111111010100011000010111101
11111111110011111001110011000100
11111111110010010111100001010011
11111111111111011010100110010101
00000000000000010110100101001010
11111111110100010101101001111001
11111111110110100100111111101111
00000000000000010101100100110101
00000000000010010100010001110011
11111111111001001001100000100100
11111111110000101111010001000110
11111111111110010111011011011110
00000000000101100111011101000011
11111111111010011001100101110010
00000000000001001101011001000001
00000000000100010110111010100110
11111111111000111011111001100100
11111111110100111100011011100000
11111111111111000110111011011111
11111111111101011100111010000000
11111111111110010010010111010010
00000000000100110111101101011110
00000000000000101001110101101000
11111111111110101001010110001011
00000000000001100001101111001110
00000000000011101101011011110110
11111111111100110111010000110010
00000000001000101000100011011000
00000000000011001010110111101001
00000000000100101110000010110110
00000000000000111010000000101011
00000000000101011111111011100001
00000000000101111110001100001100
00000000000011101101100001001010
11111111111110100100110100101110
00000000000111100011111111101010
00000000000111000011100111001100
00000000001100101001000000110010
11111111111011011110101010001010
11111111110101100010011000000100
11111111111100011010000010100110
11111111110101110000011111110000
11111111101111110010100001110101
11111111111000100000000111100011
11111111110110100110101000011000
11111111110101000011001001001001
11111111111010000111110101011110
11111111111100001011011011010011
11111111111000111000011011111001
11111111111111101010010101100000
00000000000010111100101110100010
11111111111011111001011000101100
00000000000010111101100101100011
11111111111000010000010100001001
11111111111010011010000001110000
00000000000010100010110001110111
11111111111111101101100001100000
11111111111010111010100000010010
11111111111011010001011000011000
11111111111111010111110111000100
11111111111110100010011010011010
00000000000001010111110010010101
00000000000110000101100010001010
11111111111110011101100101010001
11111111110111001011010110011110
11111111101101110101100001001101
11111111111010101101011110000101
11111111101111011000011110011100
00000000001100111110010101100101
00000000000010101111001001111101
00000000001000010010110111011101
11111111111110000101110100100111
00000000001010101111111101010000
00000000000000001110110001001000
11111111111101110110000010001110
00000000000000100011110000110100
00000000001000000110101000011000
00000000000110000010101100111110
11111111111010101100011110111110
00000000001010000011010000001100
11111111111101100001110011011110
11111111111100001101001010000101
11111111111101101111001110110011
00000000000001001101011000010101
00000000000111110010101010011011
00000000000101011110110001000101
00000000000011110000001101011010
11111111111110011110000011111010
11111111111011110101100010000100
11111111111100100011100000101011
00000000000011000000011000010010
00000000000011000110010000100101
00000000000111000100001110000001
11111111101010100011111101010100
11111111110000110100101101110110
11111111111011101001001001001010
11111111111101110010101011011110
00000000000010110111000010010101
11111111111001101100001101001101
11111111110101011101110001001010
00000000000111110111101111100011
00000000000011010110011111011110
11111111111110110001100010001010
00000000000001010100010011010010
11111111111101101000001001110010
00000000001010010000010110110101
00000000000011101011101111010011
11111111111011000100110000001001
00000000001010000111010110010110
00000000000001011101000010110011
00000000000010000000110111001111
00000000000000010110100111110011
00000000000001011101001010110100
00000000000101100100101101011100
11111111111100111001011010100101
11111111111100000101110000000001
11111111111010110101100010111001
11111111110111000000111110100001
00000000000100011000010011001110
00000000000100001001110100001011
00000000000010100111100011011000
00000000000011001111100101001011
00000000000100001001110001010010
11111111111111001110101011011000
00000000000001000110110001001000
00000000001000110000000011011111
00000000001000110001110010000111
11111111111111111011011101110111
11111111111110100101111110000000
11111111111101100100100110010011
00000000000110010001111011111000
11111111111111110110111000000100
11111111111010110100100010101001
11111111111011011101111011101111
11111111111111010110011000000111
00000000000010001110001111000010
00000000000000111001101100010011
00000000000101111110011001010100
11111111110000110011001011000001
11111111110010011011001100101100
11111111111100100110001101111101
00000000000001110101011101101101
00000000000010011011101101100000
11111111100001100000001001100001
11111111110101111001111000111101
00000000000110101100100010101111
00000000000101000111011010010101
11111111111111101011011101100001
11111111101000101100001110010101
11111111111011101010100100001011
00000000001011011001111001110111
00000000000000110101101100100000
11111111111110001011110111101111
11111111110011100001100111101110
11111111111100110001010000001110
00000000000101101101010101100111
11111111111010110010001000101100
11111111111110011000011001100101
11111111110101010010101110111101
11111111110011010100001111111000
11111111111100110000100000011001
11111111111100010101100111000110
00000000000000011011001101000010
00000000000101011101011010010011
00000000000110101101010110011001
00000000000100000111010010111101
00000000000011111100000000101100
00000000000010101010000011011100
11111111111010110000111111001010
11111111111110011001111111010101
11111111111011110111001111001011
11111111111101111011111110010001
11111111111101101101001100010101
11111111111011010011011110010011
11111111111101110100101000000000
11111111111111100101100110111100
00000000000011000100010111011111
00000000000000001111000001111110
00000000000001101111100101101101
00000000000110101111101011010010
00000000001000110100001010111111
00000000000101001100000010001000
00000000001001010100100010110001
00000000000011010111001100000101
00000000000011011000101000000000
00000000000010101111110110101110
11111111111111001010001011110100
11111111111001001011111101111101
