00000000001001101011110110010100
00000000000001001000000110100011
11111111111100110111110010100100
11111111111110000011110001100011
00000000000110111100101000010011
11111111110111001000010100101100
11111111111100000001010000100111
11111111111001100011101001000111
11111111111011100100000100111001
11111111111110110110000101000110
11111111110101011011010101011000
11111111111101110111000001110100
11111111111101110010011110100111
11111111111110011001100011010001
11111111111100001101001000010000
00000000000001001100010010101100
11111111111110111110111111011001
11111111111111100011110100011010
11111111111011101011111010011110
00000000000111010011000000111111
00000000000010001011010100001001
11111111111001110010100001110000
00000000000000010010101100011100
11111111111111100011010100000111
00000000000110010110010011010100
00000000001001100110001011010110
00000000001110111001111111011000
00000000000110110011101001001000
00000000001110101000111111011101
00000000000001100111001001100011
00000000000110010110110011011101
11111111111101110001100100011011
11111111111111111010101100110100
00000000001000110000100110110110
00000000000111011001101011111101
11111111110111101010011011101110
11111111111100000000010101110010
00000000001001010110010000011101
00000000000010001111110000001100
11111111111101010111010010011110
11111111111001101100111011010011
00000000000100010100011111001101
00000000000101110010110001101010
11111111111101000100000011000110
11111111111111111100011001110101
11111111111011111100011100101100
11111111111010110100001011000001
11111111111010011010101001010010
11111111111100010001000001001001
11111111111111010011011011111000
11111111111001001100100010001110
11111111111010101010101011101001
00000000000010010100011110011001
00000000000010001001110100011101
00000000000110001000111110101010
00000000000110001101010110110110
00000000000001001100000010010110
11111111111011100010110011001100
00000000000000111001110100110001
11111111111111100101100010110010
00000000000110000011100111100100
00000000000001000000010001000001
11111111111110001011101011111010
11111111111110011000001000101110
11111111111110001111011101010010
00000000000000001101101000011110
11111111111110101011111100011101
00000000000010101110100010010011
00000000000011001101010110101100
11111111111101111000100000011111
11111111111111111001110110010110
00000000000001111110011001001001
00000000000011011110111111110001
11111111111110110000001100000111
00000000000000100101001111000100
11111111111010101110010111001110
11111111111010101101101100101010
11111111110111011001000101001000
11111111111100111000101110100010
00000000000011110111011100001100
11111111111100110101011101100111
11111111111100110001001000111101
11111111111011001010110110010011
11111111111011100100001101001111
00000000000001110000101100100001
00000000000011110110000000001110
11111111111111100100001111111011
11111111111111100101111001110110
11111111111011111001011100000000
00000000000111001100000110001111
00000000000011101111101101100001
00000000000001001011100001010000
11111111111011010011001011000011
00000000000010000010011100101001
11111111111110010101000001101111
11111111111110100100010101111101
00000000000001111001101110111110
00000000000010010000110110101000
00000000000000000000101110101110
00000000000001001110010000011000
00000000000010111011000100000101
00000000000100011101000011101101
11111111111110110101100010011011
11111111111111101011110011011001
00000000000110001001101110100001
11111111111111100101110001101101
00000000000001011110111101000110
00000000000101010110001100011011
11111111111100101011011100000010
00000000000000000000100000100010
00000000000100000011010100010110
11111111111111001100010101001100
11111111111110001001001110010101
11111111111000110110001000000001
00000000000000010101010111000001
00000000000100100010010101000100
00000000000110001011000011000100
11111111111111100010110101010101
00000000000011000110010010011001
00000000000001011000001111011000
11111111110111011000101011011000
11111111111011000111010001011000
00000000000001111001101010011100
00000000000101001100001011101001
00000000000101101001001000011010
11111111111001110101101000011110
11111111110011011111000011111100
11111111111001101010110101111011
11111111111111010001110001010010
00000000001001101110001111100000
11111111110101110001100001100001
11111111111011110100110101110000
00000000000111101011101010000001
00000000000101001010001011010000
00000000000000101010000101111011
11111111110101001110101001000101
11111111111100101111110101101000
11111111111101000001001111001101
00000000000001001010000001000001
00000000000011010001110111111010
00000000000001111101110111001000
11111111111100001101111010000110
11111111111001001111101010000101
00000000000001101101100100100110
00000000000110101101111101111101
00000000000001000111101011111011
11111111111101111000000010011000
11111111111110001001011101010110
00000000000001111110000011111101
00000000000010011100100110000101
11111111110100100000101001101100
11111111110101001111001101011111
11111111110110011110101110110010
11111111111010100000001011010111
00000000000000110000100011000100
00000000000100010100000011010010
00000000000010110001010000111101
11111111111011110011001110100010
00000000000111000000110010101010
00000000001011001110111011000001
11111111111111000001100101100110
11111111111110100110110010110001
00000000000000111100111100000001
00000000000010000100111000011111
00000000000101111011100101101100
00000000000011010000100010111110
11111111111100001110101110111100
11111111111111011100001000101000
00000000000110100000001101000010
00000000001000001010000100111111
11111111111100010110010100110100
11111111111100000000111110100101
11111111111100100111110011101001
11111111111010101110110010000001
00000000000000001000100100110100
11111111111110111111000001101001
00000000000001001010100010001100
00000000000010000111101011000010
00000000001000100001100110011000
00000000000111110001110101100110
11111111111101110000001010101011
11111111111010100111000110110101
00000000000010001110101000101001
00000000000101101010000100010110
11111111111101110111011100010111
00000000000011010100111100011010
11111111111011111110010111111100
00000000000000001111110011001011
11111111111000001011100100111000
11111111111001000010101000101010
00000000000100101011100100110001
11111111111101100001001000011001
11111111111110101001011010111100
00000000000100001100000110100001
00000000001110011111000111011010
11111111111011101100100011111010
11111111111010101110110101111100
11111111111110000110000000100011
11111111110111110111100011001111
11111111111100010111101011000011
00000000000010001111100000010101
00000000000100001000010010100000
00000000000111001001110111010110
00000000011010100010001000110100
00000000011000110101001000001001
11111111111101111001100110001101
11111111111111010101011111111100
00000000000000000001110100010101
00000000001110010001110100100111
00000000000110010101110111010011
00000000000000101100010100101111
00000000000000010001010100000110
00000000000010111110011110101001
00000000000100101010100110111110
00000000000110110011100100000000
00000000000001100011001100000110
00000000001010011100101001011100
11111111111001100101110000011110
11111111111100001110001100001101
00000000000000100101111010101010
00000000000101011110101000001001
00000000001000100101011111001000
11111111111110111110100011011111
00000000000001011000111110100001
00000000000101010011110101001101
00000000000000110111110110011111
11111111111101000011010010010001
11111111111110101111010011110111
00000000000101000001011110101100
00000000000010111001111010110001
00000000000001000111101111110000
11111111111111100000110000001001
11111111111011111100111011011100
11111111111100000010100100100001
00000000001011001100011101001001
00000000000010111001111110011001
11111111111011100001110001100011
00000000000000110101111101111000
00000000000110010000101101011111
00000000000111111001001100000000
00000000000111001000010001011100
00000000000001110011011101001001
11111111111010111011101010010111
00000000000110011011101101110101
00000000000110001111110010101001
00000000000011111111110001011100
11111111111011001101010000010111
11111111111001010101111100000000
00000000000000111111110011101101
11111111111110000001010011011001
11111111111101101110111110110111
11111111111011010001011011101000
11111111111100011101000011101100
00000000000011011101010101110001
00000000000111001101100011011010
00000000000110001001011100101001
00000000000001010000100100111000
11111111111110110001001110001110
00000000000100001100001001001011
00000000000101011100000010110111
00000000000011001110010110011110
11111111111101100010000011100000
00000000000010010110000001101001
11111111111110001001111001111011
11111111111111111001110011011110
00000000000101111101100000101011
00000000001000100101101010010000
11111111111111011111101111011101
00000000000000010000001110101001
11111111111001100011101111000100
00000000000000001101001111011010
11111111111100011111011111000010
11111111111010101100110010100101
11111111111000000110001111110101
11111111101110101001110100010111
11111111110100100111100000001100
00000000001001011011010010110110
00000000001000100000100101011100
11111111111101101111111001000001
00000000000101101101011011000001
11111111101001001110011000001001
11111111111100111011110101111110
00000000000110000110110011111010
11111111111111001101001011011110
11111111111110111100111101001010
11111111110100111110100000100111
00000000000000100010011110111010
11111111111110100100110110110100
11111111111101000110010000111010
11111111111111010011010001100100
00000000000010111110111010101010
11111111111001101001000100110010
11111111111011110001000001111111
11111111111011011111001011100011
11111111111000101010011100111000
11111111111111101100010011011000
11111111111000101000000010100110
00000000000010011101101001000110
11111111111111000110011111110001
00000000000000010110100100101011
00000000000110111010100011000001
11111111111011110101010110010000
11111111111100000010011000011101
11111111111100011110010100001100
00000000000011000010111111001011
00000000000010100101110110000010
00000000000001000111111010110100
00000000000010110010001100111010
11111111111000000000111000101000
00000000000011001011000110110000
00000000001000111010111101101010
00000000000101111000110001000111
00000000000011101000110001100100
00000000000010111100101001111110
11111111111110100101001010111111
00000000000011010001110100001000
00000000000101010110001100000111
00000000000101100101100000000010
00000000000101111100100010110100
00000000000101000100010111100011
11111111111101001001010000100101
00000000000111110000111011001100
00000000000110010111110100011011
11111111111110110000000111100000
00000000000011110100001101100011
11111111111101001011010000111111
11111111111001010010110000001100
11111111111101110000001101010010
11111111111011111111101001010111
00000000000011000111101000001101
11111111111000110110010101100011
11111111111111111011011001010111
00000000000111001100001000101100
11111111111100000101000011100001
00000000000101111111101101011100
00000000000110101110101010111000
00000000000111001000110101100010
11111111111010001001010010000011
00000000000101111100010001101001
00000000000110111011111110000100
00000000000100110000000100011100
00000000000000100010110011001001
11111111111011010011110001100110
00000000000000100101001011100010
11111111111101100011000011010010
00000000000001010010011011101001
11111111111001010011011110111101
11111111111011101100000111110001
11111111111101101001010101100111
00000000000100111001101111100100
00000000000101110110011011001000
00000000000010100011101010100011
00000000000010100001111010000100
00000000000100111110001010111010
00000000000010010001100101000111
00000000001110111000110111110111
00000000000110110110010111100000
11111111111100001110001101010100
00000000000000101001101011001011
11111111111110110011110001111011
00000000001000101001101111011110
00000000000011001000001110100101
11111111111110101100011110101110
00000000000010010000101001111110
11111111111101111111110010001011
00000000000101111011111001111001
00000000000011110100100011110111
00000000000101111111001111101000
00000000000000100011000100110111
11111111111100100011000000011010
00000000000011100111101101010010
00000000001100000101100000111011
00000000000001001010111101010111
11111111111101010000100111100111
11111111111101110011000010001110
11111111111010000000000011100110
11111111110111110001010000111100
11111111111000011011010011100010
11111111111011000000101000001101
00000000000001010000110000100011
11111111111010011001100111100010
11111111110101100101001001110111
11111111111101111100111110100111
11111111111001100011111110100100
00000000000010001011100011000100
00000000000110011000000100011100
00000000000001010010110110001100
11111111111111111111010000000011
11111111111111010011111111010110
00000000000010001001101110101100
00000000001000110100001000101010
00000000001000001100101100010100
00000000000110110101100001001110
00000000000100100100110011001010
00000000000101100001010111101110
11111111110111100010110111011010
11111111111011001100010101010000
11111111111111101001110101110111
00000000000010000100001101100000
00000000000011001000010111101010
