11111111111110001101001100111010
11111111111101001110011100010001
11111111111111110011000011101011
00000000000000101111111000101001
00000000000000011000110110001101
11111111111101111111001100011110
00000000000001110110110110001000
11111111111101001011110110001000
00000000000001011100111100101101
11111111111101011110111001000000
00000000000000001000000010010111
00000000000010011000111101101010
11111111111101000010111101101110
11111111111100001001110010100110
11111111111101000001010101010011
00000000000010001101001111011001
11111111111100110010110110100000
11111111111110010000111101111011
11111111111100010010000101001010
11111111111111001101100001101111
00000000000001110001111110100111
11111111111110001110101100100111
11111111111101000011000111011001
11111111111101110110100001110111
11111111111110101011110001001100
00000000000000101111001101010111
11111111111111011000101000111010
11111111111110011010110010111101
00000000000010011001101100111101
11111111111111011110100110000101
11111111111100010011101110011000
00000000000001010101100000000111
11111111111111101100011011011001
11111111111110010110010100000011
00000000000000001100011100110001
11111111111100000011010100110000
11111111111100001111101111011111
11111111111111011100101101000111
11111111111100111000000001000010
11111111111100100010111001100000
00000000000010001101110000100110
00000000000000100011110110111001
11111111111111111000100101111111
00000000000001101011000110010010
11111111111101110011001001011001
11111111111110101110000100010010
11111111111100111101111110100000
00000000000000110001101101110111
00000000000000011110010100000000
00000000000000110010001110110110
11111111111111011100011001111011
11111111111111011101001011101100
00000000000001101000011011110000
11111111111110100010111101011001
11111111111100101100000111100101
11111111111100110000010110101011
00000000000000100110001000101000
11111111111101100101011010101011
11111111111111111111011100000001
00000000000001110000001001100001
00000000000010000101111011011010
00000000000001000000101111101001
00000000000001011000110101100010
11111111111100111011001110010101
11111111111101001101110111000110
11111111111111111010110101101100
11111111111100010001100001110010
00000000000000011111011000100110
11111111111110011111001011100000
00000000000000100010010001000101
00000000000000100111010101101000
11111111111110001000000011010000
00000000000001110010111111111010
00000000000010000010010101101101
11111111111110100011111011100011
00000000000011000101011110100010
00000000000000110101101101111010
00000000000000100010001110110110
11111111111101100101001110001000
00000000000001110101111000000010
00000000000001001111010110100011
11111111111110010000010101110111
11111111111110111011001010100001
11111111111101001100010011010101
11111111111101010000111010001001
11111111111100101111010101110101
00000000000001111110100000110010
00000000000000011110001110000001
11111111111101100100100110101001
11111111111110100011101100100101
11111111111111000110010011111011
11111111111111100111110001101010
00000000000010001110001000110101
11111111111100100001001011111001
00000000000000101001111110011110
11111111111110110001111001100111
00000000000001111110011000100101
11111111111110100010100000010110
11111111111100010101101111001111
11111111111110001111000101010011
11111111111110100010011010000011
11111111111111000000100011100001
11111111111101110101101001001000
00000000000000101111000001011011
11111111111101001101110111110010
11111111111100100110111111001100
11111111111101110010101001110111
00000000000001001110000100100001
11111111111100001100101110010111
00000000000001011000100000011011
00000000000000111111111110010001
11111111111100000111000011110111
11111111111111001010101101011000
11111111111100101010101010011110
00000000000010010000011001010100
11111111111110010101111001011110
00000000000000010010010110110010
11111111111111001111001111001100
00000000000000011001101100101110
11111111111101110111100101001110
00000000000001100101110010100010
11111111111100000101001001001101
00000000000010000010100011011000
11111111111100101111001011010001
11111111111111000101100000110100
11111111111111001011011111010000
11111111111101101000001010111101
00000000000001010100011010011110
11111111111110111101111101110000
00000000000010011111010001100010
11111111111111111100100010001100
11111111111110100001001000111001
11111111111101110111001010000111
00000000000001011001001101100100
00000000000010010110000111000010
11111111111110000111101111000110
11111111111101101100101001101011
11111111111100001100010000110111
00000000000000111110000101001001
00000000000000011101101111000100
11111111111101110000100000000110
00000000000000001011101001110101
11111111111101011010000000110000
11111111111110110000101010110010
11111111111101011010001100000011
00000000000001001000111100101001
11111111111101001110010111100101
00000000000001000001000101110101
11111111111100110111010101001110
11111111111111110111010111110010
11111111111100101101011101001011
11111111111110101000001111001011
00000000000000000101101010110101
00000000000001010010110001101000
11111111111110001100100100011010
11111111111101100000111011011101
00000000000001000100101010010011
11111111111110101110101000100001
11111111111100000101101011111101
11111111111110111011110001100011
00000000000000111001010100101100
11111111111101111000110101011100
00000000000001100000011111101000
00000000000010010101000010101101
00000000000000101101000111010000
11111111111101101010010111111010
11111111111100011110111100101010
11111111111101111100010100000010
11111111111110110111110101101111
11111111111100010011111010100111
11111111111111010011110000110011
11111111111101101011000101101011
11111111111101000111011000001010
11111111111100011011110110101110
11111111111101101111100110100001
11111111111101000111100101010000
00000000000000011110101100111000
11111111111101011101100101100111
11111111111100010110100010011010
00000000000010011001110110101111
11111111111110010000101110010001
11111111111100100010010010111101
11111111111111110011111001010010
11111111111101101001100111100111
00000000000000010111101100111110
11111111111100000011111001111101
11111111111110001011111000011010
11111111111100000110000100101101
00000000000001110000101001100010
11111111111100010001001100011011
00000000000000001100000001010001
11111111111100100011010110100000
11111111111101011101010111100110
11111111111110101110101111011011
11111111111111011011001100110001
11111111111101101000101110100101
11111111111101100000111111011011
11111111111111110001010111010010
00000000000000111010110010100011
11111111111110110111011001110100
00000000000001101000100000101010
11111111111111101001010100111101
11111111111100010100011000111010
11111111111100010100110001010010
00000000000000111100001111000001
11111111111111001010111010101001
11111111111110011100011011111100
11111111111111011011011111111110
11111111111111010101111001011010
00000000000001100010111101110000
11111111111101101111001100101001
00000000000010101111101011110110
11111111111111110010010000101101
11111111111110100111111111001110
00000000000000111111111101001000
11111111111101111000101111100001
11111111111110011000001101010110
11111111111111101100011001011100
00000000000001110111101000001011
00000000000000001010000011111111
00000000000010010101111110010100
11111111111110010000100110111111
11111111111110111010100111110110
00000000000000001001010110100111
11111111111110001001001101011101
11111111111100010110101001000010
11111111111100110110100010000000
11111111111101001001100110000100
11111111111101011100101011010010
11111111111101010111110000001101
00000000000000110011011011011111
11111111111101011111111010100110
00000000000000000011000010000100
11111111111111011000001010011010
11111111111110100100111000111001
11111111111100110000110011101100
11111111111101001100111100010011
00000000000000101101010100101100
11111111111110100111110001100000
11111111111111101001010000011010
11111111111110100110100110011100
00000000000001100011000001001011
11111111111100101101100101001101
00000000000000001010010111010010
11111111111111100101000000011101
11111111111100010110000011011111
00000000000000010001011100100111
11111111111110010000000011010010
11111111111101101010100011110110
11111111111110001010010000101110
11111111111111011010100101011000
00000000000000111110100001000111
00000000000000000100110001001100
11111111111101100110100000011100
00000000000000100000001111100111
11111111111110110100111001111001
11111111111110110111010111100100
11111111111110101000110100111010
00000000000001000110000010001101
11111111111111110010110111100111
00000000000000111101101110100010
11111111111111011100111010001010
11111111111111001110111111111010
00000000000000110000101111100100
11111111111100000110111110011101
00000000000001001100101100000000
00000000000000100110011000111101
11111111111110000001010000000101
00000000000001100010001001000110
00000000000010010010100101000000
11111111111101011010111110001111
00000000000010011000101111110101
00000000000000000010101011000011
11111111111111101010011001101101
00000000000000100010110111110011
11111111111100111100101111011000
11111111111110011010101000000011
00000000000000011100110011101100
00000000000001010111011000100010
11111111111101010000101111010010
11111111111101111110100000101011
00000000000001010110011010110011
11111111111111001011000011100110
11111111111111100111000101110010
11111111111111110001100111101000
00000000000001111000100010000111
11111111111111011011010010000001
00000000000001101001111110100011
11111111111111101010011010111100
11111111111110111011110001101000
11111111111110001001100000110001
11111111111111100111111010010000
00000000000000111010000100011011
11111111111110011100101100100010
00000000000001100010001011011010
00000000000010010111000011011111
11111111111110001010010000000101
11111111111110000110100000001010
11111111111111101101100000000000
00000000000001100000001101100001
00000000000000000111011010000011
11111111111101110000000110110111
11111111111101010011001011010110
00000000000001011101110010000100
00000000000001011000011101111100
11111111111100100101011000010011
00000000000000101000011001101101
11111111111110010110001111001110
11111111111101110111111011100010
00000000000001011101100000010100
11111111111110000101011101100110
11111111111110010011001001000110
00000000000010011001100010011100
11111111111110110100111100111011
11111111111110011110100111100011
11111111111110010001110100010010
11111111111110111110000001011011
11111111111110100000110100000110
11111111111101101000001100111000
11111111111101011100000110100100
00000000000001010100100101111101
11111111111100010111000101100101
11111111111101110011001110110110
11111111111110001011111111001111
00000000000001010001110000100011
11111111111101011010000011101101
11111111111111111011001011011100
11111111111110100010001000010011
00000000000000011101100101110001
11111111111110110010110001011110
11111111111110110011100011110110
11111111111100110110111010010011
00000000000001101100100101010110
00000000000000111110110110010110
11111111111101100111001010000100
11111111111111111000100111101100
00000000000000011010001001000010
11111111111111100111100011100111
11111111111101110010110101100100
00000000000001110100111111110000
00000000000000000001110110000100
00000000000001010101001100010101
11111111111101100011001010001011
00000000000000011111100011001011
00000000000001101011110001001000
11111111111110001100011011101011
11111111111100110010110100100000
11111111111100010101101011101100
11111111111100111111010000101111
00000000000000111101110110010011
11111111111110011011110011110110
11111111111110101100110001110100
11111111111100100111100110010101
11111111111101100111001110000111
11111111111110001111010111101001
11111111111101000111101100000001
11111111111101111110000010010010
11111111111101011001111010110000
11111111111101100010100010001111
11111111111110100011000001010000
11111111111111111111000011011000
00000000000010000011110100100001
11111111111110100001011010101111
00000000000000011100111100010110
00000000000001100000101100100001
11111111111101011000001111010101
11111111111110100011101010011101
11111111111111111011010010101100
11111111111100110110001010101011
11111111111101011001111110011001
11111111111111010101011000101010
00000000000010001101110110100010
00000000000001110110000111101101
11111111111110000000010111001100
11111111111101000111101111111100
00000000000001000101011110010001
11111111111100100001011010110101
11111111111100011111011001101001
11111111111100010000000001001100
11111111111100001101110010101010
00000000000000000010011011000111
11111111111111110100110011100110
00000000000000100010011000101011
00000000000000000100100110100101
11111111111101111011001001010110
00000000000001111100000110110001
00000000000001010011111101110111
11111111111111111101011111111100
11111111111100101011000001001000
00000000000000010001110110001101
00000000000001011010101101010011
00000000000000111000100100110011
11111111111111001110110000100010
11111111111110010000100111001000
11111111111110000000111101101111
11111111111110001001101001110110
11111111111111110100011010111100
11111111111101000100110011000010
00000000000001010101001101011101
00000000000001010011010010111110
