11111111110011110000001001010000
11111111110111110000111001000010
11111111111110111000011001111100
11111111111001110001111101101011
11111111110111101111000101010000
11111111111101000001001100000001
11111111111111010111100011100010
11111111111100000001111011001011
11111111111111101010000000000111
00000000000010100000010101111010
11111111110111000110011001101010
11111111111000000001011001100100
00000000000000100101011001111010
00000000000000001111010000110110
00000000001011111110101111110010
11111111110111001100110111000000
11111111111110001011110110001000
11111111111100111100110110000000
00000000000001011101100010010010
00000000000110010101011011100101
00000000000111100100000101111111
00000000000010011101110010010011
11111111111011011000100010000101
00000000000001101111101001111000
11111111111111011000111001000111
00000000000000011111010010111011
11111111111010010101110011110101
11111111111000011011001101100011
11111111110010110000010111110100
00000000000101100011001110000000
11111111111111000010000101011011
00000000000111010010011101010001
00000000000000000100000110100111
11111111111100101001110010001101
11111111111110010010010000110100
11111111111011111110110110011010
00000000001000010011111110110010
00000000001011010111010011111011
11111111111100010010010101101110
11111111111101110000000010000101
11111111111100110010001001110010
00000000000001011011000000111100
00000000000011010101001111010000
00000000000101000111100011110111
00000000000001111000100100110011
11111111111011101000100101100111
11111111111110001010101001101011
11111111111111111110110101001111
11111111111111011010000010000001
11111111111111010011111011000100
11111111111001101100000101011001
11111111110111001111101110110011
11111111111000001010010000001000
11111111111101111110110110010110
11111111111111010110000010010110
00000000000100110111100000001101
00000000000010000100010110111111
00000000000000011011101111000101
00000000000011101010011110110000
00000000000100100110010101110100
00000000001100000000101000001010
00000000001001001111100011101011
11111111111110011110010101110010
11111111111110110000111010000000
00000000000101011000000011101010
00000000001010010101110001111010
00000000000100101001000000110110
11111111111100001001000100100111
11111111111010001111110111010001
00000000000000001011110110100001
00000000001001111111001000011001
11111111111100000001111000110011
11111111111100010010001100101010
11111111110110111000111111101110
11111111111011010011101101011000
00000000000010010011111010000110
11111111111111011111110011100101
11111111111110000011000101110001
00000000000010110000110000001000
00000000000101110110001101010111
00000000000001111011110011010111
00000000000011011000100110000101
00000000000001111111010001011101
00000000000101011100000100001001
00000000000111111100101110000101
00000000000110011001010000000100
00000000000000001101000001000010
00000000000000001011000000010000
00000000000100011100101011110001
11111111111011100001111001110001
00000000000110001111011001011010
00000000000101001001111110010011
11111111111100100100110100101001
11111111110110111100110101000111
11111111111101001101011011100111
00000000000100000111000101110111
00000000000001100011100000001011
11111111111001111100011001111011
11111111111011110101011100100110
11111111111110110011010000101011
00000000000101001100011101000010
11111111111100001101000110111000
00000000000010101001010010101110
11111111111010101000011000001000
00000000000010011000011101110100
00000000000011101001011000101100
00000000000010111111111100101111
11111111111111010111000111100111
00000000000100111101000001000101
11111111111111010001010001000100
00000000001001001010011000010000
11111111111000110111111111010101
11111111111100000110000001100010
11111111111111010110100001001100
00000000000010001001010100000001
11111111111101000110111101100100
11111111111010101011000001011110
11111111111111000100111111001111
11111111111101110110111101111110
11111111111111101011011111111111
00000000000000110111011101001100
00000000000001111100011100101101
00000000000001000010000010000111
11111111111100010001001101011000
00000000001001010111100101100111
11111111110001000000101111010110
11111111110011111011000101011000
11111111111001000010100111001011
11111111111000110011101110000110
11111111111100001101001001000001
11111111111000110000010111010100
11111111111001100001000000101101
11111111111001110101000000111010
11111111111101010011111111111011
00000000000001100111100110010101
11111111111011100111010100111111
11111111111101010111110110000110
00000000000000111100110111000101
00000000000100000110101011011011
00000000000100001010000110111110
11111111111101000000000110011100
11111111111001010010100110101101
11111111111011000011010010011000
00000000000101001110001110000101
11111111111110000101000100100001
11111111111010010011101011000011
11111111111101101101011100111000
00000000000001011101111111100011
00000000000000010110101000100110
11111111111110100111000110001111
00000000000101001011100001110111
00000000000011101010111100111001
11111111111111100001001101100100
00000000000100011011010000001010
11111111111110101001100111010101
11111111111111000001000001111001
11111111111010001110011001100110
11111111111011011101010001100000
11111111110101110101000001000010
11111111111111100011000011001101
11111111111100111000011000100000
11111111110111000111100101110000
11111111111001101011001001010011
11111111111110010101011011001100
11111111110001011011000011010011
11111111111111100001100101111010
00000000000001010111000010000101
00000000000011000110101001000010
00000000000000011110101110111010
11111111111001101110100101011001
00000000000111010100101011101101
11111111111100001001001101110010
11111111111010010010110101010000
11111111111010101111100100011011
11111111110100111001011011000001
00000000000011011111100100111110
00000000000010000100111111100001
11111111111111101011110110101011
11111111110011011011000010010100
11111111100111000110000100101100
00000000000000110101010010001101
00000000000011000001111010011001
11111111111101100100100100110010
00000000001111011000000101001010
00000000000010010101011100011001
11111111111110100001010101010001
11111111111111100010100100000011
11111111111101101011011110000110
11111111111110000111010001001001
00000000000101010001000011101011
00000000000001100000101011110000
11111111111010001000001100101100
00000000000000000110011100101001
00000000000101111000000111000101
00000000000010001001110011011111
00000000000011011111000000101010
11111111111011101001010110100000
11111111111011011110010011110111
00000000000101110000100111001110
11111111110110001011100101010100
11111111111101100011100101001000
11111111111110101001100110011111
11111111110111011101011011001001
11111111110110001101011101001100
11111111101111010010011010010101
00000000000100110000010000110111
11111111111110110011111011010000
11111111111100001010101101111101
11111111111100001010010100101010
00000000010010001110011001000001
00000000000101100010110100100011
00000000000101010000111111101101
11111111111110011001000110000011
00000000000111001001010110000011
00000000010000000010100011101011
00000000000100011110010011100110
11111111110101100011110100000011
00000000000001010001101011111011
00000000000101100000111101101011
00000000000101101100111010011110
00000000000000100100111100011110
11111111111011101100011010101001
11111111111001111000001000110010
00000000000111111000100110111110
11111111110101011010011000110101
00000000000011111001000100100110
00000000000110111101110110000000
00000000000100010000101110001111
00000000000101000000001000101110
00000000000011100110111110000100
00000000000100001100101010010100
00000000000000010000111011101010
00000000000010110010110001000010
11111111111001101110111011000101
11111111111000000111001011001110
11111111111101111101110010001000
00000000000100011101110001010001
11111111111111001110101101101101
00000000000101010010111110100001
00000000000001111100111111101101
11111111111001111011100000111111
11111111111001001100011011010110
11111111111100010101000000110110
11111111111110111100100000010010
11111111111111001100100110010100
11111111111110011011010010111011
00000000000010010111001100101111
11111111111101011011011000111010
00000000000011000001010100001111
11111111110011001101011110010110
00000000000101101000000010010001
00000000000100011000000101011000
11111111111101000001101001011011
11111111111110001001101000011011
11111111111110111101001000111010
00000000000100111001001011001101
00000000000010011101011011101001
00000000000011110101100111010001
11111111111001100101000110000010
11111111110001001110110110111101
00000000001010100000011100101101
00000000000100110000010100000001
11111111111011111111101100010000
11111111111010011001111110100110
00000000000001010000100110010011
00000000001100100000011000011001
00000000000100000101100011000010
11111111110110101111001100111110
11111111111100001111101111100101
11111111111101111111000010011010
00000000000110111101111011111000
11111111111101111111001000001001
11111111111110011100010101010010
00000000000010110100001110110100
00000000000001101001010100010001
11111111101111110000010001100010
11111111110100111110100011110110
11111111111000000001110011100010
11111111110100001111101001110010
11111111111010111101110000000110
11111111100111101011000001011101
11111111110100101100101100010011
11111111110001101010010011111000
11111111111010000101111101010100
11111111111010110110100000111100
11111111101001011100110111001100
11111111110101011101111111001010
00000000000001010011111010000110
00000000000010011001111011010011
00000000001100001000000110110100
11111111110100010011000001100101
00000000000001110010110000100011
00000000001001001001100001000000
00000000000001101110110101100000
00000000000000111110101100101100
00000000000101001101101010110001
00000000000010111000111000100101
11111111111110011010011010110110
11111111111111100000111011100101
11111111111110100000000000001001
11111111111110000100101011101101
11111111111010010010010101010111
11111111111111001110100111110100
00000000000110010111110100111100
00000000000101000001101010001101
00000000000111011110100010110110
00000000001101100000000100000110
00000000000110110000111010111100
00000000001010011101001101101100
00000000000010100101101000101001
00000000000011100000010101010100
00000000001001110011110101100111
11111111111101110001011010110110
00000000000001010011100011010001
11111111111011111110111010111101
11111111111110100011111100100111
00000000000010000010100100001101
11111111111011010000100011001000
11111111111110011101000010011010
00000000000111010001010010110110
11111111111111001111011001100011
11111111111101001101011110110001
11111111111010110110011000111101
11111111111001010110100001011100
00000000000100100100101100001111
11111111111111011100111000100110
00000000000011111111010111101100
11111111111100011010010000010100
11111111111010100101000110101101
00000000000011100111011001001110
00000000000101000001110001000000
11111111111100001111001101111010
11111111111101100100001111100101
00000000000100010000011101001110
11111111110111111100001010000001
11111111110111101100001100110100
11111111111101001011000000100011
11111111111010000111001100001001
00000000000000100010001111110011
00000000000001100110010011110101
11111111111101101111100101111011
00000000000000110110000100100010
00000000000100110111010010110010
11111111111111101101000111001011
00000000000100011011001100101111
00000000000100111100011100110101
00000000000010111110101001000111
00000000000001011100000101100000
11111111111101111110110010011011
00000000001000001000101100000110
11111111110000001000110100001100
11111111111011000111100100011000
11111111111000011010110111010101
11111111110111000101110111011111
00000000000100101011001110111011
00000000001011110010011111101111
00000000000010110101011111100001
11111111110111101100111000011011
11111111111100110111101100001100
00000000000010101010100100011111
00000000001111111000111101011100
00000000000110010100001110011011
00000000000010111000000010100000
11111111111100110010011111111110
00000000000010100010101110101101
00000000001100110011101111011100
00000000001110110010010111000110
11111111111011101111010100010000
11111111111111001100101111101110
00000000000100001111011101000100
00000000000100100101101110011010
00000000000011100001011001011110
11111111111010100111111101101100
00000000000001100100111000011100
00000000000000011100101010010110
11111111111110100100110010101010
00000000000111010101110111011111
00000000000110011111100111000101
00000000000100011110011110010010
00000000001010100000100100100100
00000000000010001010100001101011
00000000001001011100101011011111
00000000000111001010001111101111
00000000000110000111000010101011
00000000000101000011001101100111
00000000000010111111110000000110
11111111111111010110010111100111
11111111111110010010110001010011
11111111111111101010011001100000
11111111111110011110100111001111
00000000000010000101100101100101
11111111111111100101011110001111
11111111110010000011110100110011
11111111110111100010011010011110
11111111101111010110110101000101
11111111111011001111100101000001
00000000000010110111100100101010
11111111111010101101110101101110
11111111110011111111001100011011
11111111111010111010000111111100
