11111111111110111001000001001111
11111111111111111001000001010110
11111111111100100011100111001111
00000000000001110111101110100111
11111111111101001000001111110001
11111111111101100000111100100111
11111111111111010000001111011110
00000000000000000000000111111111
11111111111111110100010110010111
11111111111100010000001100011111
11111111111111111001100011101101
00000000000000100011011110010001
11111111111111011000110001011011
11111111111100010011011001011000
11111111111100101000000101001101
11111111111100110001011001001011
11111111111110011111010000110110
11111111111101011010101011000111
11111111111111110001011111000001
00000000000000100010111101010111
11111111111111000011001011001111
00000000000010000000010111111001
11111111111110100110011001001010
11111111111100110100011000001001
11111111111110010101110100100010
11111111111101110100000100000010
11111111111101001110111011101000
00000000000001011011100101100001
11111111111100110100001111111110
00000000000010110011001111000101
11111111111111100111011101011010
11111111111110000111001001001001
00000000000000000111001110110001
11111111111101111011110101111000
11111111111110110111111011011010
11111111111111110001000100111100
11111111111101001110011010000011
00000000000010001100010110001100
11111111111101000111010000000110
11111111111111111001001100000111
11111111111111101101111001011101
11111111111110111100110101010101
11111111111111110100011101011011
00000000000000111010011111101111
00000000000001100001111100100110
11111111111101110111011011000010
11111111111110101101110100011101
11111111111101100010011111111001
11111111111111000100111100000010
11111111111111010001001001001001
00000000000001101000100011000110
11111111111100001100100010111010
00000000000000111001101011010100
00000000000000010110111001001100
11111111111110101111010001101101
00000000000001110100100010011010
11111111111111111010101011101001
11111111111100011000100100100111
11111111111100101111010100101000
00000000000001010111010111001100
11111111111101011100111101100000
11111111111111010001010001111110
11111111111100011110101010011000
00000000000000110100100111010111
11111111111111001101011100000001
00000000000010000010001111111101
11111111111100000110100000100011
00000000000001111100100100101010
11111111111101001000101011000111
11111111111100110000001010001101
00000000000000000001101010101001
11111111111101101000010100111011
11111111111101000001110011001111
11111111111111011110001100011110
00000000000010001000111011100011
00000000000010100011101100001000
00000000000001001001100100010000
00000000000001111110100110011100
11111111111101100011001110000000
00000000000001011000100010001101
11111111111111111101101001000101
11111111111111011001100100010011
11111111111100101001011010011101
11111111111101100101010010110010
00000000000001000100011011111100
00000000000001011101111001010011
11111111111101100101000011010011
11111111111101000001101110001001
00000000000010001111011101000001
00000000000001100011010111001010
11111111111111010010100111101001
00000000000000011001011010110110
00000000000001001001001011000110
11111111111110100111001101100010
11111111111111110111001100110000
11111111111101001001100001011011
11111111111110110000010010010010
11111111111100100001011001000101
00000000000010011100110010110001
11111111111101111101101011011110
11111111111100000111111110001000
00000000000010010010000010001100
11111111111101110010000101001110
11111111111100011010100111001000
11111111111110111101011010101110
00000000000001101000011110111000
00000000000000000111101011110110
11111111111110001101101101001101
11111111111100101111010000011101
00000000000000001110001001010001
11111111111110001111011001101100
00000000000011000001000110001101
11111111111111111001111011101000
11111111111111100111101111011010
11111111111101001101010110001011
11111111111110110110011100100001
11111111111111000111110101100110
11111111111101110001010111111111
11111111111101010101110110101100
11111111111100000110001101001100
00000000000011000101001110000101
00000000000001101111001101001010
00000000000001100011110110001100
11111111111101010100101101010001
00000000000000110001110001110101
00000000000001100110010010100001
11111111111110110000001101111011
00000000000010010010001111010111
00000000000010000100111011001110
11111111111111001010101111111011
11111111111101111101011011101100
00000000000000010000110100000100
11111111111101011011010000100011
00000000000010001001111101011110
00000000000001010010001010011110
00000000000010000010011001101100
11111111111101010110100100010110
11111111111101100111100110111101
11111111111110000011111110000011
11111111111110011011100111001101
11111111111100101010111000001010
11111111111101100010010101001100
00000000000010011110000100111110
11111111111111111110111110110011
00000000000000101011111110101000
00000000000010111000101110001001
00000000000000100111001001011100
00000000000000001100010110011001
11111111111101011010011010001111
00000000000001101001010010000101
11111111111110000011111010111011
11111111111111111010010010010111
00000000000001111100000001011001
00000000000001000111000010010011
00000000000010001110101110000111
00000000000001011100101101010011
11111111111100111110111100010111
11111111111101000010101010101100
11111111111111101110100010011000
00000000000011001001101100000111
00000000000001101110100000000111
11111111111101000011000100011000
00000000000001010000001101110000
11111111111101011000101100110111
00000000000000001010001101010100
11111111111101001111100010010110
00000000000000001000000001101110
00000000000000101100001000111011
11111111111111010110100111001011
11111111111110110101000000111000
00000000000000101010011100001110
11111111111111110010100110100010
00000000000000100011101000100011
00000000000000111110001001111001
11111111111110001001101111000000
11111111111100011100101000000000
11111111111110101010101011111001
11111111111110001110111010100010
00000000000010010100011110001100
11111111111111101100010110101110
11111111111101100011000100101111
00000000000000010111100001000010
11111111111111011110011110001011
11111111111100110000011111110000
11111111111100111110111101111010
11111111111110001000110110011010
11111111111101001000100000100111
00000000000000101111111000100011
00000000000000110110111100100110
11111111111110110000110001110110
11111111111110111110001011101101
00000000000001111100111010000110
11111111111101101011000010100111
11111111111111110000100100011111
11111111111110111011010111110101
00000000000010000111101111111111
11111111111101011010011001100001
11111111111110011111001010111100
11111111111110101101100011101100
11111111111110100111110100110000
00000000000001010011001001010100
11111111111101011110111000111001
00000000000001010001010001111110
11111111111111110110010100100000
00000000000010101000011000101001
11111111111110100010110011001111
11111111111101011101000100110000
11111111111101001011001111001100
11111111111101111001010110000110
11111111111111001100110011011111
00000000000000011011010111100001
00000000000000000101100100111101
11111111111101010110101000101011
00000000000001110010010100100011
11111111111101110101101100101100
00000000000000000110001101111101
11111111111100111111100010101100
11111111111110000110000100111010
11111111111110001110111001011000
00000000000010100000001101111000
11111111111101000101001010011011
00000000000000011111001101000101
11111111111111010001011111001010
11111111111100110100001000111001
11111111111101010100110111111000
11111111111100100000110010001010
11111111111100111101100111111100
11111111111100101100001000110010
00000000000001010110001111100111
11111111111100010110001000111011
11111111111110111101101100000100
11111111111111100001001000100011
00000000000000000011010100010110
00000000000000011100110000100111
11111111111101010001011110011111
11111111111111101111001011010011
00000000000000000000010110000000
00000000000000010110110011010001
11111111111111101111110101011110
00000000000001001110010100001101
11111111111111000110011100000110
11111111111110100110011110101011
11111111111111001001111101110010
11111111111100100000111100100101
11111111111101011001001000011000
11111111111111111000101001000101
11111111111110011011010000000111
00000000000010000010000011000110
00000000000001000011010100011110
11111111111111100011001110000001
00000000000010000100110010001000
11111111111101010011111000010101
11111111111100111101011110111001
00000000000000111010100110110111
00000000000001001010011101110100
00000000000010011101100010001111
00000000000000110100011100000100
00000000000010010010100001111111
00000000000000010111011010110111
00000000000001000110100000100000
11111111111101010001101111101011
11111111111100010110000011000100
00000000000000010101101110110011
11111111111101001110110010010011
00000000000010000110111011011011
00000000000000011000011100011000
00000000000010010100000100001001
00000000000001010011111100011000
11111111111101110110011011110011
11111111111101010010010110010110
00000000000010000100111000001111
00000000000000100001111100010010
11111111111111100001101101101010
00000000000000001001111000000001
00000000000010001001011100101100
00000000000001110001110111010010
11111111111100111011101000111001
11111111111111100111001101011110
11111111111110110100100111000101
11111111111101100001010111001100
11111111111101011111101011001001
11111111111110001011111101110010
11111111111111000111001110101111
11111111111101110111111000011010
00000000000000001000000110100011
11111111111101101110000001100101
11111111111111110110101101111001
00000000000010011100111101000110
00000000000010110000000011001011
11111111111110111001001110001110
11111111111111010100011100111000
11111111111110010000101110101101
00000000000011000001010010011111
00000000000000010110000101010100
11111111111100010001010011111000
11111111111110010000010100110001
11111111111110111111110010111110
11111111111110000011101110000000
11111111111111100001001110010100
11111111111100100111101111111010
11111111111111110101010111110001
11111111111111010101110110101001
11111111111111111001000011000100
00000000000001101101001010011000
00000000000000000010011010100000
00000000000001110000011100110010
00000000000001100100010110100110
11111111111101111001100100011110
11111111111101010101111111000001
11111111111110011011111110111110
00000000000010011101001001111101
11111111111111001011100100100011
11111111111110000001101101110110
11111111111110001101110100110101
11111111111110101101101010110000
00000000000001000001001101001111
11111111111100101110011000000100
00000000000001010101000100010000
11111111111101000000001010100110
00000000000001000101001100110111
00000000000001100001100101010011
11111111111110100111010010100100
00000000000000100101110110011011
11111111111110111111011010010011
11111111111111101110000000000010
11111111111101001011111000101110
00000000000000100101100000010101
00000000000001111101010000111100
11111111111111001000000011010110
11111111111101010110000011111001
00000000000000010011011000010111
11111111111111001001011001111101
00000000000010010001100010000101
11111111111111000110010001110001
11111111111110111001110101000110
11111111111111100001110100101100
11111111111110011110011111010110
11111111111110010101111110101111
11111111111101011111011000010110
11111111111101010011010010111110
00000000000000111001101101010100
00000000000001100011000100111111
00000000000000101111000110001111
11111111111111010011111001001011
11111111111110011111011000111111
00000000000000011000000111000111
11111111111111001110011111010000
11111111111111000011101010001011
11111111111100101001011100101000
11111111111100101011011010011111
11111111111111001110111001100101
11111111111101011110001101111101
11111111111110001101001111011111
00000000000001111000110011010010
11111111111100111101001101011110
00000000000010100100101011110101
00000000000000010101110011100001
11111111111101011011110001000010
11111111111101100000001001110001
11111111111110101000000010010001
00000000000000011000010111110001
00000000000010000000111111101001
00000000000010000101010010101100
11111111111110111000001101001111
00000000000001011011111100100110
00000000000001100111110101010101
00000000000000001000111100111101
11111111111100110101101010111001
11111111111111110000111101110100
00000000000001010010001001101110
00000000000010101000001110111011
00000000000000011111011001101011
00000000000010000010011101000101
00000000000001100111111111100110
11111111111110101010100110000110
11111111111111000110010011011001
11111111111110101000110011011110
11111111111111000011111110011111
00000000000001001011001101010100
00000000000010000111111110110010
11111111111100110110111010111001
11111111111110101101101001111011
00000000000000011000000011011010
11111111111101001100011001100010
11111111111100101010011111101101
00000000000010111100101010011000
11111111111111100000000101001010
11111111111110001101010111101111
11111111111110011010001100110110
00000000000000111001000000001111
11111111111101111100011011110010
00000000000001010111100111110001
00000000000001111101011010101101
00000000000000000011100000001111
11111111111110100011100110010101
00000000000010011110101100001110
11111111111101111101100001100101
11111111111101110010100100100010
11111111111100100011001110001111
00000000000001001001010101011001
