00000000000011011000111000110000
11111111111010010010100010101111
00000000000101010101101001110011
11111111111011111010100101000010
00000000000010100010110011000111
00000000001110011111111110111011
11111111111110001110101100010010
11111111111011111100010111010100
11111111111111001001101100000100
00000000001011000000111101111110
11111111101111100010111010011010
11111111101111100001000011010010
00000000000100010100100111000011
00000000000010011001011011101001
00000000001000001010010010001011
11111111110010000111000010110011
11111111111100101001001010001011
00000000000010010010000101110001
11111111111110010100100110100000
00000000000100010101010010010111
00000000000011010000110111100101
00000000000010100001011111100100
00000000000100000001011101000110
11111111111101111111101110101100
11111111111111010011101000100001
00000000000010000111010010101100
00000000000010011001101111010000
11111111111111011111001110011100
11111111111000110000111001010001
11111111111011101111000101010110
00000000001000010101111101010100
00000000000101110001110110001101
00000000001000001100011110100000
11111111111111110000001100011010
11111111111100010101011010000110
00000000001111101101000101101110
11111111111110110001000101000100
00000000000001101001000000110001
11111111111110001111111111110111
00000000000000110011000000101000
00000000000001001100100011111101
11111111111101110011111100010001
00000000000101101011011100110001
00000000000100010010101100010100
11111111111100101010101010011100
11111111111110111110100000001000
00000000000101011010000110111101
00000000000111101010011100011111
00000000001000000001010101000011
11111111111101111111000001110000
00000000000000100100011111100111
00000000000100111011101101010100
11111111111010101111100001101010
11111111110101011010100001101111
11111111111011010100100011101100
11111111111110001000101010000101
11111111111111000110100000011011
00000000000001111011001000111101
11111111111100100111011001110100
11111111111001110111111011100000
00000000000011001110011100000010
00000000000001011101011000000111
00000000000000111101000111011111
11111111111110100001000101000111
00000000000010111111001100001000
11111111111111010011000011000111
11111111111110110110010001100111
00000000000000011100101111010111
00000000000011001110001100101001
00000000000010010110000001010100
11111111111110010010001100101000
11111111111000100111111001100001
00000000000010000100100001101101
00000000000101000001000101110011
11111111111011111111110110010010
11111111111100010001100010101111
11111111110111010001010100100101
11111111111011110110001010001100
11111111111011110111101001110000
11111111111011010111100100101011
11111111111011011011111001010010
11111111111100011011011011000100
00000000000101011101011010000101
00000000000010111111000101100001
11111111111111100011001110101111
11111111111100100111000011001001
11111111111110111011101100010110
11111111111110101101100010111101
00000000000010100001001011011101
11111111111011100101000111000010
00000000000001000101011110010011
11111111111111110011011110011010
11111111111110010010100110111010
11111111111101100110011100010000
11111111111101100100010111000000
11111111111110111101111110111100
11111111111100110011010000010101
11111111111011110110100011101110
00000000000001111000101101110100
00000000000110000101111101010011
00000000000100001110100111101000
00000000000000100010010000001001
11111111111100110101011000111100
11111111111101000000111110100111
00000000000000100011010001100000
00000000001101001101100110101011
00000000000011110010110100111101
11111111111101110001100101001111
00000000000011000000101000011110
00000000001111100100000010011111
00000000001010111110001000110111
00000000001011001011000100110101
00000000000100111101011100001000
00000000000101000000111010110101
00000000000011100001110110000100
00000000000100101101111100110101
00000000000101110100001110000111
00000000001000001111101010111101
11111111111111100110000011000011
11111111111110001011011001011101
00000000000111101011111000100101
00000000000100111101011010000010
00000000000110000011011000011101
00000000000001100110101111101100
00000000000011010100110010100101
11111111111010000101001010111101
11111111111010001001101001010001
00000000000101111110101101011101
00000000000001011010010111011011
00000000000110101010011000000011
11111111110101110011100100010000
11111111110100100001100101011010
11111111111101010111000011011111
11111111111000111100010010001110
11111111111111011010100110111011
11111111110100011110111000000111
11111111111011100111100011111001
11111111111100001001011111000001
00000000000100111110010111001100
11111111111000110001001111100011
11111111111111100110011010000011
11111111111011110101010110000001
11111111111100101100110110111000
00000000000001010110111000110110
11111111111110001100100011010001
00000000000001011101110100011011
00000000000101000011011110101111
00000000000011011000001010010010
00000000000100110001111000010001
00000000000110110111001000000101
11111111111100011101001101011010
00000000000011001101100110011100
00000000001010010010101000011111
00000000000110100101011011111010
11111111111011100010001001010111
11111111110101100100011001011010
11111111111001111001011101101010
00000000001101000101100100101111
00000000000010000101111010001100
11111111111010001101101110110010
11111111110010110101110101011100
11111111111000011110111000101100
11111111111100001001111001110000
11111111111000101100100100110010
11111111100011101110110101000110
11111111111010001100010101101000
11111111111011111000011011101010
11111111111100011001010100110011
11111111101111010110111010000101
11111111100110000110111100100111
00000000000000000000111111100110
11111111111011110101100011111111
11111111111011000011011001010001
00000000000010000001010001011000
11111111110111100011110110100011
00000000000011001110111100110010
00000000001000010110011110100101
11111111111110000011001110101101
11111111110111000101100101111011
11111111111001011001101101001100
11111111111100101011100110101110
11111111111011100110011111111111
00000000000111111111011011000011
00000000001001010000011011011000
00000000000110010000110100010001
11111111110100101011110100110010
11111111111111110010100001101000
11111111111110100110101000101010
00000000000011010000111000111011
11111111111111110001001110100110
11111111111100111101000111100111
11111111111010101000010100110101
11111111111000011011100100110111
00000000000001000111000101011001
11111111101000001010000100010111
00000000001000011001101111010110
00000000000100011101010011100010
11111111111111111010110000110111
00000000000100110001101000011000
00000000000001001000110001101110
00000000000000111011000000000011
11111111111110110000100111010000
11111111110111110110100100101100
11111111110001001010000101111100
11111111101010111111111011000111
00000000001001100001000011010010
00000000000100100011001100101111
11111111111010011011111001100001
11111111110010111101000011011100
00000000000001000011000111100110
00000000001001100001011000100110
11111111111011000000011001100011
11111111111101001100000100101101
00000000000011101111111010110101
00000000011011111010110011010101
00000000000000010001001000001000
11111111111011000101110100110001
00000000000001100001110011000001
00000000000000111110110100111110
00000000011001100100111011010111
00000000000100100010011010011011
11111111111110000001111011010101
11111111111111000110011000001101
11111111110111100010001111010001
00000000000000011110111110001010
11111111111010011011101001111100
11111111111101001100100011100111
00000000001011011101100001110101
00000000001001101001101001100010
00000000000010010000001000011111
00000000000010100111111110000010
11111111111100000010101001111100
00000000000000011010111011100101
00000000001011100001100011100100
00000000001001010111001010100110
11111111111110110110110010101100
11111111111000011111001011001101
11111111111011100110001000000000
00000000000110001111011010010111
11111111111100011101111101110000
11111111111110110011101110000001
11111111110111011110010101111101
00000000000000111111111100010001
11111111111100100110001101100000
11111111110101000001001101000010
00000000001000100110100001111001
00000000000011101100110010001110
00000000000011101111001001011111
00000000001100011110101010101110
11111111111000111101111010101101
00000000000010011111111111101001
11111111111110001111010000001101
00000000000011110000010010001100
11111111111101101011100011001111
11111111110111100110111101111010
11111111111111101111111111100101
00000000001000111111110101101010
00000000001011001110011101101110
11111111111101101011010011111000
11111111111100100111011011110111
00000000000110011011000011000110
00000000000100011110001010010010
00000000000001000100001011101001
11111111111100101101011010001110
11111111111110111011111111010001
11111111111101100111110111001100
11111111110101101001000101100011
00000000000101101111010110000010
00000000000011010111011101010010
11111111111111110111011000110100
11111111111111000100010000100000
00000000001000011101100011011001
00000000001100011001110100011111
00000000000111001111001101011001
00000000000110101011101010000010
00000000011001101111101111101001
00000000001011100010011111110100
00000000000110011001100001011101
11111111111110101001101001010100
11111111110111001001001101000100
11111111111110101001000010000010
11111111111101101101000000011011
11111111110011101111111111001001
00000000000000111101001000101100
11111111110110100111010110010001
11111111101110010010110001000011
11111111111001010011101010110001
11111111111111001000101001001111
11111111111100100010000000100111
00000000000001111101001011000000
11111111110110101011001110100110
11111111111110101101111110100010
00000000000110111011001100110011
00000000001010100101001111101110
00000000001100000011110101101000
11111111110110001001001111010001
00000000000001001001000100100001
00000000000111100001010001001100
00000000000001000001011010010111
11111111111110011001111101000101
00000000000101011010111110110000
11111111101010011011101010111101
11111111111000001000000000111101
00000000000101001100001111110101
00000000000111101010001010100001
11111111111101110100101010110001
00000000000100111100000111100010
00000000000101011100011111000000
00000000001011011010011000110111
00000000001011000101110011001110
11111111111100101001100010111110
00000000000001101100010111100101
11111111110110101000001101000010
00000000000110001010101011111111
00000000001000001101011100110110
00000000000011010111001110001000
00000000000010011000111111010001
00000000000010000100010101011001
11111111111011101111100110001011
11111111111101110011011111001010
00000000000100000101101011110101
00000000001101100011000101100011
00000000001100101111000110000001
11111111101110110101111110111011
11111111110101010111111101000010
00000000000110010001000100000111
00000000000001001111111100011100
00000000000001111011011000001110
00000000000000001100111001110010
11111111110110110001011011100101
11111111111100010111110110000011
11111111111111000000000000011111
11111111111100011111111100011010
00000000000001111000000000111100
11111111111000000010110000011000
11111111110111101000100101011101
11111111111011011110011101001101
11111111111111111110010011110101
11111111111100110010100100110111
11111111111011010110100010001110
11111111110010100100101110011101
11111111110110011111000001111110
00000000000010101001010011000101
00000000000001111111010100111111
11111111111011000000001010010010
11111111111101100011110000101010
11111111111111111001111011110101
11111111111110001011110000110110
00000000000000001111010010010000
00000000000011101001000000100111
11111111111000100100111100110100
00000000001000100101000100000011
00000000000000010111000000100010
11111111111001000100010101111100
11111111111000001011000111011000
00000000000111001000000100010110
00000000000001011001000111011100
11111111111100011101100011111100
11111111111011101000010000010000
11111111111011011110001010011101
00000000001100101001010001110001
11111111111101100101101111011111
11111111111001110001010111010000
11111111111101100011001100010011
00000000000011000000111101110001
00000000000111010111011000011000
11111111101111010110100110110100
11111111111011101101010000010011
00000000000100100100000111100000
00000000000110000110101101111100
11111111110010110110010010111011
11111111110101111100100000100011
11111111111111010110010110011101
00000000000110011100011011110111
11111111111111100110011010110011
11111111110101110011000001100111
11111111111100111001001001111110
00000000000001111101110000111100
00000000000011011111110111101100
00000000000011000001101111111000
11111111111101010001111000011010
00000000000100100000000001110010
00000000001001001100111111101110
00000000000101010010010000010101
00000000000111100110101111000111
11111111111010011111010010111000
11111111111001101000100100000010
00000000000000101111101110110100
00000000000001000110101011011101
00000000000010001101001110011101
11111111111111011100011001101000
11111111111110010100010101110101
11111111111011100111101110011001
11111111110111001010000111010000
11111111101100110000000110011010
11111111111001111011011101010100
00000000000001110000100100011010
11111111111111010001110000010111
11111111110010010000011010010000
11111111101100001000111101111101
