00000000010000100000000001111101
00000000010001010110000101001110
00000000010000101001100011110000
00000000000111110011010011010110
00000000000000010110101011101111
11111111111110011000011100100011
11111111111110010100111101110010
00000000000000011010001111000000
11111111110111000101111011000111
11111111111001100000110001001110
11111111111111000010001110100110
11111111111011000111100010110111
00000000000110010111000010100100
00000000000111111011101110010110
00000000000000100100001010110001
11111111110110000110111010011100
11111111110010010111110000101110
11111111110010000111111110000000
11111111111011111111011011001110
11111111111011101011100100001110
00000000000001010101111111000101
00000000000011110101011010010111
00000000000100100111011100110110
11111111111101011101000101111111
00000000000001000010011010111100
00000000000001011001001011011111
11111111111001101110101111011111
00000000000101010000110101000001
00000000000100011110101110001001
00000000000010001101110100000000
00000000001010110110101100101010
00000000000101001100011101110001
00000000000101000001110110001111
11111111111000111100000000011010
00000000000000001011011000111011
00000000010100111100110110000011
00000000010001101011111000100010
11111111110111000010000101000010
11111111111011011011101101101011
11111111111100000000010101101011
00000000000011000111101011101110
00000000000111011001100010100001
11111111111010110110101000010011
11111111111101011010011001010100
11111111111000111011111100101011
11111111101101000101011100101101
11111111111101011011010100111110
11111111110101110010100110110110
00000000000000101100000010111111
00000000001000100001110010000100
00000000000101010000100011100011
00000000000011101110110000011101
11111111111100011000001011100101
11111111111100000011101000011010
00000000000001110100001110001110
11111111111101011100000010100011
11111111111011000110001100010011
00000000000000101011010010001010
11111111110001111011101010101111
11111111111011110110111100101010
11111111111110101001001111010011
00000000000000110100000010001011
11111111111111101011001011001100
11111111111101110110001111111100
11111111111100010000110100001011
11111111111011111101101000001011
11111111111111001101110100001111
00000000000111011111111111111100
00000000001001011110111000100000
00000000000011110000100011011000
11111111111011011010001110010101
00000000000001001000000110111101
00000000000110010011101011010100
00000000000100010010011000000101
00000000000000110111110001001011
11111111111000001011110011001100
11111111111010001101000011011111
11111111111101001110000110000010
11111111110111011111110010100001
11111111110100111010011001100001
11111111111011111001101010000111
11111111111100101001101001000111
11111111111011001000011110010011
00000000000010110011001001010011
11111111111000101000010011101110
11111111111100101110100011001101
11111111111011011110101111011010
00000000000010100001001011101010
00000000000100101011100001110011
00000000000000111110000100110011
11111111111101011010100100101100
11111111111110011011000001110110
00000000000010111010001110000010
00000000000110011001111000011110
00000000000010000000111111111100
00000000000000101100110100110101
11111111111101111000101001001101
00000000000010000101001110000110
00000000001010101011111111111110
00000000000110110101110101010001
00000000000010011101001110011001
00000000001000001101001011111101
11111111111100001101100111111101
00000000000001101110100001101111
11111111111101000100111000110000
00000000001111010001110011010011
11111111111100010011010001010101
00000000001010111111011100111010
00000000000001011011101000100000
00000000001000111011101000111100
00000000000110100110100001100001
11111111111011001010111001001101
00000000000011100111001110011010
11111111111100100100010110100010
00000000000101110110101011110000
11111111111110100101100101110011
11111111111111001101000010000011
11111111111101001011110100101011
11111111111100110000100001110010
11111111111111111010110001010001
11111111110110010110010110011100
11111111111001110010000010010001
11111111111100011111111110111100
00000000001010000011100101110001
00000000000111100110101001100111
11111111111001001001001110110001
11111111110000000100100111000001
11111111110011111010110000001001
00000000000010110100111100110000
11111111111110001101101100111111
11111111111101010001000100100001
11111111111110010000111111000111
11111111111101010111100010011000
11111111111101000101011011110100
11111111110011000111011000111101
11111111110111001000101101000101
11111111111011011111101110011000
11111111110001111011011111010010
11111111110010010000000000110100
11111111110101010000001001000110
11111111111010000010111000010001
11111111110111011111111101011101
00000000000001011110100100111110
11111111111111100100100011001011
11111111111111110001000011110010
00000000000100100011000100010111
00000000001101101011010100001100
00000000000110110110011000110011
00000000000101011010101011110000
00000000000000011110101010001101
00000000000001011010101010010110
00000000000010001111010100110000
00000000000001000110000001000000
11111111110001001010010011111110
11111111100111001111110100010101
00000000000010110100100111010000
11111111110110011110011010100000
00000000000101110101000111001000
00000000000001101100101001100110
11111111111001101000001011010011
11111111111101111111101110101010
11111111111110100011110100100011
00000000000010101001001011000101
11111111111101110001001001011000
11111111110110100110000111001111
11111111111001010100100001100101
11111111111000111000000111000110
11111111110011100100101010100110
11111111110111101111101011101010
11111111110011111001010001011000
11111111110111010011000100111010
00000000000001100101011101110000
00000000000011111010010111010100
11111111111110111011100000001011
11111111111111010010000000110111
00000000001101000100010011110000
00000000010000001110101101111110
00000000000000000101100001101011
11111111110110000110001111001001
00000000000000100100100010101011
00000000000001000111100001001000
00000000000000101000101011101010
00000000000010101000000011000010
11111111101110111111110110011010
11111111111000100001010001001101
11111111111011001000011111010100
00000000000010000101000010011011
11111111111100000101001110101111
11111111111000010111110111011001
11111111110100111000111100110110
11111111111000011110100101100001
11111111110010010011110111010001
11111111111010100010000111001001
11111111110110100110101000100001
11111111101110101001110000000101
11111111111101011110011100001001
00000000001100101000011100010100
00000000001001111101100010100111
00000000000100011110101111000011
11111111110111010100101110111100
00000000000011001000010100011110
00000000000111011111101111100001
00000000000001001010010100110011
00000000010000110111111011000111
11111111110101100000011110000101
00000000000101000000110000111000
00000000000011000101001111011001
11111111111111111110111101000111
00000000000110000111011100000101
11111111101111111010011101010011
00000000000101011000011000110011
11111111111111101011010101010110
00000000000010001101110111010111
11111111111110110001000100101101
11111111111110101010100011000100
00000000000000011001001111101111
00000000001011110001101100000110
11111111111000011101110010011000
11111111110101101111110011111001
00000000001000011001111001100001
11111111111111111001110111101101
00000000000000110100101101000100
11111111110100110100001111100101
11111111111100000100101111011100
11111111111110000101111111011100
11111111111100011001011111010111
00000000000001010011101010010111
00000000001010110111111000011011
00000000000011101011100000100011
11111111111001010001110010010101
00000000001010111111000000010111
11111111111101010011101000110010
11111111111110100111100001011101
00000000000111100111111010011011
00000000000000000110011100010100
11111111111100010001011011000010
11111111110110001000000100100010
00000000000011001000111110010011
00000000000100000010001001110110
00000000000011110001100110010011
00000000000000111100101001110011
11111111111111100001001010010001
11111111111101100000100100101111
00000000000001001101100010000100
00000000000001010110010010011111
00000000000110101011010000001011
11111111111110100111001000001010
00000000001110000011101111100011
00000000000110001000000001000000
11111111111101111011001000100101
00000000000100011010100011111101
11111111111110101101000011100111
11111111111110010110111100110001
11111111111001000111000010110011
11111111110110011100111100010011
00000000000001011000110000001101
00000000001111100110011101101110
00000000000011000011010000110101
00000000000110101000000011101101
00000000001010111100100110011110
00000000000010011111001010001101
00000000001000001100011010000010
00000000000011101001111101010110
00000000000011001001110101100000
11111111111100100101011011111100
11111111111110000000101110101101
11111111111010011100011011101010
00000000001001100100101011111100
00000000000000110111110101100101
11111111111101100100011000011010
11111111111100011100110101000111
11111111110111111111011001110110
11111111110111010100100111011101
11111111111010111100111001110001
00000000001010000011100001001011
00000000000100011101100111110101
11111111110010110000010111110110
11111111111100110110011000010000
11111111110111101011000101100000
11111111110110110111001111011110
00000000001110100111100100000010
00000000000101011011100110011111
11111111111111101010001111110101
11111111110011010111011110010010
11111111111010011101110000011001
00000000000001001010001101001001
00000000000010100111001110110111
11111111110101011000010001011110
00000000000000100011011101010110
00000000001000101001100011010000
11111111111000111010011110001000
00000000000111111011000110001011
00000000000111101010011011110111
00000000000011111111010101111001
00000000000010101101111001010101
11111111111110101100000101100100
00000000000101111001001100101110
00000000000110000010010000110110
00000000000000001100011010110111
00000000000001001100001011110001
11111111111101100011000110001101
11111111111100111001111000000011
00000000000010001010101100101110
00000000000000101010111111100100
00000000000111001011011110100111
11111111101100101100001010101110
11111111101000001110001001010101
11111111111101110000100010000010
00000000000111010001110011010000
00000000001010111010001011100101
11111111110000011011111111010001
11111111101111110100010011111001
11111111111100001001101000111000
11111111111111011101100011110011
00000000000011011110111101100101
00000000000101111101111101101010
00000000000011011110111010101011
00000000001111110000001101001101
00000000000100010101001000100010
11111111111011101110111100010110
00000000010000110011001011100110
00000000000011111110101000000001
00000000000110011001011011011100
00000000000001001100111101111100
00000000001000010010101101101100
11111111111111000110011010100110
11111111111001011000111010111101
11111111111110100010101010111111
11111111110101001001101100110000
11111111101001111100011111101001
00000000000101001111011110111111
00000000001001011101011100001000
00000000000110000101001110100000
11111111111111011100011011001101
11111111111011011110000100110100
11111111111111100111010011100000
00000000000000100100101100111000
00000000001010101000101010111101
00000000001110010010111100011100
11111111111100100110011000011001
11111111110110101110100010000011
00000000000100000001010111010110
00000000000110111111010111011000
00000000000100100111110011110100
11111111110101110101100000110110
11111111110101100100010011001101
11111111111110110010010001000111
11111111111100100011001101011010
00000000000101111011110110100101
00000000001000011100001000000100
00000000001100011100011101011000
11111111111011001100100001100000
00000000000000111111100100000010
00000000000001110010100110110111
11111111111100001111001101001011
00000000000110000110010011010101
00000000000011101000101110100001
00000000001001100000000111001011
11111111111010110000101111001011
11111111111001110100101101100100
00000000010111100101110111111000
00000000001010100010110110000001
00000000000010110110100000001010
00000000000101101011001011001001
11111111111110011010011001110110
11111111110101010111010001000011
11111111110111111100110101111101
00000000000001001100000011010000
11111111111110010010100010101001
00000000000011111111111110011111
11111111101000111011000101000101
11111111100110100110111000110001
11111111110101110001101101000000
11111111111000011101111000010101
00000000000101100110111111010101
11111111110111011011101110101110
11111111111010011000010010110100
11111111111101000010111111000101
11111111111010101000000110101111
11111111110101111010010111001011
11111111110111010000100001100110
11111111111101000101001010111110
00000000000111111010100011111000
00000000000101110011100000111101
11111111111010011110011000110000
11111111110011000101110111110111
11111111111001010111011110110100
00000000000111000010011110001111
00000000000100011010101010100111
00000000000101101111100011110011
11111111111111001101001001011010
11111111111111010011100001011110
00000000001110101011001111010110
00000000000111001001011101100010
11111111111100000111000001100010
00000000000010101010000000001010
11111111111111111010111100101000
00000000000101010000100010010110
00000000000101000110010001001100
00000000000010000111100010110000
