11111111111101111001110110011100
11111111101111000110110000110111
11111111111111001010111010110100
00000000001101100101011110101010
00000000001101000001100000100011
00000000000010000001011111100000
00000000000101110010100100110011
00000000010001000111100100000000
00000000000100100100000011001110
11111111111111100111011101100000
11111111111010111111010011100100
11111111111001111001101101110010
00000000000010110101011010001100
00000000000101010010010100000001
11111111111110000000011100110010
00000000000010011101011010001011
11111111110101000001010010011010
11111111110110100100100010011101
11111111110100101110101010011101
00000000000110001100000010101010
00000000000000101010000111100110
11111111111011000010000111111110
11111111111110000000100100010001
00000000000000110011101001010011
00000000000000110101010000010010
11111111110010000101110011000110
11111111111111010100010110000011
11111111110111110100100011101101
11111111111110110100111011110110
00000000000010000101000111010011
00000000000100100100100001011010
00000000001011010011110001100101
00000000000001101101000011101000
00000000000011110110010010011000
11111111111110110101111101111101
00000000000110110110100000011010
00000000001110000011101000001111
00000000001100111111111101011010
11111111111101100100110010100000
11111111111010011101011000001100
00000000000100100111100101100000
00000000000011101110010000100001
00000000001010000001101101101101
11111111111111010011111111000000
00000000000011101000101010100101
00000000000010011001001000010001
00000000000101110011011001111000
00000000000001000111001010011100
11111111111101100101000010011000
00000000001001100101111100100101
00000000000110011100000000100010
00000000000100110001001101110101
00000000000001010001110100001111
00000000000010011010111010110101
11111111111110001111001001010100
00000000000100010101011011110100
11111111111111011000110000100110
11111111111010101001100010011001
11111111111011011011111010001100
11111111111101100100011100001000
11111111111010100001111010001010
11111111111101100001111011000111
11111111111110001101000010010010
00000000000001110110010111101010
00000000000010100111011100011111
11111111110001100010001011001100
11111111111010110001011101000110
00000000000011011011000100000010
00000000000010001010111110011100
00000000000011100010100101101111
11111111111111100110000011000001
00000000000001010110011110010110
00000000000010011011010000101111
11111111110111001110100001011000
11111111111000001000100111110110
11111111111111111110100101010100
11111111111001111101010101111011
00000000000101001011011000000000
00000000000110011001010100011101
00000000000111000000110101110100
11111111111110101101001010111100
11111111111011001111001110010001
11111111110110100110111001100011
11111111111010011000011111110111
11111111111110100000010101011010
11111111111101001100011000101001
11111111111100110001111011010010
11111111110101100011100001011111
00000000000011010010010111110001
00000000000011000000110010101000
11111111111001010001111110010100
11111111111000001011000100001111
11111111111010110010101001100010
11111111111101000110100001101000
11111111111111100110010110101101
11111111111110101011101010000011
11111111111010100110100111111000
11111111111110011010101100110110
11111111111001100011000100110100
11111111111100111111010000011010
00000000000011100111111000110000
11111111111110101010100000001001
11111111111100000001011111010001
00000000000110000110011110100011
00000000000001011101110011010110
00000000000100000001011010011000
11111111110111101100001101011010
00000000000010111000011000001011
00000000000101000110101101111001
00000000000101100100000011010100
11111111110110011110000111111011
00000000000000010111001000011100
00000000000000100010000000110101
11111111111100101010000001010001
00000000000001010101100111000011
11111111110011101110000011011110
11111111110100011111010010111011
00000000000100101010010001110100
00000000000100000001100101010010
11111111110101001011001001001000
11111111111100010110110101110111
00000000000111010001010000100000
00000000000101011111110100110000
00000000000011111001000101000101
00000000001101011000110110010100
00000000001100101110011010011111
00000000001010011000001101010101
00000000010100010100010110001110
00000000010000011011100001001111
00000000001100000111010111001101
11111111110101011010101000101011
00000000000100110010111111011000
00000000000101110111101101001100
00000000000010001101101111011101
11111111110110110011110111100001
00000000000101010000010110110100
11111111110101000001101101110111
11111111110101010101010111000101
00000000000111011100110000011010
00000000001100010110010101111110
00000000000111010101110011010000
11111111110101100011100100100011
11111111110101010111011000101011
00000000000000010000011110010101
11111111110111110101001101001001
11111111110111111111111000100001
11111111110000111011010000010111
11111111110010010110011111010100
11111111110011001100111110101001
11111111101011001111100000011101
11111111111100111011011001110101
00000000000011000110111101011100
00000000001001011011000010011000
00000000001010001001010101100111
00000000000111100010110101000001
00000000000010110001001101111011
00000000000001001111010001111111
11111111110011000000100010011110
11111111111001001111010010010111
11111111111010010111110101001111
11111111111101010101011010111001
11111111111010101001001110100000
11111111110110001001001100001011
11111111110101110011000100010111
11111111110110010001110010100001
11111111111000110010000001110110
11111111110011010011100100010010
11111111111001101110000110101100
00000000000100111000000111000101
11111111111111101101011101101100
11111111111100111011111011111011
11111111111010101111000001000000
11111111111111110100011110011010
00000000000001001110010000111010
11111111110001011011101010110101
11111111110111110001010101001110
00000000000011100010010001010110
00000000001111001101111100000101
00000000000011000100110010001001
00000000000011101011001000110000
11111111111001001110001001110101
00000000001110000111111010101011
00000000010101101011111101111000
00000000001010010100000011111111
11111111111011010010100001001110
11111111111001011010011010001010
11111111110000010000000100110101
11111111111101101111110010110011
11111111111001011100011000101000
00000000000010001011110100001110
11111111111110101100100011100010
11111111110110110111001011000010
11111111110111001100011100100101
00000000010100100101011111000101
00000000000011100101011011010010
11111111111011010101000101111110
11111111111100111111000101011001
00000000000011100111110101010101
00000000001001110101111011111011
11111111111000110110010000100000
00000000000011111000010010100100
11111111111100101011001010011110
11111111111001100110110011000010
11111111111010110111111001111110
11111111111111100010101010110010
11111111111101100011100001011010
11111111111110011011001110100111
00000000001010110010111101101010
00000000001101101001100111011111
00000000001100000100100101111101
00000000000010110000100001001001
00000000001000101010101111110100
00000000000101000111101000111100
11111111111101000001010010111011
11111111111100011101100011111100
00000000000010111001010001100001
00000000000100010100000111111100
11111111111000001110001100111111
11111111101100010010100010111111
00000000000011101101101110011110
00000000000010001100100010000011
00000000000101101100110100010010
11111111111110101011100110110100
00000000001110001101111101001010
00000000001111011111101110001000
00000000000001001001000011001011
11111111111001100110110110010100
11111111111111111011110110110011
00000000000101011101001001101101
00000000001000001000101011010011
11111111110100010010100110111011
00000000000010101101001100010100
00000000000100011010100011010110
11111111111001100110011010100000
11111111111001010101000011111011
11111111111000010010010100010111
00000000000001101101001010011100
00000000000010100000010011000110
00000000000100010110001000001100
11111111111010111010101100111101
11111111111110100101001100010000
11111111110110011010001111110010
11111111111011100001101010001110
11111111111100011101000100111101
00000000011001100111001100101110
00000000001111010110001011011100
00000000000101011000011110100011
00000000000001010011011100101111
00000000001100000110110001110000
00000000000111010010010111011011
00000000001000010000100111001011
00000000000001101100100101111000
00000000000001100101010011110110
11111111111111000101011100110111
00000000000100010001001000100000
11111111111111100011100000111110
00000000000010110000101000011110
00000000001000000100101000010001
11111111111101000100000000100111
00000000000000010001111110011111
11111111111000010100001010101110
11111111110001100100100000100101
00000000010000100001010000000011
00000000000100101111111110100000
11111111111010011111100011011111
11111111111000111010111100101101
11111111111010010111110100010000
11111111111111100101110100000000
00000000000011100000111001001010
11111111111000011010101000110011
11111111111110001000001011000001
00000000000010110101110111001000
00000000000000001011110011001101
00000000000101001010000101001011
11111111110001110111110011011010
11111111111011110011010011010001
00000000000010111000001011100111
11111111111111101100001011110000
11111111111100100001111011001010
11111111111101101000010101110000
00000000000000111011010010000100
11111111111111010011110001100010
00000000001000110011110010110001
00000000000011011100101010110010
00000000000001011010011001101111
00000000000111000001011101001110
00000000000100111000100111101101
11111111111110001011101111010001
00000000000010111111011100000011
00000000000000100011110001101010
00000000001100001010010010100011
00000000000100010111011010101001
11111111111011111110100101001001
11111111111000101110111000101111
11111111110100010101000111111110
11111111110111111101111011110111
11111111101111010010100001110010
11111111110011101011001110001111
11111111110111010101001000111110
11111111110111010000000110101001
00000000001011101101001111101110
00000000001000110000000011010001
00000000000011001010011110010011
11111111111101101101110101010011
00000000000001010001111111001000
11111111111010111110101111111001
11111111110101110100000011011100
00000000000011001100000011001010
11111111111111000110111011111111
00000000000011010101010111001000
00000000001000110111001110001111
11111111111011010101100100000101
00000000000100010010111101110011
11111111111010011101010011011001
11111111111100011110111101110100
11111111110110110111111101001011
11111111111001111111110100000100
00000000000110001100000100101101
00000000001100111010111000111100
00000000000000010011000100101000
11111111111011011110101101010111
00000000000001110001001001111101
00000000001000100010000111010101
11111111111110000011010100011001
00000000000101011101010011010001
00000000000001010000010011001011
00000000000010111100010110100000
00000000000100010000011011010101
00000000000000010111100100101010
00000000000011110001010000001011
00000000000001110110100010010010
00000000000110110101101001101000
11111111111110010001011100100001
11111111111011000110101100111011
00000000000111001010111111001011
00000000001010010101110011111001
00000000001001011010111010000101
11111111110010110111001001101010
11111111111100000101111100110100
11111111111011100011001000001101
00000000000110011110111100101001
00000000000010111001000010010101
11111111110110111000100001000100
11111111110010101010001001000101
11111111101101000000101010111000
00000000000000111111100101001101
11111111111010101100111111110011
11111111110000110101010101111010
11111111111010001110010100110111
00000000001001101101001010100101
11111111111011101011010110100001
00000000001000100011001011011101
00000000000000001010100010111111
00000000000000010010010100111010
11111111111100110010110000000100
11111111111000111110000111001100
00000000000100101000000011101001
00000000000000110111001111100110
11111111111011110000011110110001
11111111111111000001010001101011
00000000000001101101000100111111
00000000000111111000110101000100
00000000001001111001001110000001
00000000001000000000010011100101
11111111111111111101011111111010
00000000000000010111100110101110
00000000001111001010101100000111
00000000001100010100000101111000
11111111111000101101001110100111
11111111111000111110110000011011
00000000001000001101001000111010
00000000000010010000000101010110
00000000000001110001000100001011
11111111111010001111111010110100
11111111111101101011001001110000
11111111111011100101110111000011
00000000001001000001111000000010
00000000000010011110101010001110
00000000000100110010110100000011
00000000000001011111011100100101
11111111111110110000011010011010
00000000000100111001011100110010
00000000001011100000101101010010
00000000000101100110000100011011
00000000001100010110001001011110
11111111110111001111001010111101
11111111110111001010110011010001
11111111110110111001101110001111
11111111110111011010001011010001
11111111111101111000001100001110
11111111111000001011000100110110
11111111110111101111011101100100
00000000001011000101110111010101
00000000001111110110000100000110
11111111111100010000010100011100
11111111101101111110000101001110
11111111110111000101010110110111
00000000000001000111011111111001
00000000000111001010000011101111
11111111111110010111111100111010
