00000000011100111001001010101011
00000000001010110011010110011101
11111111111111100011001001110101
11111111111001000101000011110111
11111111111011110010001100000001
00000000001010000001100000100011
00000000001001010010001100000001
00000000000101010000001100100101
00000000000100001011001010110011
00000000000011111010100000110011
00000000000000101111011111111001
11111111111011010011001000110010
00000000000011100111010110011000
00000000000101001011000101111111
00000000000111001110111100001100
11111111101010101110101101111101
11111111110010000111000110010011
11111111111100000010111111010010
11111111111110101001101101001111
11111111111101010101101100110100
11111111111000101110010000100000
11111111111111101100001001100101
11111111111100110011010101010111
11111111110011111001101101011110
11111111111100010000001001110001
00000000000011010011111101001111
00000000001111010111111101011000
00000000010010100110011011001001
00000000000010100011101110111100
11111111111101110110110010111100
00000000000100001010001000011100
11111111111101011000001101100000
00000000001001011010110011010100
00000000001001111011111101000111
11111111111101110001101110101110
00000000001001001111101111101000
00000000000010001101110111011110
00000000000011111100110110010110
00000000000011101000100110001100
11111111111011110000110001110101
11111111111110111011011011110001
00000000000100101011010001101110
11111111111110001010100001100110
00000000000001010001101100011011
00000000000001100111000101101010
00000000001001000011100000111000
00000000000011100100011000011101
00000000001001010110010111000000
11111111111111111111011100110100
00000000000011110101011000010110
00000000000011110110011110001100
00000000000111000001001110100110
00000000000010011111100000011001
11111111111111100101000101010111
00000000000001101111100011011101
11111111110101100101000101100011
00000000000000100100001010011100
11111111111101000000101011110111
11111111110010010111000100100110
11111111111010010010011100000100
00000000000000011011101010111001
11111111111100110100011000000111
11111111111100010110010011101111
11111111111000000001001001101111
11111111110111101111001110010000
00000000000111011010000011110100
00000000000101001000111000111000
00000000000110100110111001111011
00000000001000000011100011011001
00000000000011001001110000001111
00000000000011001100111001011010
00000000000011000111110101111011
00000000000100010010110101000011
00000000001001001110101000111100
00000000000010100110010110110001
11111111111110101111000101110001
11111111111000011111001000011011
00000000000001110111010011000100
11111111111100110111101111111010
00000000000111000110110100101100
11111111110111110100010010011010
11111111111001100101100100110110
11111111111001011100000000011000
11111111111100000001100010001111
11111111111100101000011110000001
11111111111110000011000110110001
11111111111011110001101101000100
11111111111110001010110001001010
11111111111011100011011110110100
11111111111101000001011101001010
00000000000110111101100110001010
00000000000100100101100000011010
00000000000101001100010110011100
00000000000010110100100101100111
00000000000110010110000010011101
11111111111111010010010111110000
11111111111111000100011011010110
11111111111101101100110110011001
00000000000100000011110011001001
00000000000011101011100010111100
11111111111110100110011100000101
00000000000000001101100010010101
11111111110111001110011010101010
11111111111111100011010100011100
00000000000010101010101001111101
00000000000001111000010000110100
00000000000000000001101101111000
11111111111011101001001000100001
11111111111111010010101111111111
00000000000000101100100011001000
00000000001110011000100010111100
00000000001010011001001000001111
00000000000010000100110010010010
11111111111100101101011101111110
11111111111100010101010101101101
11111111111010011000101101011100
00000000000010001011001101110010
00000000000010111110000111111111
11111111111110001111011111100100
00000000000010000100110001010001
11111111111111011011001000010110
00000000000000100001000010001101
00000000000011100111010111101011
11111111110111010100010101110011
00000000000000101000101001001011
00000000001000101110110011100100
00000000001011010110010110010100
00000000001000111110111010100110
11111111111110101110010010011110
11111111111100100111101011100010
00000000000010001110101111001011
00000000000010101110001001100101
00000000001001100110000000110101
00000000001011000110101001011111
00000000001000111100010110001110
11111111111001100011000000000101
11111111110111100110011001111001
11111111110101010011100100100100
11111111111110111101000101100001
11111111111010000001000001011011
11111111101110110110101111000110
11111111110001100010101001000010
11111111111100010101110110101111
11111111110101001101010110000010
11111111110000101000111101111101
00000000001000111000101111110101
00000000000111111100010111110000
00000000000001011110000010010000
11111111111100010111101010010000
00000000000011010001111110100101
11111111111000000111010100111101
11111111111010000001001000100001
00000000000101010101011000110001
11111111111110000000100110001000
11111111111100001010101110101011
11111111111100011100110001100101
11111111111101110011000100111110
00000000001001001110011010011001
00000000000011110101110100101110
11111111110110111101010101100111
00000000000010110001010011101101
00000000000001001111000011100011
00000000001111101001011011111101
00000000001001100111011111100001
00000000000100001001010001011100
00000000000011010010000111101011
00000000000010111110011111010011
11111111111100000011011110110100
00000000000111101110110001111110
00000000001001110010100101001010
11111111110100011100100111110000
11111111111011011100000010110010
11111111111101010000010101000001
00000000000110101100010001100011
00000000001010101001100100101000
00000000000000111110000111101011
00000000001011011100100011000101
00000000000101110010100011100111
11111111111100111000111101010000
11111111111011101101110001011010
11111111111111101011011001001110
00000000000101000000110101101010
11111111111110101101001100101011
00000000000101111011110101011101
00000000001000111110101011101000
11111111101110000011010100000001
00000000000000110110010100010001
11111111110101111101101100110101
00000000001101000101100100010111
11111111111101011100011111001111
11111111101001000101101001000000
11111111110100001111000011000101
11111111111110101101101011001011
11111111111010000010100100100111
11111111101101101011111100100100
11111111111111111101010110110001
11111111111010110110001110100000
11111111111000000100000100000000
00000000000001111110001010010010
11111111111110101100010011001001
00000000000001100010000100110101
00000000000111100111011111011000
00000000000101100101111111011000
00000000000101000100000110010111
00000000000000010011011001000011
00000000000100010111011010111010
00000000000001100010101000110110
11111111111111001110010101100010
00000000000101011011010000001011
11111111110001011100010010100111
00000000000010011000010011110001
11111111111101010110111100010010
00000000000010001000010001001000
00000000000110100111100110000011
00000000011101010101010111011000
11111111111111100100101010000001
00000000000010110110101010100010
00000000000110001100110000001111
00000000001000010100010000000000
00000000001001101011100001011010
11111111111010110111100001010111
00000000000100011100011000000111
00000000000101011000000111000111
00000000000010110110011000100100
00000000000000100011011100100101
11111111111101011111010010000100
11111111111000010001111011110000
00000000000001010011011110110010
00000000000101000010000001000000
11111111111100011100011010100001
11111111111000101110010010111110
00000000000010001110110100001001
00000000001000100100000111110011
00000000000100100101111111101101
11111111110110100001001101010010
00000000000000001111010000101101
11111111111000000001111010100111
11111111111001111110100101000010
00000000001000001010100101111101
00000000000001000000101011011101
11111111110011110111000110101001
11111111110111100101111101110011
11111111111011011110101010011110
11111111111011110001000001101011
00000000000101110101010100001010
11111111111111100110011010110110
11111111110101010111010010001110
11111111111010001001100101101010
00000000000000110111011010110111
11111111111100001011111100111101
11111111111110100001100101111011
00000000000000110110101001011101
00000000000110110101101000110010
00000000000001110000101000110110
11111111111011011101001011001100
11111111111101110110011110110100
00000000000011101101001111001000
00000000001101010001110000001111
00000000000000100001000110101010
11111111111011101111010001010100
00000000001000000011010011010111
00000000001100010010000110001000
00000000000000100001101011100101
11111111111110101010110110101011
11111111111000011111111001111110
00000000000100011100011111111101
11111111111111010101101010101111
00000000001001110111000100011010
11111111111110011101100101010100
00000000001100110011110011111111
11111111111101111110110001010010
11111111111111101110100001110100
00000000000001100100011011110110
11111111111110011000111110000100
00000000000000101000010001001000
00000000001011100011111111000110
00000000001001100100100010001101
00000000001101110010001100001000
00000000001001001110101100000111
00000000000101101011101000101010
00000000001110011111110010000110
00000000010000000100111100100011
11111111111010000011101001100011
00000000000010001001011100001100
00000000000000111011000011011001
00000000001001010100010110001101
00000000000011001110011111011110
11111111110011110110010010101000
11111111110010110101110110000100
11111111110000101010110101001101
11111111110101100011001010100100
00000000001001111011011001110001
11111111110010101111010001111011
11111111110010001000010101001011
11111111111011010010111111111001
00000000001010011101111001001111
00000000000001110111001111000001
00000000000010000101000100011010
11111111111111111100011101010001
00000000000000110001011001101010
11111111110110000000101100011001
00000000000010000101000110001001
11111111111110111001100110100100
00000000000101000000101100001010
00000000001010101001111101101110
00000000000001001101010100010011
11111111111001001111000000100111
11111111101101100110001001001000
11111111110110010111110101110111
00000000000100010000011011110001
11111111110010101101110100101000
11111111101110010100011101111111
11111111110111100001111110001001
11111111111101000001111111101000
00000000000000101111000100111011
00000000001001000000111001111111
11111111111101011010111000111100
00000000000011111000100011100001
11111111111100011111000100110111
00000000000111100111100000001100
11111111111100011010110010110100
00000000000010111010100001110011
00000000001001001101111011111000
00000000000011000100000100111000
00000000001000100101010001110010
11111111111100011100001010110110
00000000000000011010110011000100
00000000000011011011111111101011
00000000000001001110010000111011
11111111111110000101100111001000
00000000000001111101101001101100
00000000000100111010001111111011
00000000000000101101010100100110
11111111110010101010111111011001
11111111110111001000110110101100
11111111111100111101000011110111
00000000000010100000111100110010
00000000000000100010000000111110
11111111110101110111001110100101
11111111110010110100011100100000
00000000000110111011110011011010
00000000000010000001100010010010
11111111111110001000001000100000
11111111111011000111001001000101
00000000000110000111000000001100
00000000000101001101000011110010
00000000000101110010010111011101
00000000000010101011101101011000
00000000000111000001101100011001
00000000000110011001101010100011
11111111111110100101001100111001
00000000000100100111000111010101
00000000001000001011010110101001
11111111111110001110001100010000
11111111111101011011000100001110
11111111111110001110011100011100
00000000000000111111011111101001
00000000000010110101010001101101
11111111110100011111010101011000
11111111110111110001011110001011
00000000001010011101011001010101
00000000000000100110101011010000
00000000000001110001100111001110
11111111111011010101000110111100
11111111111011100001100011100001
00000000001010100100111000101100
00000000000010001010011100100000
00000000000111110001000001100000
00000000001001010000100110010001
11111111111101111110000001100010
00000000010010011111010100001111
11111111111011010011010001011011
00000000000000000011011000111111
00000000001000010000111101011010
00000000000001100001100000100010
11111111110110101100011000111101
11111111111100001100011100100001
00000000000100100100110110010101
00000000000100101100001111101011
11111111111011010011001110110101
11111111111001111101001001100111
11111111111001010111001111110110
11111111110111100111000011101011
11111111111011100011010111011101
11111111111101001000010001011111
11111111110110110100011001101001
11111111111011110111011000001011
00000000000110000101101100011101
11111111111110000001110100100001
11111111111110111101010010100110
00000000000000111100010011001100
11111111111110011000001011111110
00000000000000100101100110101110
00000000001010011011110111011101
00000000001001000001011100001110
00000000000001001100010101110111
00000000000010111110110010011011
00000000000111111111110110110010
00000000000101110101111111001001
00000000000110100111000111101000
