00000000001101000101111000101000
00000000001011011111111110101100
00000000001001010000011101000011
11111111111001110001111000011100
11111111111101010111110100011100
11111111111101101000001101000011
11111111110110011011101010110110
11111111111100011110100101010111
00000000000010101010001100011110
11111111111011001011011110010000
00000000000001110000011011001010
11111111111010101100111000010001
11111111110100101111100101110011
00000000000001101110001001101001
11111111111110010110100000111001
11111111110011110001111010100110
11111111111100111010110000101101
11111111111111111111101100000100
11111111111001111011000101001110
11111111110111010010011101011001
11111111111001111001010010000011
11111111111000100111101000010011
11111111111000011010101000001111
11111111110011101011111100000011
11111111111111110110110100111000
00000000001110110110111011011101
00000000001010100100000101001111
00000000001111010111100100000101
00000000001001001101100011011011
11111111111100010000000101011110
00000000000111101010001010101010
11111111111100000111110111000011
00000000000010100110011010000010
11111111111001110101000000110101
11111111111011111010011000110000
00000000000101000010101011010111
00000000000011101101101011011010
11111111110110000100100100100111
00000000000001010001110000010010
11111111111101011111010000110110
11111111110101100011010100101111
00000000000101101110011001101110
11111111111100110100011100100100
00000000000100001101000101100000
11111111111101000100101001100110
00000000000000001011001101001110
00000000001000000111001110110000
00000000000110000010101011010111
00000000000010100000100010000001
11111111111100111110010111100100
11111111111111001111111111111100
11111111111110000100110001111101
00000000000000100111011000000001
11111111111001101110001000111010
11111111111011100111000011011011
00000000000001011101100110110011
00000000000011111000010111100100
00000000000001010100001110110111
11111111111100010101100111101011
11111111111001011001000110111011
00000000000010000110100110000111
11111111111011110111011110101100
00000000000010000110000000011001
11111111111101110100011101111010
11111111111110101111011100110110
00000000000010000000010011011110
00000000000101011010000010101001
00000000000010011011000000011001
00000000001010010110100001001010
00000000000010110110110000011101
11111111111100110100100000101000
00000000000011010010111111011011
00000000000111100101110110000000
00000000001000001001110010011100
00000000000101101010111011010111
11111111111010000000100101000100
11111111111101101000011101110010
11111111111100110001110101001111
11111111110111111100011110100100
11111111111011010001101111001101
11111111111101001111111100010110
00000000000001000111101111011101
00000000000001000000000101111001
11111111111111101110111110010101
11111111111010011011001110110011
11111111111100111100011111011101
11111111111110010011000000000011
00000000000000000000000111111010
11111111111111110001111110101101
00000000000010100011010001011111
00000000000100000011111001000110
00000000000110000110011000010011
00000000000001110000011111010010
00000000000110111000001000000101
00000000000100110010000110000000
11111111111100011110001111010100
00000000000010011000011100011001
11111111111101111001001010001000
00000000000011001110101010001111
11111111111111111110100110100100
00000000000010100001111001110111
00000000000011010111101110000010
11111111111110111110001000110001
00000000000011111000100010011010
00000000000000110000100000101111
00000000000100001011010011010101
00000000000010111010100001111110
11111111111111111010001101100011
11111111111111111101010101001011
11111111111111000011010110011110
00000000001001000000110011111101
00000000000000111101010100010101
00000000000110000000101001011101
00000000000000010010111110001100
11111111111101010111100011001010
11111111111011101100111010011111
11111111111101011010100001111111
00000000000010100000110000110110
00000000000000000011010000010010
00000000000010001001010110001100
11111111110110001110010011011011
11111111111010010010010000100000
11111111111010101111010011101011
11111111111110011000001010101010
11111111111010011000111011011101
00000000000111101010101001000110
00000000000110010100111111000101
00000000000001011001101101011101
11111111111111000111000111110101
11111111111110110101100110110110
11111111111011010010100100000011
11111111111010000010010001110010
11111111111100100110000110111001
11111111111110000110010000011001
00000000000100100001100111000100
11111111110101110110010001000101
11111111110110110010010000101100
11111111110111011101011001101000
11111111111101000000001001011101
11111111111000101110100100001110
11111111111010100001100000111010
11111111111011010000100101011001
11111111111110001000001010110100
11111111111111000111000100110111
11111111111100011100001010101011
00000000000100101000110001101101
11111111111111001100111000111000
00000000000001011001000000010010
11111111111101011100101000110100
00000000000000011101100001111110
11111111111001101100111101010010
11111111110101011011011110100000
11111111110110011110101110001110
11111111110110001001001110100011
11111111111000000010001101010100
11111111110100000011010101110000
11111111111100010001111001010110
00000000000111001101010100101101
00000000001111010011100011011000
00000000000111011010010011101100
11111111111111111000100100110110
11111111111011110111011111101100
00000000000100011000011100101010
00000000000100101011100111000001
11111111111011111101000111101111
11111111111101110110111101110110
11111111111111001111101001001110
11111111111111010110111100011001
00000000000101010010011101010000
11111111111110101111111111101000
11111111110011001100111000100101
11111111110111001010100010001010
11111111110110000010101101000100
11111111111100010001010011100110
00000000001011000001000001001000
00000000000011111010010101111010
00000000000110101111100000100000
11111111111111001100011010010100
00000000000000110011101101111010
00000000001101001001010100111111
00000000000000100001110110010011
11111111111111001111101110111100
00000000000100101101100011100010
11111111111100011000110110100000
11111111111111010111100001010010
11111111111100111111101001011010
11111111111000010000010111100001
11111111111111011111111100011101
00000000000001110011011101110011
11111111111100000001011101101010
11111111111001101110000111101101
11111111111011010100001110101001
11111111111110001111011010100001
11111111111010000100011100110000
11111111111110001010011111100011
11111111111101000101100010110011
11111111111110101001100001101101
11111111111000110111011101001111
11111111110111101101001111001001
00000000000010110110011100100001
00000000000101000000101011001111
00000000000101001010001001000011
00000000000100011101110010111100
00000000001001011110000010100110
00000000000100011111000110101110
00000000000011001000010011110001
00000000000001100010000001111111
11111111111101100100101100101110
00000000000100000001000101111101
11111111101000001010010100111110
00000000000110001000001110010011
11111111111001010000010111011111
11111111111101100010110110001001
11111111111110100110110111101001
11111111101111101011010101110001
00000000000101001010101101100000
11111111111110010000000001101111
00000000000011110000001101101001
11111111111000001010110011011110
11111111111011011110110010110011
11111111111111000000011000001001
00000000000101010110001010000110
00000000000110110010000010010010
11111111110110000011010110101100
11111111111000011010010100011011
00000000000001110001010001111010
00000000000010001011111010011001
00000000000001100100111101001110
00000000000100010110110101100111
00000000000001001100110100100111
00000000000010011010110111100000
11111111111110101101101110011010
11111111111111011000000110001011
00000000001001011011101010011101
00000000001010011010100010001100
00000000000001010101000111010111
11111111111111001110000100100111
11111111111010010110010010011010
00000000001000000001111000101100
00000000000001111010000001011111
11111111111101010100000010101110
11111111111110100111100111101100
00000000000001010001111100101011
11111111111101111010110010101111
11111111111101111011101111101011
00000000000010101101001011000101
11111111111111101011100110000000
11111111111110000100010110001101
11111111110101100111101100010110
00000000000101101000010110110111
11111111111100001110100010011110
00000000000001011110011100010000
00000000000011100110101100011100
00000000000001001011111111110100
11111111111010101000001110100010
00000000000001010000111011000110
00000000000101010001111111000111
00000000001001011000111110011001
00000000000011110001001111101000
00000000000110101010101000011010
00000000000100001001110001011110
00000000000111001010111010111101
11111111111101000100111011001010
00000000000100001010110010101011
11111111111011000100000010100000
00000000000101010011010101101011
00000000000001111010001111110011
11111111111110110011001110111011
00000000000110111001101111101001
11111111111100100010000010000000
11111111111111010101100100000100
11111111111011100111010110110010
11111111110100110001110100111110
11111111111001101110001010000111
11111111111010011110101011100110
00000000000011101010011011110100
00000000000010011101000011010110
00000000000011111110000101110010
00000000000011000001101000111100
00000000000100111010011000111100
11111111111110110000001101100000
00000000000111010001111111011101
00000000000101110111110110011110
00000000000110000110111000011111
00000000000010110001100110100100
00000000000110111110010101010111
11111111111011001101111011100101
11111111111001001011011011111110
00000000000010011111000100010000
11111111111010011101100000110010
11111111111000101001010011111010
11111111110001101100111101000001
11111111110111011111001010001101
00000000000000000110101110101000
00000000000100111101111100010110
00000000000000100000001011000000
11111111111000110010100010100010
11111111111001010010000100000011
11111111110101000001000101110011
11111111111000000101101011100111
00000000000001000010000100111011
11111111111011100111110001010010
00000000000011010100011101100111
00000000000110100110100001010110
00000000000010001001011011000110
11111111111110111011001001001000
00000000000001011000111000001111
11111111111010111000101001000001
11111111111001000111000001110100
00000000000001101001001111011001
11111111110101000001110100011000
00000000000000001111010000101000
11111111111110110010000110001000
00000000000010010000001001101011
00000000000100111001000001110000
11111111111111100000100001011001
00000000000010011110011011010001
00000000000011100110011101001001
00000000000000101101001111000101
00000000000000111101011000111010
11111111111100000000111100001000
00000000000001001100111010011010
00000000001010001100010100010100
00000000001110001010100011111100
00000000001100000101010000000110
11111111111110000111000000111101
11111111111110011111000100110010
00000000000100011010111110101001
00000000000011001010001111000110
11111111110111110111000001101010
11111111111010011110000010100110
00000000000011000010000110010011
00000000000110100110011111101111
00000000000000001100111010110111
00000000000101000000011000001101
11111111111101000110100111011101
00000000000011010110010101101111
00000000000000100100101000110111
00000000000000101011111000000111
00000000001010111101111001100111
00000000000101001110011111111101
11111111111111111100111001110110
11111111111001110000011110011010
00000000000100010111101100101111
00000000000011110000101000001000
11111111111111100010010010001100
11111111111001010100001000101011
11111111101110110110110001001011
11111111110100101000110100100110
11111111110111101001101101101110
00000000001010001101101010111000
00000000001000011001001110011111
00000000001001100001000101000000
00000000000100100010100000101010
11111111111100111010101001100011
00000000000100010000110010011101
00000000000010111011000101111011
00000000000100000001101111110110
00000000000000110011010111101011
11111111111100001100111001000100
00000000000000110111011100000101
00000000000100010001010100111110
00000000000100110110001110101110
00000000000110100010111111001101
00000000000000100010011100011001
11111111111111000100110000000101
00000000000110001101101101011100
00000000000010001101001000010100
00000000000111001100011000101000
11111111111101101100100111100000
00000000001010110111111110101110
00000000000000010010100110011011
11111111111111010011010110010100
11111111111101111001010100110011
11111111111010010001101110100100
11111111111100011010101011100111
11111111111000111000111100111101
11111111111100100000101001101001
11111111111110011001110010101010
11111111110110011001111010000111
11111111111001000000101001000001
11111111111011010101011111001000
11111111111101011100101111110110
11111111111110010000100101110000
11111111111100010101010110001001
11111111111100000100101111100101
11111111111111111111111101011010
00000000000011011000101100100000
00000000000100101000110111100011
00000000001000010010111010111110
11111111111010010110001001101101
00000000000010110010100100011101
00000000000001111001100001010100
00000000000001001000010111111011
00000000000101010101010111111011
11111111110111000111010010001100
11111111111110001100111011101010
00000000000111100101100000101101
00000000000010011010111100001001
00000000000000110110001000100101
