00000000010110010101110111010111
00000000001010101100101011000110
11111111111010001001110111000100
11111111110110100111000111100111
00000000000100110101100001101100
11111111111011101001101000001100
00000000000010010111100000100011
11111111111000001101011101100010
11111111110110110000111000111010
11111111111110101010101011010011
00000000000100011111100100011000
11111111111101110010111000011110
11111111110101100010001111001010
11111111111001111010001100000111
11111111110011110011010111100100
11111111111010101000110010111010
00000000000000101110110101101001
11111111111100001110110010001011
11111111111011111001011110001010
11111111110110011110101101001001
11111111111101100101110000010100
00000000000011101110011111011001
00000000000001001001001110101111
00000000000000100011110101010101
00000000000011010110111111100010
00000000001100111110110111101110
00000000010110001100110000110011
00000000001111100110000110011011
00000000001000111100100011001001
11111111111001000100001011101000
00000000001000101101000111011100
11111111111100101101000101101000
00000000000010100001000100111110
00000000000010011111000010110111
00000000000001111110000001100111
00000000001000110001010110011000
00000000000010100101110011000001
11111111111100110011100111000111
11111111111011010111001011110001
11111111111011010010011011111100
11111111110111110001001011010000
11111111111110110001111101010101
11111111111110011111110001010000
11111111111010111001011100000111
11111111111100110100111110010001
00000000000101001101111011011010
00000000000010110001011101111110
00000000000111101000001100101000
11111111111001001111001010000000
11111111111011111010000000001010
11111111111110101011011100011001
00000000000010001001110111010001
00000000000000101100000011010100
00000000000000000101110010110010
11111111111100110110001100001100
00000000000100000010100101111010
00000000000001010100000010110011
11111111111011100101111001101011
11111111111011001101001010001111
11111111111101001001011110000110
00000000000000110100110101100100
00000000000000110101100101000010
00000000000100100001110011111110
11111111111010011001000110100011
11111111111110010111001010110111
00000000000000001111101000101000
00000000000000100011001100001000
00000000001000010111110001110101
00000000000011111011001011010110
00000000000100111000110100000101
00000000000000111100000001100000
00000000000001000011011000110000
00000000000001110100110000010111
11111111111111011010000010100111
11111111111100101010000110000111
11111111111011101110101000000110
11111111111011100001000100101101
11111111110101111010001101101110
11111111110101000111110110111110
11111111110110011001100001110000
11111111111100111111010110111100
11111111111110001001111110010100
11111111111111010001100100011011
11111111111000001111011010011110
11111111111110101010111100111101
11111111111110100011110110101100
00000000000000100101000100111001
00000000000011110001011111111000
00000000000011100001110101000100
00000000000101011011010000011101
00000000000001010100101110110100
11111111111110000101100011001001
00000000000100010011101110011011
00000000001000111010100011111011
00000000001010000011100010110010
00000000000001010011011010111001
00000000000001010100111101110111
00000000000000000101010010110100
11111111111111101011010100110001
11111111111010011100001110001111
00000000000011001000110101111101
00000000000100001111010011000111
00000000000111000010010111011011
11111111111010110011000100110001
11111111110111110001001111111010
00000000000000001111001011000110
00000000000110000101011000010000
00000000000111100001000101110100
00000000000000010101010001000011
11111111111111101011011110100011
00000000000011110110100000111001
00000000000100110101010101101000
11111111111101111000110010000001
00000000000001001001111111001010
00000000000110100001100101010100
11111111101110001100001111001101
11111111111100011111100100001110
11111111111111111110101000101001
11111111111111011100001011100110
00000000000010101001110001100000
11111111111110101001000111100111
11111111110110110000110101101110
11111111110111001001001010000011
11111111111101000000000001110001
11111111111000001011011100000000
11111111110000110001101111110101
11111111110000001010111010010100
11111111110100110110001010000010
11111111111000011101000011000001
11111111111111101101110000010000
11111111111100100010001101001100
11111111111100101011111010110001
11111111110111011011100100111101
11111111111100010111101000111111
00000000000000110011101001101000
11111111111011101110010001110000
11111111111001110001111100011010
11111111111111111100110011111111
11111111111011101000101001010110
11111111110100010110011110100010
11111111111111001110000001000010
11111111111010011001001110000000
11111111111111010101101000010000
00000000000110011101011000111000
00000000000111010001110011001111
00000000000000101001111111100000
00000000000100001011100111000010
00000000001000111110111110010000
00000000000011011011101010001110
00000000000100000110000010010110
11111111110011101110000010010111
11111111101000101111111101000110
11111111101011010111100000000101
11111111110101110100010001101110
11111111110111111110101000010010
11111111111000100111100010100010
11111111111100100000011111011000
11111111111111111001010001011111
00000000000111110010011101101010
00000000001100011110001110101001
00000000000001011101110100010111
11111111111100111010010110001010
00000000000101000101101001100010
00000000000111111100001111101111
00000000000010100000011110110001
00000000001001010000100111001000
00000000000001001100110110100010
00000000000011001011011110110001
00000000000011010110001000100000
00000000000001101110101101110110
00000000000010001100111101111001
11111111111110011000101010001000
11111111111101001010011010001100
11111111111001110011100100111011
00000000000000001100100111000101
00000000000001010110011110011010
00000000000010010000001000011010
00000000000010010100110000101111
00000000000111100100100010010101
00000000001001110001101110000000
00000000000100100011010100011010
00000000000000001000001010011011
11111111111011110011101011100001
11111111110111011001000000010000
11111111111101110000100111110111
00000000000010010000001101100100
11111111111010001010011110000010
11111111111100010000000100000101
11111111111010101101111011100101
11111111111001011111000001110110
11111111111011100111000000111110
11111111111101011110101101111101
11111111111100011101110010010100
11111111110111011101001111001110
00000000000011100000000101101110
00000000000011001110011011000001
00000000000011000011100110001010
00000000000101100111110110011100
11111111111101100110110000010001
00000000001001101101001111011111
00000000000111000010110111110100
00000000001010101010111110111010
11111111111110100010011010111011
00000000010000001110111011111101
00000000001011000100101011001100
00000000000100000100101001100110
00000000000100110001011011110010
11111111111111101111100110101010
11111111111111100011001000110001
11111111110001000111110010000100
00000000000110010001101100010010
00000000000011011011100000001011
11111111111110101111111011000110
00000000000010100111011011100010
11111111101100010011000001100000
00000000000100100000011000011001
00000000000010010011111110011011
11111111111111010000110010111000
00000000000001110011000101101111
11111111110110101110101111100010
11111111111110111011110110010111
00000000000010010011101110111000
11111111111110010111011101000101
11111111101110111010110001101101
11111111111000010110100001101000
00000000000011000011111100100000
11111111111000010000010111001111
11111111111000010101100010000011
00000000000011110100100110011011
00000000000001110101011100011100
00000000000010100001100101011100
11111111111101011101001011001100
00000000000000011110011001010101
00000000000000001010001001010010
00000000001011101011101000010001
11111111111110101100010010101100
11111111111011111011000001000100
11111111111101010101101100011111
00000000000100101101010001010100
11111111111100001100010001000011
00000000000100101001011011101011
00000000000011000000100100101110
11111111111101001101011101010001
00000000000000100011000111101010
00000000000101000010101011111110
11111111111100011100010110100110
00000000000000101100110010110101
11111111111011110110100100111100
11111111110101000100111010000011
11111111111011111011110001010101
11111111111011111000000100011110
11111111111011010010111111100010
11111111111101011110100000100101
00000000000101001011001110100011
00000000001000101111100110101101
11111111111101101000010011000000
11111111111111001010100111001010
00000000000101010111011101010010
00000000010000000111011011100111
00000000001110101110010000100000
11111111111100101111111110110111
11111111111101011010100100001111
00000000000101000111000010100110
00000000000110000110100101000000
00000000000101011111001111100110
11111111111111010100111101111010
11111111111010100111011111111011
00000000000011100110000001000001
00000000000110000000110110110100
00000000000000100110101100110011
11111111111011100001010101010100
11111111111010110000001011001010
11111111111010111011010011111101
11111111111011000001001110010000
11111111110110010000100001010000
11111111111010100001100011011010
00000000000101101001011001011001
11111111111011010101010001100011
11111111111101001010001101101110
00000000000010001101000011011011
00000000000110010101000110000100
00000000000111010001100101000110
00000000000000011011101110010111
00000000000111011000000001010110
00000000000011000110110010100010
00000000001111000100011100011001
00000000000100110101001101011011
00000000000000010111010100100101
00000000000000001010011110010110
11111111111011111011001110000000
11111111111101110000010100101001
11111111111110101110110001111100
00000000000101010011101100111100
00000000000001011110001100110100
00000000001100001111010001010111
00000000000110011010010000011111
11111111111011100010010100010111
00000000000101000010100001101111
00000000000000010010101000001000
00000000000100101101010101111111
00000000001110110001110100100011
00000000000000110011111000110100
00000000000000100101111101010100
11111111101111001100010110111011
11111111101110001000110010101011
00000000001001111011100011101111
00000000000011100111100100100000
11111111111011101100101111001110
11111111110101111101010010111001
11111111111110000100100011001100
11111111111101010000101010101001
00000000000000011010010000001110
11111111111010001010010110010000
11111111111101111101111111011110
00000000001001011010001111111011
11111111111100011111110001000000
11111111111000100110111111010100
00000000000010110011010011011011
11111111111111101011110111011101
00000000000000010100111011000010
00000000000100111000101011011000
11111111110110000010001111010000
11111111111100100101101101000001
00000000000001101101001001011110
00000000000001110000110001000011
11111111111001100101011101011111
11111111110010101100111111111001
11111111110001001110000100010010
11111111110001011100101010000111
00000000000011000111001011100110
11111111111000010100010011101000
11111111111010000001101110001000
00000000000001000100111001101111
00000000000101101100100100000011
00000000001011110010101011110100
11111111111100010110111110010000
00000000000010001100111111100000
00000000000110000110011110110001
00000000000101001110000101011010
00000000001100101010001101101010
11111111111111011001110110010011
00000000000000110110101110111100
00000000000010111011011000110100
00000000000010100101000110101110
00000000000100111101010011101110
11111111111011100000110110010011
11111111111101010110101101101101
11111111110110101011111001011010
11111111111010100100101110110000
11111111110110001000001101111001
00000000001101011000101010111111
00000000001001110110001001000000
00000000000111010100110101000110
00000000000000001010011100100000
00000000000001101101100110100101
00000000001100101101100100001011
11111111111110100011010011100111
11111111111100000001000000010000
11111111111111111000011100000101
00000000000010110100110101110000
00000000001101011000010011100001
00000000000001100011100000001000
00000000000001101011001110111001
11111111111101100000101110101110
11111111111111011111010000001100
11111111111110010110001111101010
00000000000000001001101111110001
11111111111110101111001111010111
11111111111111001011110011110000
11111111111110111110101111000011
00000000000101000011010101000111
11111111111100000011001110110101
00000000000011101111001111100100
11111111111110100101001111101111
11111111111000111110010010110101
11111111111011101011100011100100
11111111110011100111010001010111
11111111110010111010000010001110
11111111101101111101010011000101
11111111101100101011110001000101
11111111111101010101101111000110
11111111111000011000101110100000
11111111110111000001011110110111
11111111110110011001101101000100
11111111101111000011010011010111
11111111111011110011010011101110
11111111111110100101010111010111
11111111111111010011000010001001
11111111111111010011100010010110
00000000001011100100001011011011
11111111111101111001011100000011
00000000000110000010101010011100
00000000001000101011000110111101
11111111111111001100101010111111
00000000000010111010110100110000
11111111111010000110111100110001
00000000000010000101100010011000
00000000000011111011100101010100
00000000001000101110111101010001
00000000000100100111110110001101
