11111111110011000010011110111010
11111111110001000100111101111100
11111111101111101111011101101101
11111111110110100000101101100110
11111111111011010010100000000001
00000000000101101100000011001110
11111111110100111110001100111101
11111111111001100111000011111101
11111111110110001100001110011011
11111111110110111101111101010011
00000000010010010001010110111011
00000000000100111011001001111001
11111111111110011011010110010100
11111111101111011011010010011000
00000000000000110001001111001011
11111111111001110011001101101001
11111111111111001100100101000001
00000000000101100011100110011000
00000000000000110110110011001010
00000000000100111011100011001100
11111111111011000011111101100100
11111111110011111101000000010111
11111111111111010101010101101110
11111111111101001101011011001010
00000000001011011100110100101100
00000000000101110000100000100110
00000000001101101100101000110000
11111111111110101101110110010011
11111111111000101010110101010000
00000000001001000000111011010000
11111111110011101000100100100000
11111111111011100001110001111100
11111111110101001000010011011010
00000000000011010000000101100010
00000000001100110010011111000110
11111111101111111111011011100100
00000000001100001101011011000001
00000000000011010110010111100001
00000000001110111010111010110011
00000000000000011110100010001001
00000000000110101110010100010110
00000000011001010000011100001000
00000000001010110100111111001101
11111111111001010100110000101001
11111111111011011011111001011101
11111111110001101011010110001101
00000000000111011011010001101110
00000000000101101100111001010110
11111111110110010110000101111010
00000000000001010110101000101010
11111111111100011000101001100101
11111111111100100011100000010000
00000000000101101100010101110000
11111111111110110000100000101000
11111111111000000111001101000011
11111111111110110000100110111011
00000000000011110111101010110010
00000000000010011100111100011001
00000000000101011111100111011000
11111111111110011000000001111101
11111111111011000101011110100100
11111111111000011001010000000101
11111111111110001011111101010100
00000000000110001011001000100001
00000000000001100000100100101110
00000000001010001001001110010111
00000000000011011100011111001101
11111111111110011000100101101111
11111111111110010010111000110011
11111111111101100011011101010110
00000000000101111001110000110100
00000000000001101010110101011000
11111111111101010001101101100110
00000000000001001000010100000001
11111111111011111010101001010110
11111111111111010100001000010101
11111111111110101000111100111011
11111111111110100011101001011010
11111111110101001000110111100011
11111111111000011001110000111110
11111111111111011100101100001001
00000000000101110011010101000111
00000000000101010111011001111011
00000000000101001001001100100111
00000000000111100011001011000011
11111111111110111110101110111000
11111111110110100000000011001101
11111111111010010100100010001010
11111111111101010101110000111011
11111111111100001110010010100101
00000000000100000111101011010000
00000000000101110110010101110010
11111111111110110000101000000101
11111111111000010110110010111010
11111111110111101101110100011100
11111111111110010101001001011010
11111111111111001011110001010011
11111111111101100011010010011011
11111111111110010011100011111100
00000000000001000101101010111010
00000000000110110110111110001010
00000000000101011000101110111010
00000000001011110010001111100010
00000000000101101011110101101011
11111111111000101111010100011111
11111111111000001111100100111110
11111111111110010010110110110100
00000000000101000101100000011111
00000000001000111100111001010001
00000000000000000111110101010101
00000000000000111001111010101011
00000000000011000110011011001010
11111111110110101100101100110000
11111111111110010010000000111001
11111111111000110011110110110000
00000000001000100110000101110100
00000000000000011110100111100001
11111111111011000011010001101111
00000000000101110100110101011111
00000000000011000001011101110000
11111111111010010010111011100010
11111111110111101110010100010011
00000000000001001001010100011110
00000000000111001110001011101000
00000000000001110101110101001000
11111111110100111101110100101101
11111111110100001101111101100100
11111111101110101010010010001110
11111111101100001000111111000010
11111111100110011111010110011001
00000000001010010101011010111001
11111111111000100110000010001001
11111111110110000011110110000010
11111111101011001010000001110110
11111111111100000001010101111110
11111111111100111010110001011100
00000000000101010011011100110100
00000000000100000011100011101101
00000000000101101011110110111000
00000000000010001010110010001101
11111111110000001011101011001011
00000000000010000101100001010011
00000000000011010010101111001000
00000000000010011011000010010100
11111111111001000000010011101001
11111111111110000101101110101110
00000000000000011001110001110010
11111111110100000111111100000110
11111111111011110110001010011011
00000000000001110011101100010010
11111111110111010010001101010111
11111111110100011100101001011011
11111111110010100101010101111100
11111111111001101001010111101001
11111111111101100101110100110000
11111111110011001001011100001100
00000000000100010101101100010010
11111111111110011101011010110011
11111111111101101010000011010111
11111111111110000110000100010000
00000000000001011010001101100011
11111111110110101101110010101111
11111111110010100110000001010101
11111111111000110101111111011110
00000000000011100011110000001101
11111111110111000010010010111110
11111111111111010000001000101111
11111111111101101000101110000101
00000000000100001010110111101011
11111111111010000011001110011111
00000000000000001010011101011111
11111111111110101101110001110111
00000000000011101100111110100000
00000000000001000110010010110011
00000000000001001000000110001111
11111111111010101001000101001110
11111111111001101111001011000110
11111111111100011101000100100010
00000000000010100011011010001101
11111111100100110110000110010100
11111111111101011100011101111110
11111111111100100100011101010001
00000000000010010101111101110011
11111111110010100011010011000110
11111111101110010111110101101110
00000000001111000101011000110000
00000000000100000000011000010101
00000000000101011011000101010000
11111111111010000010110101001101
00000000000101101010010101011101
11111111111100111010110101011110
00000000000100000100101001100001
00000000000001001001101001000101
00000000000001001000010110100001
00000000000111001111110111000111
11111111110100100110000110111110
11111111111001111101010111101111
00000000000001000111101010011010
11111111111111010111100010010110
11111111111100101001111100100001
00000000000101001110011001010101
00000000000100010000011010100110
11111111111100101000001100111000
00000000010010001110011101010100
00000000001010101111010001010111
11111111111111100110011000101001
00000000000001000110110001011010
11111111111010100111111011110011
00000000010010001000100011100000
00000000001010110010100100111101
00000000000100100111001000001101
00000000000111010000001100001110
11111111111100101101111110001011
11111111111000010001001101111011
00000000001111100000000000011101
00000000000000100110011000100110
00000000001001000110001010011010
00000000000101000110010001101110
00000000000000110000101100010111
00000000000001011011110000101011
00000000000010011100111110101011
00000000001000101011010011110011
11111111111111000010001110111101
00000000000001011001110100110001
11111111110101001110111000010111
00000000000111111100001110110111
11111111111011110110101010010010
11111111110100010111110101100110
11111111111111111101100011100111
00000000000101010011010100000101
00000000000100001110100011110010
00000000000011011100010001110101
00000000000011100100101111100100
00000000000110001000111001010111
11111111111010011011111010111111
00000000001010100100010100000111
00000000001001101011100010111111
11111111110100010101000110010110
11111111101111000000101010100000
11111111111001011101010110111111
11111111111010101100111101111011
11111111110111011110110101100110
11111111111110101110001111110110
00000000000010100111010101011111
00000000000001001110000100001000
11111111111110110011000000001101
00000000000010101111000011101111
00000000000000101010001001110100
00000000000111000011111011011111
00000000000110111110111101111010
11111111111000101100010010011001
11111111111111111111101011000001
11111111111000011100101111101101
11111111110111011000011011101110
00000000001011011010011001100010
11111111111011011011110111101011
11111111110111011101110110100110
11111111110111110001001100011000
00000000000000010111011000101001
11111111111110010101111010101100
00000000000110010001100111100111
11111111111010100011101011100100
11111111111011101101010110101110
11111111111111100101010110001000
11111111110101111000000000101100
00000000001101111001110111011101
00000000000110011110101000110111
11111111111110011100010100011101
11111111111111100101001101110111
11111111110100100110000111101100
11111111111101000010110111111101
00000000000000100101001001100110
00000000000010111001111011001101
11111111111111001111000110000001
11111111111011111010010100000110
11111111100110100110101101111111
11111111101010001011010101100110
11111111111010011011011100000001
11111111110101010010001011000000
11111111110001110110110101001100
11111111101100111101110010011001
11111111011101110000010000111011
11111111111001111110001011100000
00000000000000110111101100000101
00000000000011001110111101100101
11111111110101011010100111110101
11111111110111011010110101110111
00000000000111000101001010101111
00000000001101011000011001111110
00000000000010100110100110000010
00000000000011001101111111001011
00000000000110011001001000111110
00000000000000001011010100010011
00000000000101110001111010100010
11111111110001100101100001001001
11111111110111010100001000100110
11111111110101101001100000001101
11111111111001101101101000011101
00000000000011111100111100111001
00000000000001111010100111011001
00000000000010100000101110000111
00000000000110001010111011011000
00000000001011011100011000111100
11111111111110111111100001101100
11111111110110100101110111011011
00000000001111001001111101100001
00000000001111011100110001110001
00000000010001101000111110001011
00000000000101101111101010010100
11111111110111100000000110100001
11111111110011100001011100100001
11111111111111000101010011100001
00000000000100111111111111100111
00000000000011100000100110110001
11111111111110110000001110001100
11111111111111001110100000010111
00000000000010000101011101101011
00000000000000111100101100000101
00000000000010011011000110111110
00000000000011011111010101011000
00000000001000011100011110110111
11111111111101000011000100011000
00000000000111011101001101110101
00000000000110110111100111001000
11111111111110101110100111010001
00000000000000111001111100000111
00000000000010000100111010110001
11111111110111101010100100100101
11111111111000101010111011100110
00000000000010101011110000000010
11111111101000000000001101110111
11111111101000000101001001100001
11111111111000100100111001100011
00000000001000111000110111101110
00000000000100010000011101000011
00000000000001111001101010000010
00000000001000010110101100001110
11111111111111110100110101000010
00000000000010001000010000001101
11111111110111100111010001000110
00000000010110110100101010011001
00000000001000000100100010100001
11111111110011110100010011011010
11111111111000111000010100010010
00000000000010011101111000111111
11111111110111110100111011011100
11111111111001000110110010100011
00000000000100011011110000110001
11111111111100111010110100001100
00000000000111100010111110110100
00000000000011100001010000011111
11111111111110010000001101011100
00000000000011111100010000111000
11111111111110000101010100011100
11111111111110111110010110110100
00000000000101001101010110011101
11111111111001000100011110110110
11111111110001001100100001011010
00000000000110010111100011110110
00000000000101100000111101011110
11111111101100100100001100011100
00000000000010010101110101111000
11111111111100110000101010011100
00000000000101000011000101111110
11111111111110101100001001111100
00000000010111011011000111011000
00000000010010000010101000100000
00000000000000011100110010000011
11111111111101100110000010101000
11111111110010010001110010011010
00000000001101010100111110001001
00000000001011111001111010101110
11111111111011000010100011011110
11111111111010010010101011111110
11111111111110010110101110110111
00000000000010001110000001011111
00000000000000011111000111110011
11111111111111110100001100101111
00000000000010011000000011011100
00000000000011110010001100011101
00000000000000010110100111101110
00000000000010011000001001110100
11111111111010111000010100000110
11111111111010101011111010101001
00000000000000001110110111011001
11111111110100111010011000010011
00000000000001000100100100010000
00000000000100101111100001000110
11111111111110001101001110110001
00000000000010100001011010000000
11111111111000000011011111001100
11111111110001110111001001001000
11111111110101111000111111110001
11111111111001011001011010100100
00000000000100010000011001101100
00000000000000100011101011110000
11111111110111010111011010100001
00000000000011100110010100101100
11111111111110111010110010110001
00000000000001001111000001010110
