11111111110011111100000001101110
11111111111010010010101011011010
00000000001010110100000101010010
00000000000111000100001100011000
00000000000110001111111000011010
00000000000100011110000000011101
00000000001000011000111101000010
00000000000000010001100000010110
00000000000010010001100001110001
00000000000100101110010000100110
11111111110110101101000101000011
11111111111110000000101111000010
11111111111111011000011011010010
00000000000111110000111111101011
00000000000010010000111000101011
11111111111101001001111000000011
11111111111011111111101111100110
11111111111010001111010100111001
11111111111011100011010101110001
00000000001001011001010100010100
11111111111101111111101000110011
11111111111000101001110010100101
11111111111110100001100111110010
11111111111101000000011011101011
00000000000001100110101001000010
11111111111010111011100000100110
11111111101111001000000010111001
11111111111010111111101111000100
11111111111110001011011100111011
00000000000000011110100011010010
00000000000001011001111001001111
00000000000000001110000100111100
00000000001010011111100111100000
11111111111110000111011001011000
00000000000100110100111000100111
11111111111011100100110000111001
11111111111111001111111100111101
00000000001010101100011011010011
11111111111110111000101100110000
00000000000001111000001000111000
00000000000100110101001110100011
00000000000100011100001111010010
00000000000001001111111110000101
00000000000100100111011111101101
00000000000000110010100101110001
00000000000110110010011010000000
11111111101110011100011010110100
11111111111100001000111010110001
11111111111000110101011011000000
11111111111001100100000111001010
11111111111101011000000111000111
11111111111110010010010001010101
11111111111101001001010101010011
00000000000001110111100100011111
00000000000010010100010000000101
00000000000100100100000011100011
11111111111001100010011000011110
11111111111011111101101011001011
00000000001000001101011010100111
00000000000100100100011011010101
11111111111001101000101101100101
11111111111101000110011000011111
11111111111001011010100100110000
11111111111011111111001101100010
00000000000110001011000000111110
11111111111010001010111111011001
11111111111100011010010001001101
00000000000000000000010010001110
11111111111001110011110001001010
00000000000001100100101011111000
00000000000111110110100101100101
11111111111110101001001011101100
00000000000000111101101110010111
11111111111110100011100110001000
11111111111110011111000000111110
00000000001100101100011000111000
00000000000001101010100010110110
00000000001001100110111111001010
00000000001001001001001011101001
00000000000111100111110011100000
00000000000011111001101011101100
11111111111110111000011100001000
11111111111001110101111101010111
11111111111111101001111100011110
00000000001001101111011101111100
11111111111100011110000011111100
11111111111011111010110011110011
11111111111000001100010000100111
11111111111111000110111101110110
00000000000010001011101010001101
11111111111111001001100101100001
11111111111010101010110001101000
00000000000000010110110010000001
11111111111011100001100010101010
11111111111101111001100101111111
00000000000101000110111100101010
00000000000010000101000110111110
00000000000010100100000101111110
11111111111001101011100000001001
11111111111111101111011101000001
11111111111111111000010010101001
11111111111110100101111101010010
00000000000010010111111110000100
00000000000010110001000101111110
00000000000110100101001011111001
00000000000001010000011001001001
11111111111111110101111101101000
00000000000010110100111001110110
00000000000100010111010111101101
11111111111010110100110010010011
11111111111101110110110000100011
11111111111011001011000011001011
00000000000110111011011001000110
00000000000011000111110111111100
11111111111011010011000111011101
00000000000100110100001110001011
00000000000001101011011111110110
11111111111010011000001001110110
11111111110101111000011001100110
11111111111011001010101001100110
11111111111101000000110111100001
00000000000001101001001110100100
00000000000101110111001101100001
11111111110101110101001100101001
11111111111100100100000100011011
00000000010001111101011000100010
00000000001001011011000100110011
00000000000011011010000011100100
11111111111001001001101111000010
11111111110100100001100000111000
11111111110011101011001000001011
11111111111110001111110010000111
11111111111010011100010100111001
00000000000011111001101010111011
11111111111111011001011111010001
00000000000101100010101101110011
00000000000001101111110001100001
11111111111110101000101100101111
00000000000011100001101011110101
00000000001001010100111111010000
11111111111111010101001011101100
11111111110011011000011000011000
11111111110100011010000101000100
11111111111111101110101011010000
00000000001110001100001000110100
11111111111001001011011101110101
11111111111011110000010000100010
00000000000010001000111111011111
00000000000100110011110000100010
00000000001000100001111100011011
00000000000001101101111011110101
00000000000100100000111111000100
00000000000010000011110011011111
00000000001000010100000011010101
00000000000111010000000110010010
00000000001000010101100010101110
11111111111111100010010000011011
11111111110001000011000101010110
00000000000010001001010001011101
00000000000011001100011010111101
11111111111010011010100111010011
11111111110110000010101111011100
11111111111000000100100010100100
11111111110101000010001011111000
00000000000010111110001010001001
11111111111011001010110001111100
11111111111111101111110010001000
00000000000001100000110011011111
00000000000010011101110001000011
00000000000110110011010101100010
00000000000000110001011110101100
11111111111110010000111110000100
11111111111000010000010101000001
11111111111011011011101000000110
00000000000100100011101110011001
11111111110100101000010110101101
00000000000011000000111011000011
00000000010010111111010111011100
11111111111110010100110101001100
11111111101100100101100110010100
00000000000010110001100101001000
00000000001100110010110110101011
00000000001100110110010001100110
00000000001011100000001100101110
00000000001001000111011001001100
00000000000000110101001110101111
11111111111011011101000110001011
11111111111011101010010111110001
11111111110111011111010001011101
00000000000011000000001011110111
11111111111110111110000101111100
11111111111100101111111001001110
11111111111111011011001110000010
00000000000011111111111011111111
00000000001110110111110011101000
11111111111010011100001000011101
11111111111110100011110101011111
11111111111111000111010110011001
11111111111111000111111101000100
00000000001110100011001111001100
11111111110101100000010100000000
11111111110110011011011111100010
11111111110101101110101010101011
11111111101101100001111101000001
11111111110010110011110001010100
11111111111000100010001101110010
00000000000000100100001010000000
00000000001001001000000110111011
00000000001000100011010100001001
00000000010011000011010001010110
11111111111111110010100111101000
00000000000101101000100111101010
00000000000011101000010111000110
00000000000101110001011110100001
11111111111101100000001101110100
00000000000010100010101001111001
11111111111111011011000000110111
00000000000011101101111010000000
11111111111101111011100110000110
11111111110110101011000100000001
00000000000100111010110100001011
00000000000010100001101100011110
11111111110110011110100000100110
11111111110010010100111010011110
11111111111001001101010110101001
00000000000001000000110001001000
11111111111011001000000010001011
00000000000110111101011101010110
00000000000110001101001010111000
00000000001000100011111111111100
11111111110110111110110111000110
11111111111010010001101010110110
11111111111100101011100111101110
11111111101111101110011101111111
00000000001001101111000111101000
11111111111000010000101111010100
00000000000011111101010011011011
00000000000111110000100001100110
00000000000101000000010011111010
00000000000001011110111001000000
11111111111110011100010001110001
11111111111000110110000010010010
00000000001001100000111011110000
00000000000000000110110000111011
11111111111101101011100011110111
00000000000011000110101010100011
00000000000010010100001000001010
11111111111000011011001000000111
00000000000111000011010110011111
00000000010010001001011101100101
00000000000111011010011100001011
00000000000000110011100000000000
00000000000101100110000101011101
00000000000000000110101101111000
00000000000110000100111101110010
11111111111100111000000110110001
11111111111010011010101001110101
00000000000011001101100100101010
11111111111010000000111111101001
00000000000001100101011110000111
11111111110111011111111100001101
11111111111001110010001111010000
00000000000001001000101111011011
11111111111110100000110010001000
11111111111001110111111000011101
00000000000101100000010011001101
11111111111111001010011101011001
11111111111001100111010000000000
00000000000000010000010010100001
11111111111010111001001101000010
00000000001000110101010101110110
11111111111101100011000011110110
11111111111100100001010111110111
00000000000010011100110110001100
00000000000010110011101111000001
00000000000010111100111101110101
11111111111100000110001011100011
11111111101101000001111100101011
11111111111100100001101011101000
11111111111101110001111000110110
11111111111110011001000100110001
00000000000001100110101100101011
11111111111100110100000110001001
11111111111011010010101010110010
11111111111110110010000100011111
00000000000001010101010100000111
00000000000110010110100101111001
00000000000001110011001000111101
11111111111011110100011110101011
00000000000110001101101000110101
00000000000001010110101000000001
11111111111110101000011110100010
11111111111110010010111101010111
00000000000000111010100111101101
00000000000101011000001110110001
00000000000000011101011000101101
00000000001010110000101011101111
00000000000110010110101101110010
00000000000100101010010010101011
11111111111110111011101110010100
00000000001011100101000111110010
00000000001111000001000111110110
00000000000110110111100011110110
11111111111000000011111101011110
00000000000001111110011111001001
11111111111110101100101011111111
11111111111101001100111001011101
00000000001010001100001010100101
00000000001001101001110011111110
11111111111000110011000111001001
11111111111110000011001111111010
11111111111100000100010101010101
11111111111101010000000110101110
00000000001001100011110100011000
11111111110111001111110110001001
11111111111011000111111110010110
00000000000101011111110100011011
11111111111100011010100110011001
11111111111110101000111100110101
11111111110111111111000000011101
11111111111110100000010000000111
00000000001000000001001101000000
00000000001000001111101000101100
00000000000010011100101101000110
11111111110010010100101000011011
11111111111111110010100001110101
11111111111110000110110100101011
11111111110110111001101011010101
00000000000010010011111011100100
00000000000110110100000111110111
00000000000000010011111110101001
00000000000100101111111110110110
00000000000000001100101111100001
11111111111100111000110010000000
00000000000101011000110111011011
00000000000100010010001110110000
00000000000010011101111011010111
11111111110000110000011101010000
11111111111010000000010101000000
00000000000000101000111011100001
00000000000100100100000010111101
11111111111011111100000101111101
00000000000011100111100101110111
00000000000100010011001011000110
00000000000010010110011000000100
11111111111110110111110010100111
00000000000001000010100110011000
11111111111110101100110010110010
11111111111111111111100011000100
00000000000010110010100010110011
11111111110110101001100011110010
11111111101010001101101110001001
11111111110111010001100011001000
11111111111000111111000001100101
00000000000001111000110100101101
11111111111000001101000011111010
11111111111001011001011101110111
11111111111110110000111000110010
00000000000010110010101110010011
00000000000100001111000010001100
11111111111101010001110101000001
00000000000010110101100101001110
00000000000011010111000101111010
11111111111110101000010101100001
00000000000010000110001110001001
00000000000101101001011110011001
00000000001110100111000000001101
00000000000100011000000111100111
00000000000101011101110100100000
00000000000011110111100100101111
00000000001110000110100010001010
11111111111101101100000010010010
00000000000100110001000101001011
00000000000001100001011111110101
11111111111010111011000011000111
00000000000011001010110001001111
00000000000001011010011101110100
00000000000000100101010000011000
00000000000000001100010110110110
00000000001011111001000000101000
00000000001010110100100110111011
00000000001101001110101000000101
00000000010000101110001110110110
00000000000101001101000001110110
00000000000100011010010111100011
11111111110100011101111110110101
11111111110100010010010001011111
11111111111101111000001100010011
00000000000000101000100101100001
00000000000010110001011000110111
11111111111010111111010000110100
11111111111011011110011111011000
11111111110110101001100010001101
11111111110011000101001010001101
11111111111000000010100101010101
11111111111100000000001010111111
11111111111110101111011011111011
00000000000001011100010111100111
11111111111111100010111110100001
11111111110111100000100101100111
