11111111101100010010111100011111
11111111101101111111001101001111
00000000001000011001100110010010
00000000001100110101111110010000
00000000001010100010001100001000
11111111111100110011111100110000
00000000000001100010011001011000
00000000000000000010011111000101
00000000000000001001110001001100
00000000000011010000100010111000
00000000000100111101111011110001
00000000000000111001100000101110
00000000000001101100011101011101
00000000000010100110010011100011
00000000000001101101110100011011
00000000000101011000001001101101
11111111111111000011001000011010
11111111111110110111111100000100
11111111111100011010011111011111
00000000000000010010011001001111
00000000000001011110111000100101
11111111111001001001000000100010
00000000000001101100101100010011
00000000000010100111101101011110
11111111111010010011101100010100
11111111111100001001011110011001
11111111110110110001001010011101
11111111110001001111101101111110
11111111110110111010000011010011
00000000000101101001100110111111
11111111111110111000100011011000
00000000000011011111011111011011
11111111111001101000010011011110
00000000000010010100100011000010
00000000000011001000010111101011
11111111110110110110001001011111
11111111111111010100011101010111
00000000000110110100101100010000
00000000001001101011101101101110
00000000000101100101100101011011
00000000001000110100000010010111
11111111111110001110010111011100
00000000000101100000011111001111
00000000000010111101111100011101
00000000000010010011000000000100
11111111111101001011010110010010
11111111110001101101011101100001
11111111111001110111101110100111
11111111111011100111101100000110
00000000000101101001111000001111
00000000000100111111100000100110
11111111111111101101000111101101
00000000000101010111100110110001
11111111111110110111000011101000
00000000000010010000011111000000
00000000000010101000110001101101
00000000000000101000100100110111
00000000000100101011011000101001
00000000000001011011100000100111
00000000000001100000000111110000
11111111110110001100111011110010
11111111111011011101101100110110
00000000000010111101011000000101
00000000000000100000010011101100
00000000000010100100111000001111
11111111111110111010011011011011
00000000000001011000001010110011
00000000000000100110100000110000
11111111111010110100111111110100
11111111111001111011111110111011
00000000000101111101010100011001
00000000000010110011010101110110
00000000000011010110010010000000
11111111111011110010101101101101
11111111111111100101111101100001
00000000000001110111011111011011
00000000000110111010001101011001
00000000000101011110001001001011
00000000000110111101100011001111
00000000000011011010101111101010
00000000000000100001010011100111
00000000000101101010011101101010
00000000000000110100001010000101
00000000000100111000011010000110
00000000000010001000111110011110
11111111111110010100101111011000
11111111111101100001000000100000
11111111111001111101101111100100
00000000000100010010001110010011
00000000000010000111011101011111
00000000000001011010111001001100
00000000000100000100100000000110
00000000000001011010000011101001
11111111111100011010101111100101
11111111110110000111011001000110
00000000000100011111001011011100
00000000000001010001101001111110
00000000000100010101110110000110
11111111111011111101001011010001
00000000000001011111001000010110
11111111111111010110001100111000
11111111111101101110110001000111
00000000000001110000111011100111
00000000000010010110101000001010
00000000000100100011001010010011
11111111111001100010000111000001
00000000000000011100000111111010
11111111110110101000001010011110
11111111111101110101100011001110
00000000000010000111111011110110
11111111110011001101100001010111
11111111111110010101011111111101
00000000000001001001101000101000
00000000000001110000001110000001
11111111111110111101100101001100
00000000001000011100000101100010
00000000000000010000101110010000
00000000000110100100110001101010
00000000000111010101011101011010
11111111111111011110110010111000
11111111111001010100000100011001
00000000000011010000100111000110
00000000000110100110110011111000
00000000001000110100110110000010
00000000001001111011111110000001
00000000001111111000111001101100
00000000001000010100100011001001
00000000000011110010000111111111
11111111111110101001101100010101
11111111111001000000010100100100
00000000000001100010101111101101
11111111111100110100001111001011
11111111111110001010011001110001
11111111111110110000011011000001
11111111111110011001010100001100
00000000000101110000011000010000
11111111111101011011000110011101
11111111111111100100001111000011
00000000000011011101110111011010
00000000001001011111101001011100
11111111111010111101001001111101
11111111111111011011001100111011
11111111111110010111100010100101
11111111111110100001101111010101
00000000000000100001001011110010
11111111111111011110101101101100
00000000000000010010100010111110
11111111111111001110011000001110
11111111110111111100011100101101
11111111110111011101111001001100
00000000000110111000101000101010
00000000001000110110110001100111
00000000000100101100100001011001
00000000000111111101110100001101
00000000001001010001001100010111
00000000001010010111110010011011
00000000000001001000100111110110
11111111111001011110101100000011
11111111111110111111110100101110
00000000000101100111101110001011
00000000001001101101110100011000
00000000000100111000011100100100
11111111111000101010110100100101
11111111111111111101010110000011
00000000000001011010001001011110
00000000000010000000011101101010
00000000000100110101101000100010
00000000000001010001101101100110
11111111111100001001100000111100
11111111111001000111111110010011
00000000000000010010000001101100
11111111111110011100101011111110
00000000000000101000101111110000
00000000000001011010001101010111
11111111110111111110011000011001
00000000000000011111111100111100
11111111110111000110011100000011
00000000000000001100011000011000
00000000000011000011011010011110
00000000000100000011100110001100
00000000000001111100010000000110
00000000000000001110010000000001
00000000001001001001001010010010
00000000000100001000000101100101
11111111111011111011001010101110
00000000001000110010000100111101
11111111111011101001110000000111
11111111111100100100000100010101
11111111101110010111100011010000
00000000000010010010010110101110
00000000000100011010111010011110
11111111110111111010011101111100
11111111101111011101011011110111
00000000000000111111001111001101
00000000001001101001011111001000
11111111111111100111011110101100
11111111111001000001011110101001
11111111111001100110111101100101
11111111111111100001010110110111
11111111110011011100000000110000
00000000000100101000000001011100
11111111111001010010011000001110
11111111110101001100011011110011
11111111111001111111000101011111
11111111111111110000001001111100
11111111111011001100111100110001
11111111111110100010100010110010
11111111111100010011011001110101
00000000000000011101101000111001
00000000010011001010011100010100
11111111111011111001010011110010
00000000000011011010110100001101
11111111111101110101111101100100
11111111110010100011011011100001
11111111110011010001110100100110
00000000000011101001111111111100
11111111111111110011010110101011
11111111110011000110101000010100
11111111110001001011111011111111
11111111111100011101100001111101
00000000000100100110111110011010
11111111111011101010011100111100
11111111110101111001101111011000
00000000001010110110000010010011
00000000001110001000000010001010
00000000000001101011100101011001
00000000000110000000101011101010
11111111111110011011001111001001
11111111111110100010010001110001
00000000000100010111010000000010
00000000000010110010111100100011
00000000000100010101010010010100
11111111110111011010101011100111
11111111111111101110110001110110
00000000000100001000000010110110
00000000000101111100111100100110
00000000001010000001011001001000
00000000000110100101110110011101
00000000000010011110111101110100
00000000000101101100110101000101
00000000000101011001111101001010
00000000000011100100000100100111
11111111111111101100000111001001
11111111111111001101000111011100
00000000001000000000000100001110
00000000000010111110101010011001
00000000000000010111111111000010
11111111111100010001110100110110
00000000000111001001001101000010
00000000000101000000000101010101
00000000001000110001110101011000
00000000000010111110110001101101
00000000000001010000100011011101
11111111111010101001001110001110
11111111111110111100111011010000
00000000000010000010001100111010
11111111111001001110011101000101
11111111111000111111100000110110
11111111111000001101000110110010
11111111111100101011010110001110
11111111111001110101110000001010
11111111110101010111000011001100
00000000000001001011011110000110
11111111111111101110010011010010
00000000000001110010001010011011
00000000001000010100010001001011
00000000000000110101101011110011
11111111111001100011011110110100
11111111111000011110010000010001
11111111110001110110111000011110
00000000000010000101110100101111
11111111111001011111100111101001
11111111111110101011111010001011
11111111111110010100010000100110
11111111111010101111110000000011
11111111111101011001101001110101
00000000000001101111100011011001
11111111111110010001100101100101
00000000000001010000001001110010
11111111111100000010001011100101
11111111110110000010100011001100
11111111110110010100111101000000
00000000001010000011010011111001
11111111111111011000010010101111
00000000000010110001100111001111
11111111110000010111000111100111
11111111111001101011011110011110
11111111111100101011111010101011
11111111111111011001100010011011
00000000000110010011110100100001
11111111111100001100111100100101
11111111111011110000101101111000
11111111111100111110001000000001
11111111111011001110111001110100
11111111110110000100011110111110
11111111111011000100110110010001
11111111111100110101011111100100
00000000000000101011001111100001
00000000000001111111000001110100
11111111111111011110100010000011
11111111111001010101100110100101
00000000000100111111011101010100
11111111111111101001001011111011
11111111111111101101001101100100
00000000000100000111111010101100
11111111110111010001100100101101
11111111111011010100010000010001
00000000001000010001101011011100
11111111111101010001111111000011
11111111111101100101001101101000
00000000000110000101100111011000
00000000001001010100011101011110
00000000001101101101000010111011
11111111111101111011111111000011
11111111111110011000111011010100
11111111111100111011101100101101
11111111111111000010110100000000
00000000001100001010110101000001
00000000001000010010101011100101
00000000000000000011011001010101
00000000000101110010101101000001
00000000000001010100101111010111
00000000000001010011100100001010
00000000000101001010011001010001
11111111111111101011000001000101
00000000001010000001001110111101
00000000000110011010100111101001
00000000000010100011001000110010
00000000000100011010000101011000
00000000000101110101010010001111
00000000000011111110101101101110
11111111111011101011110111101000
11111111111111100100000101000111
00000000000100011001110001010111
00000000000001100010001001010000
00000000000010100110000000001000
00000000000011111000100010011011
11111111111110010101000001010011
00000000000001100001111101010000
00000000000100010111111101111101
00000000001010001100111101001000
00000000001000101011100100110001
00000000000010101101011111100100
11111111111100010101101111100110
11111111110111010011111010101111
11111111111100110011111101100101
11111111110111100001010000100100
11111111111111001001010100011000
11111111111111110100001000000101
00000000000011001001110100111110
11111111111110110000101111010101
11111111111110111110110100000100
00000000000000101101101111111100
11111111111111110001110101110010
00000000000100100110111111001100
11111111101110100000100000100011
11111111111100000011110100111110
00000000000010111001110001101011
00000000000100011010100101010100
00000000000000110101101111010000
11111111100010111000110011101100
11111111111011010000001000011000
00000000000001010011000100000111
00000000000001010101101011011011
00000000000010111000010100101100
11111111111111011001000000000001
00000000000101000001000100000000
00000000000110111110010100010101
11111111111010101111100001011001
11111111111011110010011100100100
00000000000011010111000000111110
11111111111110110011101100011101
11111111111101110101111000011111
00000000000000011101110000110001
00000000000110000011101010110110
00000000000111011001111010111001
00000000001010001100010000110110
00000000000110001101111101110001
00000000000010110000111011001010
00000000001000011101001010000100
00000000000010011011001011010011
00000000000011000001011000101100
00000000001000001101110111110100
00000000000010011010011100111000
00000000000101101111001011111101
00000000000001110000100001001110
11111111111100011001100111001101
11111111111010100110111000101001
11111111111101001100101100011110
11111111111001001000101110010110
00000000000100011001100100110100
00000000000001110110100010000111
00000000000000001100010111111000
00000000000101000011101000111010
11111111111111011101100010000011
00000000000010000010010000100100
11111111111100000000001010111001
00000000000011111010011011110110
00000000000010011111000000000100
11111111111111111001100111010000
