00000000000010011110101000010100
00000000000010001100000000010111
11111111110111101111000001011100
00000000001000011001010110100110
00000000001101100001010111100011
00000000000101001000010011101000
11111111111111000011001111001000
11111111111101100011011011110000
00000000000011101101001000101100
11111111111010011100001000100010
00000000000010101101110100001111
00000000000001101110001010101000
11111111111100001110101110011011
00000000000000010000001001011010
11111111111111010000011101100110
00000000000000011011000001100000
11111111111101111001001100001011
11111111111110001110010111000110
00000000000000100100110001010010
00000000001000010100011111001010
00000000000000111011010101000010
11111111111000101010001010101001
11111111111010010100100111000110
11111111111100110001000011111011
11111111110100011001101101011001
00000000000101100110101111001001
00000000001110011000001011101101
00000000001101001110101101000010
00000000000110111010100110101101
00000000000101011001100111100000
11111111110111010001101100010110
00000000000100001010110000100000
11111111111110111101111010101100
00000000000011100100111011001100
00000000000010011110010000011010
11111111111000110010011011010011
00000000000111001110011100010011
00000000001100011010101101010110
11111111111011111100011111100001
11111111111111110110011100100011
11111111111010110100111001010010
11111111110110011001000100110101
00000000000100001011101110111001
11111111111101101110011100101111
00000000000111100000100110111000
00000000010001111010100001111010
00000000001011100011001111010000
00000000000101110101100111011100
00000000000011011010110100011100
00000000000100111010100000111011
00000000000000111000010010001001
00000000000001000111111111001000
11111111111111111100010110011100
00000000000111101100111010100101
00000000000101110001001110011001
00000000000001000000110001010100
00000000000001011101111001001111
00000000000000111101011010010011
00000000000101111000011010111000
00000000000001101010101001010000
00000000000100001001111111001001
00000000000001110010001000110010
00000000000100011101010111001110
00000000000111110010001000111010
00000000000110011000110100011001
11111111111000100000111000101111
11111111111001010000110001110011
11111111111100111011100111111101
00000000001000000010111010011001
11111111111101100111010111100001
11111111111010111011000111100101
11111111111111101110000010001101
00000000000100010010111001000110
00000000000000100010011111101101
11111111111111000101011110110100
00000000000101010000001110010110
11111111111101011100000010001000
00000000000010110110001111100011
00000000001001000000111010111011
00000000001010101001111001100101
00000000000100111001001001111110
00000000000100001001000111110010
11111111111010011010000100000101
11111111111100001000000101011111
11111111111101001001000110101110
00000000000001010000001000011000
00000000000010111100000111110111
00000000000010011101000101011010
00000000000000111010111011000011
00000000000101001000010100000100
11111111111111111001101001011011
11111111111001010101110001001000
11111111111001010011010111101000
11111111111111000001010101010010
11111111111100110010001100011111
11111111111010011100011001010001
11111111111001011011101010001011
11111111111000101010100000110111
11111111111010001110000111001001
11111111110111011001011111001100
00000000001000111110110110100000
00000000000000111011011100001010
00000000000001111110000001010000
00000000000010000110101000010110
00000000000100010011011001110001
00000000000100100011000000111000
00000000001000111011111001110010
00000000000001010111100111011001
00000000000011111011001010011110
11111111110111011101111001011100
11111111111011100001110011100001
00000000000011010101110010110100
00000000000110001100001100100011
11111111111010100101101110101000
11111111111111010011010101101100
11111111110110111101011100101100
11111111111110100000001100110001
00000000000000110011010010011111
11111111111011011001101010000101
11111111111111010111100101001110
00000000000001011011010100111000
00000000001010111111000011101000
11111111111000001110111001101110
11111111110001110001111011010000
11111111110011011010011100010001
00000000001101111111111101100011
00000000001011111001101110101010
00000000000111100001000011011100
00000000001011011111010101001010
11111111111000011001011101110100
11111111111101010000100111011101
11111111111100000101000101110010
00000000000010100100101101111001
00000000000001011011011101111110
00000000001001000001110001001010
00000000000000010111100111010001
11111111111010111110011000111010
11111111111010110011011101001111
00000000000100111101001000010100
00000000000100111011101101100110
00000000000010110000010100100111
11111111111100011000101010000010
00000000000010011100011110110111
00000000000011001000000010110011
00000000000011011000011110110101
11111111111100010110100111000000
11111111110010101111011111101011
11111111110011001101111110101010
11111111111010000101110101110110
11111111110111010010110101101001
11111111111101111111001111111100
11111111111100110010110111010001
00000000000010100101010101010111
00000000001101011001000101101101
00000000010000010001011100011101
00000000000010101100000011101001
00000000000000111011100011000100
11111111111010110000101010100111
00000000000010110000100100001110
00000000001010110001101100001011
00000000000010010001110100110100
00000000000100000111001101010010
11111111111101010111100100101000
00000000000011001010111011100101
00000000001001101101101011010111
00000000000001101101100101010110
11111111111011111111000000000000
11111111111111101001101001111111
00000000001000000000000110011100
00000000000011110001000110001111
11111111111110100000010100110110
11111111110000110001011101110010
11111111111010010100111011111100
11111111111000111100100110110011
11111111110100101111100011101001
11111111111110100100001100000101
11111111110111100111100010010111
00000000000001111111101101011010
00000000001110110001001100000001
11111111111011001010100110101010
00000000000001010010001100101111
00000000000010010111111010110010
00000000000001101011111110100111
00000000001011100111110000111100
11111111111000001000101100111100
00000000000110010100101000101011
11111111111001101100001001001100
11111111111100101011011001001010
11111111111011000111110101001011
00000000000111000100100010010100
00000000000001100001010110111111
00000000000000000100100100100011
00000000000001100011101110011001
00000000000110101111010011000100
00000000000110011101101010110000
00000000000001000100010011001011
11111111110101011000011000101101
11111111110111100010110001101001
11111111111111100000001110010011
00000000000100110000001111011101
11111111111111011001101111111001
11111111111001111111000001001011
11111111111100110000101001101010
00000000001010010010111101100011
00000000010011111101011000110011
00000000000100111011111101110000
11111111111111101110111010100101
00000000001010011001000110100000
00000000001010101010111101011011
11111111111001000011000000000000
00000000000001100000110000011001
11111111111101110110010111010001
00000000001000110101110111101000
00000000000010101100100111101110
11111111111011011010011100000011
00000000000001000111111100011111
11111111111100111001100011001001
00000000000111110111111010001111
00000000000000111111001110010101
00000000001010100111111100000100
00000000000101110000010111010000
00000000000100100001111111101001
00000000001011110100101011100000
00000000001001100110101001011000
00000000000100001000110100010011
00000000000101001111100000100101
00000000000000100011000001101111
00000000000000001011110011101011
00000000000000001001100100110111
00000000001100100011101001011010
11111111111100001000010101010001
00000000000010011000101110110000
11111111111111011110110001011111
11111111111100110100010011101000
11111111111100011111001101101111
00000000000000011001100101010011
00000000000001111101100111010001
00000000000100101011111110000001
00000000000001000010010000101101
11111111111101110001101110001100
11111111111101001000110110010001
11111111111101011111110110011000
11111111111000010000011010100011
00000000000000100110011011100111
00000000000100111101011100000010
00000000001000100110000111100001
11111111111111110000100001101111
11111111110101101100101010101110
11111111110000100101101001101011
11111111101001010110000110110111
00000000000001111011000011010111
00000000000000111111101000111010
00000000000010110110111110110000
00000000000011010001100101000011
00000000001011011100111001010111
00000000000000000110011100001110
11111111111111001001101101010011
00000000000101110101000101111011
11111111111100101011110110100001
00000000001001110000010010111000
11111111111100110011100100100000
11111111111000100001011110111110
00000000000110000011001001011010
00000000000110110101110111001011
11111111111101010011110100100000
11111111111011111110111010101110
11111111111100001011010111001001
00000000000001110011111010001001
00000000000110110001010111010001
11111111111110011111001111001101
11111111111010101011110011100010
00000000000101000111000111000011
00000000000000111111110010101011
11111111111011100100111011101110
11111111101101100111001101011010
11111111111011100011000011010011
11111111110010110101100000111110
11111111110111110010101001100000
11111111110100111111011110101011
00000000000101100010101001100011
11111111111001101001001110011111
11111111111001001001010010100000
00000000000010000110110000100111
00000000000001110011101100110001
00000000000010101110111001101111
11111111111111011111011101111010
00000000000001001100100010011111
11111111111011110000100111010010
11111111111001111100001010111110
00000000000010000100101101011101
00000000001101010011111001000111
11111111110101100011110011101110
00000000000000000011010110010100
00000000000101110100001000100110
00000000000110111000010110011001
11111111111100111001101010001100
11111111101001011000011001000100
11111111111001110101000101110000
00000000000001111110100111100110
11111111111011100111100011011010
00000000001010110010001101000101
00000000000101100011011000010010
00000000000010000000100000111010
11111111111001100001110100110111
11111111111010101100100011001011
00000000001101011011100001000000
00000000000100100011000010011111
11111111111101001101000011011010
11111111111011011011100001001000
00000000000011101000100101101000
00000000000110101011001111001101
00000000000100000111100011001010
11111111111110100110101100110010
11111111111111001010111111010111
11111111111001100001101011011000
11111111111110001101001001000101
11111111111110011000110001000101
11111111111000010001100100110111
11111111111010001101100100100001
00000000000100000001000100011101
11111111011110010110011101011000
11111111111110001010101110100000
11111111111000010001001011111100
00000000000100010000000010110010
00000000000001010101001011001000
11111111111110001001111100110111
11111111111111010000101101001110
11111111111100011000101100110100
00000000000010000110110110000001
00000000000010100111101100101011
00000000000000001111000000110110
00000000000011000101011011111110
11111111111101000111111111001010
00000000000010010111000110100010
00000000001100001100011000110001
00000000000001110010000000011001
11111111111110000101111100010000
11111111111001000101110110110010
00000000000011101010101001001111
00000000000010010000100011001111
00000000001101111011001000101101
11111111111101011100000100001011
11111111110100010111111101000011
11111111111010010000100100111010
00000000000000011100011111100010
00000000001000010010101100001101
11111111110110011000000111100010
11111111110010001010001111101100
11111111110000000101100100101111
11111111110100011110011000000001
11111111110101001000111001001101
00000000000010001011001110110110
00000000000010011010001011111111
11111111111101000011000101010101
11111111111111111111011011001110
11111111111000101111000011110011
00000000000011001011001011101011
00000000001000001011110010100110
00000000000011100100000110110110
00000000000111110101001000111011
11111111111100011101101001011100
00000000001100001100100101100010
00000000000111110010000000011010
00000000000110101101101100001110
00000000000001100110000110101110
11111111111101110111010000000100
00000000001101001110001010000000
00000000000110011010011000100000
00000000000000111110001101101000
11111111111101101000100000111000
00000000001010111011001000001011
00000000001000111000001111011011
00000000001001011101101101100001
00000000000001000011011001111010
11111111111100001110011101111100
00000000000100001001111110001110
00000000000001111001000111011111
00000000000010110011101111111101
11111111111101010010100010101011
11111111110100110000100010000011
00000000000110111110010000101110
00000000001001001001110011010011
00000000000111010011110110000011
00000000000100100101101100110000
00000000000110101010011000101000
00000000000001100000000100010011
11111111111101110000010000000011
00000000000101100011010110001011
00000000000001000101000100111001
11111111111111110011100010100100
11111111111001011100110101101010
11111111111101010000010011101111
11111111111110101110001111010011
00000000000000011100000101110000
00000000000001101000000011111100
11111111110000110111101000000111
11111111111110001011000011000110
11111111111101000000011110000101
00000000000010100000011100001111
00000000000000110101010111000100
