11111111111010000111010010011010
00000000001101100010111101100011
00000000010110101110011110010011
00000000000111101010000100110000
11111111111011101011000101111010
11111111110001110011100110011010
00000000000010100111000101010000
00000000000001110010100010011011
00000000000101000000100010011101
11111111111111001110101001100011
11111111111011010010000110010000
00000000000010001110001110000011
00000000000100011000100111100001
00000000000100010100010000010111
11111111111111111111111011011010
00000000001000010110011100000101
00000000000100101111000110000111
00000000000101110001011010111001
00000000000011101111100001001110
11111111110111001010100010101101
00000000000101100000100100001111
00000000000110101011011110010101
00000000000000001011001001111101
11111111111101011010110010110010
11111111110100100011000011000100
11111111110111101110101001100100
11111111110101100001000101100111
11111111110011111011110001011101
11111111111101111101010011100000
00000000000010001111111001001001
11111111111111110101100011000101
00000000000101100010101110110011
11111111110110110100100000000111
11111111111000001011111001010110
00000000000001000001100101011001
00000000000001001011101101011010
11111111111101010010001111100100
11111111111110100010100101000100
11111111111111101001100100111100
00000000000111111100010010011001
11111111111101001111000100010110
00000000000001000100010101111000
00000000000010010100000100100101
11111111111101111111101101111011
00000000000010011000100011110001
11111111111111001101101000011101
00000000000011001001011110101111
00000000000001100011101011011111
00000000000111101100010111101101
00000000000010000100010100110101
00000000000000011000110110001001
11111111111101101110111010110110
00000000000001010001100011001000
11111111111110110101010100100000
00000000000010100100000101110000
11111111111110101011001000000010
00000000000011000110101100110010
00000000000010111010010101010101
00000000000100101110100100011101
00000000000011100100100000101001
11111111110111011110011110111000
00000000000000110101010010010000
11111111111111110011011000110111
11111111111111001110011010100111
11111111111100100001000010101110
11111111110111111110001101100111
11111111111110011001000001011011
00000000000010011111001100110010
00000000000000000011101001100100
11111111111111000010101110011100
11111111111101000100100011001111
11111111111011001011111000000001
11111111111110010011100010100101
11111111111101000011011110111111
11111111111110010100000101100011
11111111111101101011010010100110
00000000000011000101011010111010
00000000000000001001110000000000
00000000000001101000010010101000
11111111111110010111110000000000
00000000000000111001110001000111
11111111111111010000110100111001
00000000000101111000011111001001
00000000000110001111100101101100
11111111111101101100011111001101
11111111110110000110011000001100
11111111111111011011000101100010
00000000000100101110000100001100
00000000000010001100010100100110
11111111110111110001101000011000
11111111111101101001100000110001
00000000000001101011101101010110
00000000000100011001001111111001
11111111111111101001011000000110
11111111111010100111000010001110
11111111111110011101000110101101
00000000000001000000101011110100
11111111111111100100100011100110
11111111111011010011000111111101
11111111111110100010111111000000
11111111111001011101000001001110
11111111111110111110111110010010
11111111111110000011111100001001
11111111111101011100000011001110
11111111111111100110001110101001
11111111111111000101001111110010
11111111111110101101010111100101
11111111111011000101000001000000
11111111111110011001101001010001
00000000000011000111011000010100
11111111111110000011011111100010
11111111111100011110010011010111
00000000000000001100011101110001
11111111111101001100011100011101
11111111111110101111011000001001
00000000000001111000100110001111
00000000000010100110001111001101
00000000000101000100010101011101
00000000000001001101110100111000
00000000000100011010110000111011
00000000000100011100000001100100
00000000000111100101011110101101
00000000000011101000101101000110
00000000000110001000110101011100
00000000000010110100100011001011
00000000001010000011110010101000
00000000000101000001101000001010
00000000000100000011100101101110
11111111111111101111001100010010
11111111111111100000011100010100
00000000000011010111000010011011
11111111111111100111101001000100
11111111111110010101100101001111
11111111111111110001001100111110
00000000000100011111111011000110
11111111111111110100010110001011
00000000000010101010001001111000
00000000001000100001100010111000
00000000000001110111010010010010
00000000001010000101100000111100
00000000000011000001001101100011
00000000000010110010000100101001
00000000000010001111000000010111
11111111111100001110101101011001
11111111110101101110011001010111
00000000000001111001011001011111
00000000001001010000010010011000
11111111111111110011010111101000
11111111111010101000101100001100
11111111111000011111100010100110
00000000000100011010001101011110
00000000000010110100111001111110
00000000000110111001001011111001
00000000000100101011100100101110
00000000000010000011011010011011
11111111111111010000001110000001
00000000000010000011010110111101
00000000000100101111101001010110
00000000000101010100100111011010
11111111111000100111011001111111
11111111111101111100111111111000
00000000000110111000100000111110
00000000000010000010100001010110
00000000000001110101010101111000
11111111110101110111001010001101
11111111111101001001101000111100
00000000000100000001101010010100
00000000000100000100100000010011
11111111111011010100100001110011
11111111110001000000110001011111
00000000000011111000000001000010
00000000000100010100011110001010
11111111111110001011110100000100
11111111110111000011000100010100
11111111101101011010111101010110
00000000000110100111001001010000
00000000000001000001010110000000
11111111111110000000101011101001
11111111111101000101110001101111
00000000000001001011011011010110
00000000000101101000110100001001
11111111110111010100011101101110
00000000000000000000000111001000
11111111111011000111001011101000
00000000000010001111000001111110
11111111111111000101000011101010
11111111111101000111010111110110
00000000000100100011001011110111
11111111111101001010100101111011
00000000001000110101110001001001
00000000000010110111110001001101
00000000000010111110100100100101
00000000000000010100111011010100
11111111111010000010000010111010
11111111111111010111000001000101
00000000000110011010011010001111
00000000000101000100000000000110
11111111111101011001001111100001
11111111111100100100000111000111
11111111111000100001000010001001
00000000000000011100101011011011
11111111111110110111101001001110
11111111111110000100010100010101
11111111111000001011011111010010
11111111110111100011001010110001
11111111111111111010110011111010
00000000000011111101101101001000
11111111111011111000111000100001
11111111110100000001100010101001
11111111110010000110011100011101
11111111111111000100011101111000
00000000000001000010011110101101
11111111111000010110011110000101
11111111110100110011101010011101
11111111110000010010011001010110
11111111111111111010110100011100
11111111111100011011100001001011
11111111111100010011000011000001
11111111111001000001011011011000
00000000000001010100001011010011
11111111111011000110001111010000
11111111111011111100001001010000
11111111111111101010110110111001
11111111111100010100101111000010
00000000001010111011010110010000
11111111111011110010001001100101
00000000000010001010111011010010
11111111111111010111011011111010
11111111111101100110110110000001
00000000000001001000111010101000
11111111111110010100111000011101
00000000000000011011101111001100
11111111111011110100011110101011
00000000000000111010011001000011
00000000000010000001010111001000
00000000000010100100001011011100
00000000000010101000111010001010
00000000000101111101011000001010
11111111111110111111011000000011
00000000001000010100110011010001
00000000000011011111000100100111
00000000000100011111101010001100
00000000000011010111100101111110
00000000000111110001100111011111
11111111111100101010011111011001
00000000000011000010101011010111
00000000000000101101100110000101
00000000000010000000111011100101
00000000000001111110011101111000
11111111111100100000011101111010
11111111111110111111111011101101
00000000000000011111111011001001
11111111111100011001011101111111
11111111111111101100011101011010
11111111111110010011001110101110
11111111111101111001001111010111
00000000000000101011000010011010
11111111111110110111011101000011
00000000000001000011000001010101
11111111111000111000110001100110
11111111111010011010111011111011
11111111111111100001110000000010
00000000000011010110100000100010
11111111111100001000011100110110
11111111111111011000111001110100
11111111111000011001101111001100
11111111111110011111111111010000
00000000000001011010110101011010
00000000000110000111010100001000
11111111111001010010101110010101
11111111111011001000011101101101
11111111111111111011001110110100
00000000000111111001010101110011
00000000000100110111001100001011
00000000000010001100110011110101
00000000000110001011011100110100
00000000000000000000000001100111
11111111111001110010111110100010
00000000000010101101110010111011
00000000000000110101010010110011
00000000000110110011101101010011
00000000000010101101110110011011
00000000000101000111111000110001
00000000000101100110011101001101
00000000000111001011101101011101
00000000000010110100100100001010
00000000000001100110001101011001
00000000000100000111110111010101
00000000001000100111111111101000
00000000000100100000010000011011
11111111110111000101110110100101
00000000000001110001011010110100
11111111111101001111100001010100
11111111111011001000101001001110
11111111111110110110111101010101
00000000000001001111000110111111
00000000000011011010010110000110
11111111111100010011010111110011
11111111111111001011001010101011
11111111111110011011000011100101
11111111110101011100111100100000
11111111111110011110011110110010
11111111111100101101101100111000
00000000000100110001110111101010
00000000000010101000110011001101
11111111101111100011100100101011
11111111110100111110001011101110
11111111111111101001011011111111
11111111111010111110111110101011
11111111111111000101001001111011
00000000000001101110111101011011
11111111111101110000000111101010
00000000000110100111001100011111
11111111111111001110101111110010
00000000000000001011110001100000
00000000000001010000000001001100
00000000000101011011100001011110
00000000000110101000110001110100
00000000000101100101111110010110
00000000000001110011011011001010
00000000000010010000100100011001
11111111110101110001111001100100
11111111111011111111101110001000
00000000000001011001011000100000
11111111111101011100001000010111
00000000000000001000011111100110
00000000000010010111000010001000
00000000000000110100010101111000
00000000000000001000100011000100
00000000000011000001110110011111
00000000000100110110001001111111
00000000000100111001101100001011
00000000000101000100011001100110
00000000000101111111101111011111
00000000000000111001111010111111
11111111111010110010010000100011
11111111111101111000111000011000
00000000000110011110010111110101
00000000000011111111111110001010
11111111111010000111100101010110
11111111111101101100001000100010
00000000000110000100111001001001
00000000000111110111111010111110
00000000000010000101110101110100
11111111110100001011101101111111
11111111111011101010010001101101
11111111111100010101110100011000
00000000000101011000111111100001
11111111111110101001101010111111
11111111111000100101011110010011
11111111111100000010101000000010
11111111110101110100101110110101
11111111110111011110011101100001
00000000000010101010001001110101
11111111111110110001111011010110
11111111110010110111000100101100
11111111111011101001111110100101
00000000000110101010010100100010
00000000000000101100100100000000
00000000000000001110011111010010
11111111110000110011110001001110
11111111111101000011011010111110
00000000000100001111011110101111
11111111111101010111001000001001
11111111111111000100001100010011
11111111100000000011001100110011
11111111110000010011111001010001
11111111111100000010111111011010
00000000000010101000010001110101
00000000000100000010101010001011
11111111101011011011100001011111
11111111110110011000000010111110
00000000000100100001000001101000
00000000000110011010100100110111
00000000000101110110000111011111
11111111111110110110011110000011
00000000000011110000101110000100
00000000000001000101011111000101
00000000000011100011111011101011
00000000000111100111000100101111
11111111111100010010001011101100
11111111110111010010111100110000
11111111111010110110001111100100
00000000000001110011000001110111
11111111111111010001000110111010
11111111111110101001010000110111
11111111111001010010100100010101
11111111111100010010101000110101
00000000000001100010110010100001
11111111111110111101001100101001
00000000000001000010111010111011
00000000000010010000111111100010
00000000000011000101110101001100
00000000000101110001101011111110
11111111111010111000101000111100
00000000000100010101100110011010
00000000000001001011100111111010
11111111111101111010100000010001
11111111111011010110000110100110
11111111111100001001110000000011
