11111111111111101111001100000001
11111111111011100001101001000010
11111111111100110110010101011011
00000000001111010010111010111101
00000000001011010110111111101101
11111111111111110101111101000111
00000000010011101010010001111101
00000000000000011100011001000100
11111111111011101001011011011000
11111111111011010110001111010001
00000000001001001101100001110001
00000000000111011100010010110011
11111111111111011101111000110100
00000000000100111000111010110000
11111111111111110010001100111000
00000000001100001000011011001110
00000000000001000111110000011011
11111111111101010100100111101101
11111111111001110101001100011000
00000000000010100100111011100100
11111111111100010010111100001000
11111111111101100111010000101101
00000000000001101010001010110100
00000000001000101001010110010100
00000000000010010100101101101001
11111111111101111001110001100101
11111111111111011100111011110000
11111111111111011101100100011001
11111111110010101100111001011000
00000000000100111101011000001111
11111111110111110011110110001111
11111111110111111001000101000011
00000000000011101000110101111001
11111111111101001110100010101101
00000000000110101110011000010101
11111111111011101000011111111100
11111111110111101001101111010101
00000000001000011111110100101011
00000000000000111001110110001010
11111111111110101100100011100011
00000000000110100001001111110011
11111111111100000110000001101100
00000000000100111000101011000011
11111111111101001100111101111000
11111111110101110011011111111100
00000000001001010010000111101101
11111111110011000000101101111100
11111111111111111011111100001101
11111111111000011010100100110011
11111111111100000000000011100001
00000000000010110110010010000101
00000000001000011100111101100110
00000000001001000101101010000111
00000000000100000110001110110111
00000000001000000111010011111101
00000000000001100100111100000110
00000000000010000111000100101101
00000000000101000100000110100010
00000000000000011000000011001010
00000000000000000001010001110000
11111111110110110010111011101100
11111111111111101110001111110100
00000000000001011110001100011110
11111111111111110100111001110001
00000000000100111101110000000010
11111111110110111100111010100001
11111111111011110010000000111101
11111111111111010010100101111010
11111111111010100111100000011110
11111111111110101110100001011010
11111111111100000100110010001110
00000000000011001111000000010000
11111111111111011011101101000110
11111111111011000001011101100110
11111111111010000110100110100100
00000000000010100100010001100110
00000000000100000100101100101000
00000000000110000011101010001011
00000000001000000100001110011010
00000000001010011101101010111111
00000000000110000011100001011111
11111111111110101000001111110011
11111111111011101000100101101111
11111111111101110010110010001111
00000000000010111110111110011001
11111111111100101000000111001100
11111111111101000001111000001100
11111111111110011101010000000011
00000000000010111011111111100101
00000000000101010101110110100111
11111111111101111110011100001001
11111111111100010000011011111001
11111111111110011110111100101110
00000000000010011111100110001001
11111111111101111011010101001110
00000000000001100100011110011100
00000000000101111111011110000100
00000000000110100101101001100111
11111111111101101111101001011001
11111111110111111001110111010111
11111111111011110001100001101111
00000000000001101000011101100110
11111111111011010101111001111000
11111111111111100101100100110110
00000000000000111111110000010011
11111111111011111000111011000001
11111111111101100001011011110101
11111111111101101001111111001110
11111111111000010011011111010001
11111111111110011000000111111100
11111111110011010010111001011110
11111111111111110101100100100011
00000000000011101100001011100010
11111111110110110010010010010111
00000000000011100000010110110000
11111111111111101011101110111111
00000000000101110101110110111011
00000000000100100110100110011000
00000000000010101100111001100001
11111111111111001110000001101000
11111111111101001111001001010110
00000000000010110101100011010111
00000000001001111111100000100110
00000000001101000111010000110110
00000000000010110101000100010100
00000000010110011100001111010110
00000000001101000101111100111100
00000000000011110111101100111101
00000000000000010011000001100000
00000000000100110001001001000110
11111111111110111101110100100001
00000000000011001000111010000111
00000000001001011000001000101010
00000000000100001111100110111101
00000000000111101001001101100010
00000000001010101100000000111000
00000000000011011101110011010110
00000000000100001110110101001000
00000000000010000010010000011000
00000000010010000111111011010011
00000000000000110100101101101110
00000000000001110111100010111111
11111111111011001010100011001100
00000000000110100001010010101110
00000000001110110010111111010111
00000000000000001101100000000000
11111111111111000001111000101111
11111111111111010000000101001111
11111111111100000010101010010011
11111111110001111111100000110010
11111111111100001001100110110110
11111111111010010100111011001001
00000000000100100111000000101001
00000000001011100011100010000000
00000000010011001111110010101000
00000000000000110000111111000101
11111111111100101100111110001000
11111111110111001101101001001001
11111111111110011011110011001011
00000000001111101000010111110111
00000000000011010011111101011001
00000000000010101001111110100110
00000000000011100101010010010101
00000000000100101001101101111000
00000000001101111110000011101101
00000000000111111101101110010101
11111111111111101001000001100001
11111111111101011010010111010001
00000000000011100100100111011100
00000000000010100111011000011011
00000000000100001000000101110101
00000000000101101010111110001111
00000000000101101010000000111101
11111111111010001101010000100111
11111111110010100110011111010111
11111111111101010100101110111110
11111111110110001110010111100011
11111111111001100011111110111001
00000000010011100001010110101001
00000000001001011011001000101001
00000000000101111101010100000000
00000000000011010110000100111000
00000000000100011111001011101000
11111111111110111001001111101101
00000000000011000111011100111110
00000000000111111000110101111110
11111111111010111010000011000001
11111111111101000111100111001100
11111111110111010101010110110001
00000000010000011000001110001101
00000000000101011110110110111010
11111111111110000000101111000000
11111111111110001011110010110111
00000000001100000111100110111111
00000000011001100010111110011101
11111111111001010101010101111001
11111111110101111011000100010011
00000000000001111010000111101000
00000000000000001000011110110101
00000000000111001111011110000001
00000000000011000011110001001000
11111111111100001001111011100011
11111111110101111001111010011100
00000000000011010001010110001011
00000000010101001110011000010000
00000000000000110001010011001010
00000000000001111011011100000100
11111111111101010001110011011100
00000000000000000100000000100011
00000000000000101010110001000100
11111111111111011000011001100101
00000000000110011101110001010110
11111111111110001011101010101111
11111111101111110001111100000011
11111111101001001100100101101111
00000000000011111010011010100110
11111111111110010101101001011100
11111111110011111101111000100000
11111111101111101101011000110101
11111111110101001000011010010110
00000000000100001110001001010010
11111111111001110000011111000101
11111111111101011011100100000110
00000000000110010000011101010110
00000000010011100011100011110110
11111111111110110100000110110100
11111111111010001001100111100001
11111111111110110111111011101101
11111111111101110011111111000100
00000000000110010000101111010101
11111111110101001100011011110000
11111111111101101000001001000000
11111111111010010111000110111110
11111111111110100110101110011011
11111111111101100111110110101101
00000000000011010110110000110101
11111111111110010010000110010001
00000000001001010111010010001111
00000000000111111111111001000010
00000000000100111110110001000010
00000000000010000000110101000000
00000000000100000100010111011000
11111111111101111011001101111100
00000000000000101010101010001001
00000000001000111101100101000011
11111111111010011100011111111000
00000000000011010000101010001011
00000000000001101011101100001000
00000000000101101010100110010011
00000000000101010101000011111100
00000000000111100000110000101000
00000000000001001110110000101110
00000000000001010001010101100100
11111111111100011101000010000100
00000000001010100110000011010010
11111111111011011011001011111100
11111111111011010111100101000100
11111111110111001110000110101110
11111111111001011110110000110101
00000000000110010000111111101001
11111111110011000011100111011100
11111111111001011001100010111010
00000000000001010101110110001011
00000000000000101100101001100010
11111111110111001010101010010110
11111111111100011000101001100010
11111111111111111010111101000000
11111111111100010001100101000101
11111111110000101000011000100101
11111111101111110011101100110111
11111111110111101001010110000011
11111111111011000100100111001101
11111111111100101111110011101101
00000000000000011011101111001010
11111111111001000111111000101110
11111111111001000110010100110111
11111111111111011101001110111011
00000000000011101011011000001011
00000000000010001000100100110101
00000000000101011010000101001011
11111111111100011011100001010010
00000000001010010011111000101101
00000000000100101010110101100000
11111111111101001110000110010010
00000000000111111011101001011111
00000000001100100001010101010001
00000000001000010101011110110000
11111111111100100101110010100111
11111111111010001101111000010000
00000000000100101001000010011001
00000000000011000110010110010000
00000000000000000111110000010110
11111111111011101010100000000000
11111111111101100011010001110001
11111111111001100100110010010010
00000000000100111110011111110000
00000000000000110110111001001110
11111111111110010000111101101001
00000000000011111111111010001000
00000000000000010000001111100110
00000000000010110110101110010110
00000000010111111011100111000001
11111111111101110001111101100100
11111111111110111011110111011111
11111111111011010000100111011100
00000000000000010010001111011000
00000000000001110110000000101001
11111111111001110110000111011101
11111111111010011010110111101110
11111111110110101010010010101001
11111111111001000011100100110000
00000000000011111001100111011101
00000000001110001110011000000011
00000000000010101001010001000000
11111111111110010101101000010010
11111111110000110111111110100101
11111111111100000101011110110011
00000000001000000000000101100100
00000000000110101011110000101100
00000000000100011101111111000001
00000000000000001111101010000010
00000000000000101110010110101010
11111111111000010111101100010000
11111111111010111111001100101111
11111111111000100110111111011001
11111111110111000100110010011111
11111111111100100101010000101100
00000000000001011110000000001010
00000000000010010011101110010101
00000000000011111111011111011101
11111111111110111000101101111010
11111111111100011110011101110010
11111111111110010100011011100001
11111111111111100100010111000000
00000000000101111001001110010001
00000000000010101000101010001010
00000000000100001111110011000011
11111111111100100101100101100010
00000000001000110001111101000011
11111111111111001101110110100001
00000000010010100011000110110010
00000000001111111001111011100000
00000000001000010010100001011011
11111111111010010010100010011110
11111111111000100011110000010110
00000000000000110110101000001000
11111111111010000010100100010001
11111111111111111011100100101111
00000000000001101101110011100011
11111111111011100110001011011010
11111111111111010110101000011110
00000000000011110011111101101110
11111111111010111011100010011110
11111111110111111101110110110000
00000000000000111011111001010101
11111111100100011000101111001010
00000000000100011000010110111100
00000000000111010111110011010101
11111111111001110001001111111110
00000000000101100010010000001001
11111111101000111011011110110001
00000000000001011111100110110011
00000000000011111001101001011010
11111111111110011110010010111111
00000000000000010101100110001010
11111111111001000110000111100010
00000000000110000001001000000010
00000000000101100110100001110101
11111111111101000001101001100101
11111111111001010011110110011010
00000000000101110011101011001110
00000000000001001111010000101100
00000000000001011000000101100110
00000000000000011101101001100010
00000000000000001111110010000101
00000000001000110101110100011100
00000000001001010001000010110100
00000000000001110001111000111110
11111111111111110001011010111011
11111111111111110110100001001001
00000000000001100010100010100111
11111111111111101100110100001110
11111111111111100001010100100110
11111111111100011100000101100100
00000000000111010101110011110001
00000000000001010110101011000010
11111111111101101100001011110110
00000000000010111000110000111001
00000000000010100110010000110110
00000000000100001100000101111111
00000000000011110110110110000000
11111111111111100100111101011100
00000000000101101001000100101011
00000000000101110110001101000000
00000000001000110010001101010010
11111111111110000110111011001100
11111111111010111011011011001011
00000000000001010111111110011101
11111111111111110100011111111000
00000000000001010001011000001111
