11111111111000010111111101110001
00000000001100000111100010011011
00000000000011101011011011000010
00000000001000010010111111001001
11111111111001010010101001011001
11111111111101110101001010101110
00000000001011001110011110101111
00000000000000111010101001111111
11111111111001001000000110011100
11111111110001011100000100000111
00000000000100110011101010111001
11111111111100111100011100010111
11111111111100001100100111010100
11111111111111010100001000110111
11111111110111001011111010011010
00000000001011101110010001100011
00000000000111111010000000010101
00000000000010010010111101101011
11111111111011111000001001000101
00000000000101011000011100011001
00000000000010101100101111000000
00000000000000110100101000101100
00000000000011000100001010010000
00000000000011110110110001011100
00000000000111110101001100011101
11111111111101001110000100110101
11111111111110010011110010010011
11111111111010000111000001010001
00000000000110011000010010101011
00000000001011000101110101100110
00000000001001101111100111001011
00000000000000111000010001110100
11111111110011111010011100111101
11111111111100101001111100000011
00000000001100100101110111101000
11111111110110010000010100011111
00000000000110110111000001001000
00000000000000000010101111001000
00000000000100100101110110000110
11111111111110011001111001100111
00000000001101001100101110000000
00000000010001011011110010101011
00000000000011011001110001110100
11111111111110110110101010001100
11111111111110111011000101110001
11111111110100101101010001111011
00000000000100100101111010101001
11111111111010000011010001100111
11111111110110110110110001100101
00000000000011010000000110110100
11111111111011010010100001000001
11111111110110001011010111110111
11111111111110100101110011010001
00000000000101100110111101101000
11111111111011100010111010110000
11111111111101000110000001000011
11111111111000101110011111000111
00000000000011001101011000111110
00000000000001101101100110100111
11111111111101101010100111111111
11111111111010111110010100110110
11111111111001111011010111100011
00000000000100010010011111000100
11111111111111111111011100101001
11111111111111111000010111110110
00000000000000000010111011001100
11111111111110111100000101101111
11111111111100101110000000100010
11111111111011111001110001010010
11111111111000110001000101010100
00000000000010010001010111110000
11111111111111101001101101100010
00000000000000011100110100111011
11111111111010000011111001111110
11111111111100001011011101111011
00000000000000101110111110000110
00000000000110011000100010111111
11111111111111010001000001101111
11111111110010101011100011000010
11111111111000001011011100100100
00000000000010010111001100100100
00000000000000100101001001000110
00000000000000001000001111001001
00000000000000101110110111000000
00000000000011101001001011001100
00000000000010100100100111100001
11111111111110010111111000001001
00000000000000010011010000000100
00000000000110111111010000110010
11111111111111111100010000001111
11111111111100011101010111011011
00000000000100111110111111010110
11111111111110100110111000110011
11111111111110010010001110110000
11111111111010101010100101101101
11111111111110011111100011000101
00000000000001000111111011010010
00000000000000000111111010010001
11111111111111101100000110011111
11111111111110000111111011111100
00000000000000110011111110101010
00000000000001001000101010000010
00000000001011000011111000001111
00000000000010100101000010001000
00000000000011110100001011011001
11111111111011100000001001100001
11111111111111100100000110100111
00000000001000111001100101110001
11111111111101111010111000010110
00000000000011010101101011000110
11111111110110011000100110111011
11111111111100110100000101101011
11111111111011101110111000100110
00000000000000111001010110011011
00000000000001101000000110000100
11111111111111111101110111100011
11111111111011000000111001100001
00000000000010011101000110000001
00000000000011101010100011100000
00000000000101001010001101001101
11111111111001101000011111010110
11111111111001111001100101000101
11111111111100011000010010001000
00000000001010011110000011100101
00000000000001000111110011011000
00000000000111011001100101111100
00000000000010010011100011001001
11111111101111101001110101011111
11111111101011111001101111000001
11111111100101100011000011101001
00000000000111100101101011101101
00000000000000001110000110011000
11111111111010010100000110000011
11111111110011111010000000001101
11111111110111010110100000011000
11111111111110111001010100010110
11111111111011011110100100000100
11111111111000111001000010011101
11111111111011010001010010011110
00000000000000010100011101100111
00000000000110100111101010111010
00000000001011000010100010100010
00000000000110010011110001100110
00000000000100011000000001001000
11111111111100001010000110101101
11111111111000100100000100001100
00000000000100010000010110000010
11111111110111110011101100110100
11111111111100010100000011111110
00000000000011100010001011000011
00000000000011111101000001000100
11111111111101101111000101001101
11111111110110101010101111001011
11111111110101110010100011001001
11111111111011111110101011101011
00000000001000100101011000001100
00000000000010010000010000000000
11111111110101001111100001110000
11111111111100110001111011011110
00000000000001001001011011011010
00000000000010111111010100010100
00000000000001011001000000000100
11111111111000011111110100000110
00000000000010111000110111000010
00000000001011110111000000111110
11111111111011001101110001111100
00000000000100010100010000000110
00000000000011010110010100100011
00000000000100110100001100000010
00000000000110100101010010000001
00000000001000101100110101001010
00000000000111001000001000001000
00000000001000100001011000011011
11111111111111100111111010001100
11111111111110111010001101101100
00000000000011111101000010001000
00000000000010100001010001101101
00000000000101011100100101000001
00000000001010101110001000010101
11111111110100110000011111111010
00000000000100101011001101101000
00000000000000101110111010111000
00000000000011111111111010000001
11111111101110000011001100111110
11111111101101101010001111111101
00000000000100011110001010110101
11111111111100010111011100010100
11111111111000010100111111001001
11111111101101011011111110011111
11111111111100010010000010001100
00000000000011110111010000110000
00000000000010111001101000111110
00000000000010010111111101000111
00000000001000111100110010001101
00000000000101111000100100111111
11111111111001100101000000001001
11111111111111100010001000111100
00000000000101100101000101110101
11111111111101101000100000000100
11111111110000010001000011010100
11111111110111111000000101001111
00000000000000111010011100101100
00000000000010011011111110000110
00000000010010011010101111100101
00000000011000111100000011111110
11111111111000011000110111010111
11111111111111110110100011010001
00000000000010000001101000000010
00000000010010100101101101001001
00000000011000111010110001100110
11111111111010110100100011001011
00000000000100010001010011111001
00000000000001011110000101011000
11111111111010000101101110011101
11111111110111001111111101011100
11111111111011110000101001001011
00000000001101101001010101000111
11111111110101010111000001000101
11111111111110100001111110111001
00000000000011110111010001111001
11111111111000010000100101110111
00000000000110011110100000000001
11111111111101010101000101011100
00000000000110000101111010010000
00000000001010000000010111010001
00000000000100000111001000110101
00000000000011011110110100110000
11111111111001010010101110000001
11111111110101011010001100010001
00000000000001000000001111000011
00000000000100111000000100011010
00000000000111101100010000000001
00000000000000011110100010110101
11111111111100101001111000000110
00000000000111011110111110101001
00000000000001010100001001001110
00000000000011011111010110101011
00000000000001000100101110111010
11111111111111011110000110110111
00000000000011010011110100101010
11111111111110110111001101000000
00000000000010001011111110111001
11111111111100010001001110010111
11111111111110110000110101010000
00000000001000000001111001001001
00000000000011010000101101010101
00000000001000011001100111011110
00000000000101111001100010000000
00000000000101001010110100101001
00000000000101100100011000001011
11111111111001001101110000110010
11111111111001010011100011010100
11111111111000010011000100110000
11111111110111111110101001000111
00000000000110001000100011000011
11111111111011001001100001110110
11111111111011111110110011101001
11111111110110111111111001100000
11111111111010101000011001100001
00000000000101100000100010101101
11111111111100000011010001010100
11111111111010011001101100111001
11111111111111000111101110010110
11111111111101011010011001101100
00000000000100111000011000011111
11111111111110101000010000000101
00000000000010001011100111100100
11111111111110110110100000011100
00000000000000010010111111001100
11111111101111010110110100010101
11111111111001010010100000111110
00000000000001100100001100100110
00000000000000111001110001011010
11111111111111110110011110011100
00000000000010011111100011100100
11111111110001111001011000001100
11111111110010110010011110100000
11111111111010001100011101100101
11111111110100010001011001001011
11111111110101011111011011010100
11111111111110111111001011011100
11111111110010010111101110100001
00000000000000000101010010010101
11111111111101101100101100001101
11111111111011111110111101011100
11111111110110000110010011011110
11111111111101001010000111001111
00000000000011001000000101001110
00000000000100001101000100110111
00000000000110000000100100101011
00000000000111000010100110101100
00000000000011100011010111101100
11111111111101011011110110010010
11111111111010001101110111100001
11111111101011110110000010011000
11111111111000111111101001010001
11111111111001011000011100110100
00000000000011001000100011010011
00000000000110001100010110011100
00000000000101100001010111011011
00000000000010010000110001111001
00000000000011110111000000010001
00000000000100110111011110100111
11111111111111011110110111100100
11111111111101011100111011000010
11111111111011010110010000111110
11111111111101000110001110000010
00000000000100000110001101011100
11111111111100000011101110111001
11111111111011001000110110000010
11111111111101101101100101101000
00000000000110001001101000110110
00000000000111111000010110110110
00000000000001100100000000110111
00000000000010000000100010001111
00000000000000100101110100000010
00000000000010101000100111100100
00000000001010100110001110000001
00000000000111010010001111000110
00000000000010111110001110011011
00000000000100010101101111011010
11111111111101100110010111001001
00000000000001110110000010011011
11111111111100111110000001111000
00000000000001011101001100100010
00000000000111000110110110100101
00000000000010010111010010011100
11111111111001101111010000100100
11111111111001101010110011111101
00000000000010001001110110000011
11111111111100011000101010010000
11111111111010101010101010001000
00000000000010100100011100110110
00000000000000101000010100000011
00000000000010100010101111111101
00000000010001101100101110101110
00000000001011000111110100110110
00000000000010001010101000010101
00000000001010000001010001010011
00000000000010001011000000101011
00000000001111001111100011000010
11111111111111010001011010001010
11111111111100111001110111111101
11111111111000001010110101111111
00000000000011101111101010100101
00000000000001000110000100110110
11111111111110001001101010101100
00000000000011010111110000101100
00000000000001100000010000011011
00000000001000100100010111011000
00000000000001100111110010010000
11111111111100001001110011011111
00000000000110100010000001101101
00000000001001011001011001101101
00000000001000101110011000011001
11111111111011000001010011101001
11111111111010000010110001010001
11111111111101010001110111110110
00000000001010100010000101110010
00000000000110101011111110100110
11111111110100000000110001010100
11111111111111010100100000010010
11111111111110001001100010010111
00000000000110101000011101011010
00000000000011101011001001100000
00000000000010001011101101110010
00000000000100010111111101000111
00000000000000100000010110001000
11111111111110111011100001010100
11111111111000011011111000100100
00000000000001011100111001000100
11111111111111000110000101110011
11111111111110000101000101100010
11111111110111111101000101011101
00000000000111000011010010001101
00000000000111100000010001000011
00000000000100011111100110001001
11111111111111010011011011001011
11111111111111111001101110010101
11111111111110100100010011010110
00000000000000111110100011001001
11111111111000010100101011110111
11111111110101010110101111010111
11111111111100000111001101111000
11111111111101101010111100101001
11111111111101101101010000011000
00000000001001010100110010011111
11111111111011110001111111001011
11111111111011011011111010100101
00000000000010010110100011011111
11111111111110111010100100010000
11111111111110001100001111000110
00000000000010011001100011111010
00000000000100011010111011000111
00000000001001000101010101110101
00000000000000100101101011110110
11111111110110001111001010001110
11111111111010100001010000110010
11111111111011001110110101010111
11111111111111000000001001110111
