11111111111111101011111000000100
11111111111111101110101010000001
00000000000100101000101100110111
11111111111100010101110110100110
11111111111101111110110011010001
00000000000000111110111110100101
00000000000100001010010001111101
11111111111111111000010101011011
00000000000010010110001000011100
00000000000011001001110011010011
00000000000011000011011101100110
11111111111010001010111010000101
11111111111100001011010110111001
00000000000010010111011010111001
11111111111111001011001010001001
00000000000100011000111011101100
11111111111110101101001010010001
11111111111100111101100101011111
11111111111011110110010101111011
11111111111101011010111110111101
00000000000001110010010011100101
11111111111111010011001001101111
00000000000001110101111010111000
00000000000001101001000000110100
11111111111100000100000110000011
11111111111010011110010100100000
00000000000101001111110101100011
00000000000101110011011010001111
11111111111011110110100111001110
11111111111100110011010011011001
11111111111010011011101011111101
11111111111000111111100000100000
00000000000011001000011100010001
11111111111100011101001010111110
11111111111110011011000001100100
11111111111111101001101110001110
11111111111111010011000101111110
11111111111100100001000011000100
11111111111010111001010001100101
00000000000001001011001001001110
11111111111101000011001111111011
11111111111001001110101111100101
11111111111101110011110001001100
11111111111110001101011000100110
11111111111000100100110010100011
00000000000000101001101111010101
11111111111100011000100011001110
00000000000011010110001000100000
00000000000001100000101101111110
11111111111110011001000100100111
11111111111100011010011100111110
11111111111101010111010000001010
11111111111011011011001100001100
00000000000011001010110001000000
11111111111011001100010100000100
00000000000001001110100000100110
00000000000011110110101011011011
11111111111111110011110000101000
00000000000100100111111001110101
00000000000010001001000000011010
00000000000011010000100111011110
11111111111100011001000000011010
11111111111000010111001111111100
00000000000000110010000001101011
00000000000010000110000010101111
11111111111100000100110111000010
11111111111110100000010100011110
00000000000000101111110100110010
11111111111010010110011011010101
11111111111110001100100011110110
11111111111000001101111010011011
11111111111110110110111111100010
11111111111101101011110101111111
11111111111000011011011100101000
11111111111010100101010001000000
11111111111101001010000000110101
00000000000011001011001011011111
11111111111010000001000000101110
11111111111001001111001100101111
11111111111101010001001100111100
11111111111110100110111101011111
00000000000010110000011000110000
11111111111100001101110011101100
11111111111111111011011011101111
00000000000000101001110101010000
11111111111001110011101110001110
11111111111100100110001101100000
00000000000001001101100101011011
11111111111010110001110011000110
00000000000011100010010101000001
00000000000000011111001100100010
00000000000101100101010100010110
11111111111101111010101010110100
11111111111011110010010011110110
11111111111010110011000111100001
00000000000010000100010001111001
11111111111000001110100100001100
11111111111110011101110001011001
11111111111111110100101110101111
11111111111011001011111000000100
11111111111100111111010001100010
11111111111011101000111010000011
11111111111010011001101001101100
11111111111110001010011100011001
11111111111110010010000110100011
00000000000011100101111000101110
00000000000010000100010010111000
00000000000101100110100010010111
11111111111101001110011110010110
11111111111101000010011000111010
11111111111011010000000001110011
11111111111111100110001001111101
00000000000100110011011010101001
00000000000000100010011010010100
11111111111001101100100100100001
00000000000010101011000010111001
11111111111010011001001010010110
11111111111011000101010011010100
11111111111010000010011110100100
00000000000010110011011101101111
