11111111111010110101111111000000
00000000000000011000011100110011
11111111111111111011110101000010
11111111111001000010110011000110
11111111111011101011010001000010
11111111111110001000110011010010
11111111111011000111110111001010
11111111111011001111001110010001
00000000000011010011010010110010
11111111111110011011000111101011
00000000000011010000101010111000
11111111111010111101011010001111
11111111111011110111110011101110
00000000000011011000101000101110
00000000000010101000010001001111
00000000000011000111101110010111
11111111111100000010001100111111
11111111111111110001101100011010
00000000000001010100110011001100
11111111111010001110010000111011
11111111111101000101101011001100
00000000000100110101001011011111
11111111111011010100000111011001
00000000000001000100101010011010
11111111111011110110110111111111
00000000000010101000001100111001
11111111111101110001010000010111
11111111111111011000111001111110
11111111111111001100011010101011
11111111111100110000001111001100
11111111111100000111010100110110
11111111111111001011110010011000
11111111111100011000010100100100
11111111111101001011000011101100
00000000000000001000100101110010
00000000000011100001110000111100
00000000000000111000000111110001
11111111111011001001111010100010
00000000000010110001111111011000
11111111111111100011101101001101
11111111111011001000111100010111
11111111111101001101111010001111
00000000000001001000011111011110
11111111111000000001000010101110
11111111111010111100110100101110
11111111111011100110011011111010
00000000000011010010000011010000
11111111111010001101010010010010
11111111111011111011110000110101
00000000000001101110000111001000
11111111111111101101100001011001
00000000000001001101000110000101
00000000000001101101100110111000
00000000000010000111100010100001
00000000000100001000111100010010
00000000000010001001001001101000
11111111111011100100110000011001
00000000000011010001101010101101
00000000000001101000011000111010
11111111111010110110110100100100
00000000000011010100100101110101
11111111111001000101001000111001
00000000000100011110011001111110
00000000000010111100001110100010
11111111111111000100001101001100
11111111111010011101001011010011
00000000000001010000000010101101
11111111111001010100100000100101
11111111111001001011111101100110
00000000000001001010011011000000
00000000000010101011000011000111
11111111111000100101000010011001
11111111111010100101001000001011
00000000000001100010000000011000
00000000000001111010111110110111
11111111111111010101001110000001
00000000000000110000110001011111
00000000000000010000110110110110
00000000000000110111101100110010
11111111111001100011110110100011
11111111111110011011000011010000
11111111111101011010010001000100
11111111111001000011111001101011
11111111111110111001110100100110
00000000000001011011001111100100
11111111111100001010010001011100
00000000000010010100000000100100
11111111111011010000001100101011
00000000000010101101111101011001
11111111111011101001000011110111
11111111111011101111101101001100
00000000000100110000101010110001
11111111111011001100001110001000
11111111111010110001000101010010
11111111111001011111110100111001
00000000000001000101101111011000
00000000000000100000111010001000
11111111111000111010101000001001
11111111111010100101010111000011
00000000000010011000010011111010
11111111111101000000100100001011
00000000000001101111100011110000
00000000000100000111011001001011
11111111111011101111011011110111
00000000000011000110111110100100
00000000000011101010000010010110
11111111111010110101110111101101
11111111111101011101001110100110
00000000000101000110001101100010
00000000000010100011101110010011
11111111111100010001011110000001
00000000000011100100101001111001
00000000000011010011011001111011
11111111111100001111100101011011
11111111111001001100100000011001
11111111111101110010001011000001
11111111111011000001000000010111
11111111111111011000010010110100
00000000000000001101100100011110
11111111111001000000101111000011
