00000000000010100010111110111001
11111111111100010001100000110011
00000000001011100011111101101011
11111111111110001000000010101010
00000000000000100100111001111010
11111111110001010001001001111000
00000000000111101011001111010000
00000000000100101100100010000100
00000000000101100001011111100001
11111111111110010011100100001101
00000000000100010011011011110000
00000000000101011011011010110010
00000000000001110010010110001111
00000000000110100101011101010001
11111111110110110100010001110101
11111111111011000111110100000010
00000000000011101111111000011010
00000000000010100101010111000010
11111111111111100010010100011110
11111111111100100001110110110011
11111111111100101110000000001100
11111111111000100000110101111001
11111111111011111100010111011000
11111111111001100010010111101100
11111111111000100000101111001101
00000000000000010110011101111001
00000000001000001111100001010010
11111111111110001000000011101001
00000000000100001011010000100000
00000000001000101101011101100010
00000000001010111010010100001111
11111111111111110111101110010101
00000000010101000000001100001101
11111111111100000000010111101100
00000000000100011101001101110100
11111111111100101000010100010110
00000000000101000001100100100101
11111111110111000110110010110000
00000000010001000100101100000111
11111111111110100100001100011100
00000000000010011011001100000110
11111111111011011001110010110100
00000000001000010101100010000011
00000000000101010011101000110001
00000000000000011010100000000010
00000000000010110010000010000011
00000000000000010000111101001111
11111111111011000100100000100101
00000000000101011101100111001010
11111111111001011000010110010001
00000000000001010101011111101011
00000000000010111000001001011111
00000000000010010001000000000000
11111111110100010111000011001100
11111111111111100100010011100010
00000000001001011000100001110001
00000000010111010110101010000011
11111111111000011001010001001110
00000000000011101011010010010101
00000000000001100110000000011001
00000000000100000001110000001000
11111111111011111111010110100010
11111111110111111010100100011010
00000000000000101101101011011100
00000000000101010011100111110101
11111111110110001101011110110010
00000000000001000101101111001100
00000000001100010110101110001010
00000000001001011100001111110001
11111111111011111111110101010011
00000000001001101111010101000010
00000000000111010000011111111100
11111111111011001111110110001110
00000000001000011100001101111010
00000000000011111100000011000000
11111111111111001011010110000110
00000000000101010011110010001011
00000000000010100000101101001110
11111111111100010010111011010001
11111111111101000011101111100001
00000000000100000000111110010111
00000000000011110010000000111101
00000000000001011000111111011011
00000000001100010110001010001101
11111111110010111011100111000010
11111111111100111010101001011111
00000000000100000001101000111001
11111111111010001010100000100011
00000000000000111000100011100000
00000000000100001101101111111101
11111111111000110111000000110110
11111111111101100011100110111000
00000000000101101011010101101001
00000000001000110001010110100011
00000000000000100100100110100100
11111111110010010111010100101111
11111111111101001110010101110001
11111111111110001010110111001100
11111111110010110100100110011010
11111111110111100101101001100001
11111111111110111110110011001111
00000000000000011100110000011100
00000000001000111110110110100001
11111111111011110010011001000100
11111111111001110101111001010000
00000000000000010101011111010111
11111111111011110010110011010101
11111111110101110101000001100110
11111111111101010100111101111100
11111111110100000110011001101110
11111111111101001000100110000110
00000000000011110000101010011011
00000000000110111100010010100100
11111111111111111111110110010110
11111111111010110010010001110011
11111111111110110110101101011010
11111111111010011000110100101011
11111111111110101011110010100100
00000000001110001111000011110110
00000000000101110010001001111101
