11111111111010001010100000001011
00000000000111110100001101010101
00000000001111001000001110000100
11111111111111100100101010010101
11111111111110010101011000100011
11111111110100000111000000111010
00000000000100100010001100101100
11111111111110101100110001101011
11111111111111010001100100100111
00000000000100110100100010101100
11111111111100110001000010010001
11111111111000010000100111111101
11111111111101011111101111111010
00000000000011100001110111010000
11111111110101001111110100110110
00000000000000001001101111011010
00000000000100001001010000011011
11111111110101111011001101101100
11111111111111100111001110010100
11111111110111110011000111000010
00000000000011010111001000001101
11111111111100110110010010011000
00000000000110001111000010111010
11111111110100001111110000011001
11111111111101101001110001101100
11111111111110001000101001110110
00000000001100010000011111001100
11111111111100010110101110011001
00000000000111001010110101001100
00000000000110010111010110110010
00000000001000101100011101011110
00000000000111001011011000010001
00000000010101010100111011011010
11111111111010110011010101001100
11111111111110001100101100001111
11111111110011111010001101000110
00000000000100000100101001011110
11111111111101001110010111100001
00000000000100001110001011111001
11111111111100100101010010111000
00000000000001000110110010110000
00000000000101010100111101010111
00000000000011110101010100101111
11111111111000001010000100001111
11111111110011000010011010011101
11111111111101110110100001010100
00000000000101011110001010111110
11111111111101010001001011001010
00000000000011110001110001100000
11111111110001111110100001100011
11111111111110010100011111010111
00000000001000000111010000010110
00000000000000001100101000100100
11111111111001011001000111010000
11111111111100100010011101000111
00000000000001010111001110000110
11111111111100100100101010101101
11111111111110011001111000001100
11111111111100101100001101100101
11111111111111000101001000101111
11111111111101101111000000000100
11111111111010011011001110110001
00000000000011000011000001111100
00000000001011010110111000101110
00000000000010101100101110001011
11111111111111011111101000110001
00000000000111110001000101110111
00000000000100000001110011111001
11111111111100000111101001001111
00000000000100010101001011001100
00000000000001011001101010010101
00000000000011100100010110111011
11111111111101110011011010001110
00000000000101110111010011011001
00000000000110111110000010101010
00000000000100110110100110000100
11111111111100001011101000010011
00000000000011111010110101001110
11111111111000001001011101011001
11111111111010110000101010000011
00000000000101010100101110000010
11111111111010010110110011001111
11111111111101110110101010000000
00000000001011001111111111101000
00000000000010101000100110010111
00000000000100001111100001100110
11111111111011111100101110010101
00000000000011010000111000100011
00000000000011011011110010100000
00000000000010101100000111000110
00000000000100001100011000001100
11111111111011111000001010010011
00000000000111011111100000010001
00000000010011000100100001100111
00000000001110001010111011000110
11111111111010100000100110001010
00000000001010001010101100000011
11111111111001010010100110001100
11111111111101001111011110100010
11111111111011010101110001101100
11111111111001111100000000011001
00000000000001001111111110111101
11111111101101111001101111100010
11111111111101100000000000010101
00000000000010111111001100001100
00000000000100101001101100010110
11111111111011110101000100010000
11111111111011110011101010110110
00000000000010001010101110001100
11111111111011011100001010110000
11111111111001001101011011000101
11111111110110011011001101110000
00000000000100011100110100001010
11111111111101011000011010101101
00000000000001001110110001111001
00000000000111010001011110010011
00000000000001111111010011110101
00000000000011100101100101000010
11111111111100000001000001110110
00000000000100111100001001000100
