00000000000100111010010010110100
11111111101100110011100011111011
00000000000110000111110000000111
11111111111111011001101101111101
00000000000010010111110111110101
00000000000000110100001110011001
00000000000010110111101010001111
00000000000110101110100111011011
00000000000011011110010011001011
11111111111111111101011010100010
00000000000010001011000000111010
00000000000001000000111001001011
00000000001000010100011011101101
11111111101111010110010010100011
00000000000001001011001010100010
00000000000100010011011110010110
00000000000000000011000110100111
00000000011000000001001110101011
00000000000011101011100011010111
11111111111010011010111110100010
11111111111101000000001011001000
00000000001000001011110000100100
00000000000011000110101111011100
11111111111010111110110011001001
00000000000100110101011111000000
11111111110111110101001000000100
11111111111011001011001010100100
00000000000000111001111001110000
00000000000000101110100000100110
00000000001010100001111011000011
00000000000001000001010001100000
11111111110111101010111011101001
00000000001000110100000011110101
00000000000100000110111100101000
00000000010011010001000010010111
00000000000001111001000100000011
00000000000011100000111010110100
11111111111010100111001110010100
00000000001101010011001011110001
00000000001010100011111101110000
00000000001010011111101110000001
11111111111100001001101111011100
00000000000010000110001110000001
00000000001101110011100111101010
00000000001000110010101011010000
00000000000011100011000001001001
00000000000101001110101100111100
11111111111100000100010001110001
11111111110111111110000000111000
00000000001101100110000000110110
00000000000000001011101000011010
11111111111111001101110110010110
11111111110101010100110011110100
00000000001000101111101101111101
00000000000000001010111010111001
00000000000001111011111101011001
00000000011100111111110101001101
00000000000000001101110011011111
00000000000000010010010010001111
00000000000011110100110011000110
11111111111101000011111110111110
00000000000110111001011100001100
11111111111000000001011001101110
00000000000101110001111001000011
11111111111101001000111010100011
11111111111101101111111001101110
11111111111100011110001001000001
11111111111111111001000101001101
00000000000110101000001000011110
11111111111100011101011011100011
11111111111010010111010011001010
00000000000000111010011100001100
00000000000110110100100010111101
00000000000100100101110010000000
00000000000000110100101101001011
11111111101100011101111011101011
11111111111101100001001011000001
11111111111011110111110101110010
00000000000001100011111101011011
00000000000000001101111000001001
00000000000110011100110100110111
00000000001000001011000111111110
11111111111010100000101111000100
00000000000010001100101101101111
11111111111001110100100111111100
11111111111011110001011100010010
11111111111111101010100011011110
00000000000010000001101100111011
00000000000100010001001110110101
00000000000011111101010100001100
11111111110111001100101101000011
00000000000011001110010100100110
00000000001011000000010100100011
11111111111001110100001011101100
11111111111001001111100000111011
11111111110110101010101101111001
11111111111010101000011101011000
00000000000010110000000010011100
11111111110110010000000001100010
00000000000100000110000101110010
00000000000011110100110000010111
00000000001001110110101111010010
00000000001000111101010010101100
11111111111001000100010101111101
11111111111100010111000111110111
00000000000011100011000111110101
11111111111001100010010111111010
00000000000100000100100111010110
11111111111101011000110110010100
11111111110110001011010111101100
11111111111101011101101110111011
00000000001001010100100010010110
11111111111110111101111100011011
00000000000101110001100000110110
11111111111101001010001010011101
11111111101001010111011111001010
11111111110100001100111001010011
11111111111110010010001010010011
00000000000010000010100000010110
00000000000001100011000011000011
