11111111110101101110011010111011
11111111111110110111001000001000
11111111111011101100001010011010
00000000000010000011011110110000
00000000000001101011110101001101
00000000000101101111000001011000
11111111101100111110000000110101
11111111111111100111000001010110
11111111111111100011100010100010
11111111111100001001001011111000
00000000001100000101011000101010
11111111111011101111010001100110
00000000000100110110111010111110
00000000001000011100000011010010
00000000001000001010000011111000
00000000000001110110110101111011
11111111111011100110011001011000
11111111110101100100111000111110
00000000000000110011100011110001
00000000000010111010011011001100
11111111111001001000000111110010
00000000001101000100111101011111
00000000000000101011011010001101
11111111111111110010101011000010
11111111111100011111101100001100
00000000000100000100001110010000
11111111111110101011001111001000
11111111111110011101101100011100
00000000000101100011100100000011
11111111111010011001110100000011
00000000001011010010100110000100
00000000000010111010111100000001
11111111110001000100000110001010
00000000000010111010111110011101
11111111110011000101101101101001
11111111110101111110001111110010
00000000000011111011000010111000
00000000000110010100001000010011
11111111110111010011011101010010
00000000000010001101011001001111
11111111110101001000100100111000
11111111111111110000001100110111
11111111110101100110000000100111
11111111101110110000010001110110
00000000000100001000100101100000
11111111111100011011010101100011
00000000000000001111111001011010
00000000000110101111111111010001
00000000001000101101111110010000
11111111111011001111111010101010
00000000000011001100000110000111
00000000000101001001110000000011
00000000001000100101101101100011
00000000000010010000000110111000
00000000000001111010000100010001
00000000000010110101011100000001
11111111111110100111101100111010
00000000000010001001100001100011
00000000000110100011010011110000
00000000001010011111010011000001
00000000000001111100010011000101
11111111111111000010101111011111
00000000000011111101111110101001
11111111111110110010010100101010
11111111111110100001101000110011
00000000001011110100011011100010
00000000001010011000001010011110
00000000000100011110011111001110
00000000000010001100111000111010
00000000000010000111000000010001
11111111111110101010000010100000
00000000000100001100110110001111
11111111111101110000111010001001
11111111111110001101110011000110
00000000000001001111100100011100
11111111110100110001111110100101
11111111110010111110110000001110
00000000001011111110001101000100
11111111110110111111110101000000
00000000000111110111100010100100
00000000000010101000101111110011
00000000000001010110101111100011
00000000000000011111110100011011
11111111110110100010100001110100
00000000000011001000000110100011
11111111111101011011110001000000
00000000000010011011111001100000
00000000001010100100110101001110
11111111111011001001000100011010
11111111111110111111100100101101
00000000000101111100101110011111
11111111111110101010110110110101
11111111111111011100101111111011
11111111111111010110000011000011
00000000000110001101110111001010
00000000001010000101001000110100
00000000000011111110111100100000
11111111110110100000110001111100
00000000000010000010111110110000
00000000000010000100110101000001
11111111111001111011110010100001
11111111111111001010001100100010
00000000000001100100011100011000
00000000000111111011001010111111
00000000000011100100100101000000
00000000000010100110010110111111
00000000000101010001011111010100
00000000000000010011100000101101
00000000000011011101011011110000
00000000001001101001111111110111
11111111110111101000000100010110
00000000000011101101101011101111
00000000000101000001100110111101
11111111111100110100101001011000
00000000000111111100110010011000
00000000001010001111011100111100
00000000000111000111011011001010
11111111111011000010010011011001
11111111110100110111000110111011
11111111111110111101010001000111
