11111111111010110100110000101100
11111111111111101101001111000011
11111111111110110111111110010000
11111111111010001001010111010010
00000000000000100100011101011010
11111111111000110010010100111010
11111111110111000001000101011011
00000000000010000110010100110100
11111111111011010001011011011111
11111111111111101011011111110011
11111111111000000100101100011101
00000000000000110110010111100110
11111111111101010010111001110111
11111111111100010101101100111111
11111111111101011000100100000110
00000000000101101001101000011110
00000000000011011011011101010100
11111111111000100011001100000010
11111111111110011110011010111111
00000000000000011001110001010001
00000000000011101100111011001101
11111111110111001010100011111110
00000000000011001001100011011001
11111111111110100000011100110101
11111111111011100101010110110110
11111111111000111010001100110000
11111111110110100011101011110001
00000000000100001110111111110011
11111111110111001111000101010000
11111111111101001101000010001000
11111111110100110000100111010100
11111111111100110010111101010011
11111111111000011001100011001111
11111111111110110011111101011100
00000000000001001101000011111101
11111111111000010010000111111000
00000000000011101100111101010011
11111111110110110110010110001000
11111111111001110110110110010111
11111111110011110011111111001000
11111111111100000111101011000011
11111111111001001111111110101100
11111111111111011110001101110000
11111111110111111011110010100111
11111111111001010111111001001000
00000000000100101000110110011001
11111111111011010011000010111101
11111111110110101110110100101010
11111111111100101000010111000100
11111111111010010010100001111101
00000000000000011001001010001001
11111111111101111111101111101010
00000000000100001000110100110000
11111111110111111000111001001110
00000000000101010110111111110000
11111111111110000001010111101101
11111111111110101101100001111101
11111111110011001100000100111000
11111111111011001001101101001000
11111111111110001011111100110111
00000000000001011010010010010100
11111111111111100011101111100100
11111111111000101011111111101001
00000000000001100100000000011000
11111111111011001111110000000111
11111111111101000100010111001110
11111111111000010010001110110010
00000000000000100001111101000000
00000000000101011101001000111101
11111111111011011001000000001011
11111111111010100110000101011011
00000000000010001011000101010111
11111111110101101010000100101010
11111111111001111101001100111100
11111111110100100100100100010000
11111111111011101101010000101001
11111111110111111001100110111010
11111111110111100010001100011101
11111111110111110010100111101100
00000000000101110101011101110110
11111111111010111110111001100111
11111111111000110111011111011100
00000000000110110010110011100110
11111111111101110100111101100101
00000000000010010110010000011000
11111111110100001111000001011100
00000000000011001100001011011110
11111111110111000100101100110010
00000000000001111010010110110101
11111111111011111000101100100010
11111111110110111001100001000101
00000000000001001001011111000101
11111111110011010011010110001000
11111111111011001010101010100101
11111111110110011100011111001101
11111111110111010001011011011101
11111111111001001000101001010001
00000000000000001011110111101011
11111111110110000101000100011101
11111111111000101010101001100101
11111111110110101110001111000110
11111111111111101100010011110001
00000000000010000110010100001000
11111111111000111000101001100110
11111111111011100011110111010001
00000000000001111011101111110001
00000000000010010000011111000110
11111111111011011000010011110001
11111111111010111100100110101101
00000000000011101110101001011001
11111111111001111111100101001010
11111111111000001011110001100110
11111111111000111101001011010111
11111111111001111001100011000001
11111111111110010110011001101111
11111111111011011000111001100011
11111111111111000010110001101101
11111111111100110111010111100100
00000000000011010011100011000101
11111111111111011010001011111111
