11111111111111100101001010000101
11111111110011111100011111111101
11111111111100110000011101100110
00000000000101100111111000110100
11111111111000101001101011000111
00000000000100111010101010100101
00000000001011101100111010111100
00000000000100011010110100000011
11111111111111111011011111011100
00000000000110111111000011010111
00000000000100011111111101101001
11111111110110010011110111111001
11111111111111000011001011000111
11111111111110101101111101001000
00000000001000010011100111100001
00000000000000111100101001001101
11111111111111110001111101101000
00000000000010110010010010010000
11111111111101110101111100010001
11111111111101000001001110100110
00000000000110000101010110101011
00000000001001010100100101011000
11111111111110111000000001010000
00000000001001110010011001100011
11111111111111110100101110100111
00000000000110001110000011011001
11111111110010101110001111101110
00000000000011010000000001111001
11111111111110110011011111001101
00000000001110100100101000010100
11111111111110010110110111010011
11111111111001101000101010001100
00000000000001011011111010111010
00000000000010111010101111100110
00000000001011111011101001111100
00000000010000111101110111110000
11111111111101000010000110001100
00000000000111000011000000000100
00000000001001111101110010010111
00000000001010011101101101011000
11111111111111110100010101110100
00000000000110010001100111101110
11111111111111101110010100000010
00000000010110101100111100000000
11111111111011110100001001011011
11111111111100010100011101100101
11111111111110111010011001111000
11111111111101011110010000001100
11111111111011000010100011110011
00000000000111011111101101100001
11111111111011101110010001010001
11111111111110000000110110001111
00000000001011001000111001011001
11111111111111010111110001000010
11111111111111000001100000101101
00000000001001001000101010111000
00000000011000111100011000010100
11111111110001010111100111001010
11111111111101101101000010100011
00000000000111111001110100000010
00000000000101000011101110001000
11111111111101011001000000101110
11111111111100100000110110100101
11111111111110111110100011111000
11111111111101111111101101010100
11111111110110100011100101101011
00000000000000110010101100110100
00000000001001010000011010111010
11111111111111100101001100111101
00000000001000111001100100010001
11111111111011101101100111110000
00000000001001111101000111011011
11111111111110001000100101001011
11111111111110110001000101110010
11111111111001101000101110001111
11111111110111110100100001101011
00000000001111100100010110001001
11111111111111001010100001011101
00000000000111001111101111110000
00000000000111100101100110100100
00000000000010110101100010001011
11111111111011011100001111111010
11111111111010111101101001010111
00000000000000111101000100111001
11111111111111111000110111101000
00000000000101001111111111010001
11111111111111000011010100011011
00000000000100100100100101101011
11111111111101000101100010001000
00000000001010011000011010101110
00000000000010001001001010010101
11111111111100001011100100001011
00000000000000001100011111011111
11111111111100101010100110100000
11111111110110101010010000010001
11111111110110101010011111110000
00000000000111000000101101011111
11111111111010100000001101001111
11111111110110100000110011110011
00000000000000110010101001001000
00000000001001100011001001001111
00000000000001111110000001001010
00000000001101101110111000001010
11111111111100010011010100100100
00000000000101010101100011111001
00000000000011101000100101001010
11111111111110001111101001111111
00000000001011001110110001011001
11111111111101000010001111111100
11111111111111000011100101001011
00000000000111101000100111100101
00000000000011111110110000110100
11111111111110011001110101001100
11111111111001010011000010001100
00000000000100011011001000110100
11111111111101111000100110000110
11111111111111110001101100010100
00000000000101010110110010000101
11111111111101100110011000100000
00000000000101011101111010011100
