00000000000101001001010010001010
11111111111110000000100011101011
11111111111110111010101111001010
11111111111111001001100111000011
11111111111110000110011011111000
00000000000001010111110100011011
11111111101011000000111101111110
00000000000101000101101000000010
11111111111101111001001111011101
00000000000000000111111111110110
00000000000111101111000001111110
00000000000011100111100010010100
00000000000101110011010001100001
00000000000011011100010010111101
00000000000011100000101101010101
11111111111101000111110011000100
00000000000010110000101101001111
11111111111011000111110001000100
11111111111010110010011000010010
11111111111010111100011001111000
00000000000100101101100100000111
00000000000100011010111100010010
11111111111101100011001000001100
11111111111011100001111011110101
11111111111011001010011001111011
00000000000101101010000101101101
11111111111011000101110100010011
00000000000001011100001000110000
11111111111000010001011000011110
11111111111010110101001000100000
00000000000011100111011001111100
00000000000011111000100000101000
11111111110010011101110000110101
00000000000010001110111010001100
11111111110110010100010001100011
11111111101100010000101110000000
11111111111100100000101010110111
11111111110001010000101110100001
11111111111011011001010100101101
00000000001110011001100101110100
11111111111100010011110001011101
00000000000001001101111100011111
11111111111001001011100111011010
11111111111100000010101011000001
00000000001100001011001001010010
00000000000000011011110011110110
11111111111011010111000011110101
11111111111101110001000111000110
11111111111111001011001011010101
11111111111110001010111000101010
11111111111101111101011000111100
00000000000111101010110100101100
00000000000111000100111000100110
00000000000110110110000111100001
11111111111110111000010010011001
00000000000001100100011111000100
00000000001011010011100101110110
00000000001011110001101100110000
00000000000000111000010101010111
00000000000010111011001100000000
00000000000011001000100000010101
11111111111010111010001110101100
00000000001100011000111010010000
11111111111111000100110100101011
00000000000000000001000100000111
00000000001001110111011001001011
00000000000001100011101111110100
00000000000001110000000111001010
11111111111001100101100000010101
11111111110101010101110010101011
11111111110111100111101011010110
00000000000010011111100001011101
11111111111110000001100101001000
00000000000100011010111110101011
11111111111010111100010011101000
00000000000000101001011100100110
11111111111010100100111111110100
11111111111111110110001011100110
00000000000111011101001101000010
00000000000100001101110110101000
11111111111001110100111010110011
00000000000001001101001000010010
11111111111000110000000011111000
00000000000100001110001011010000
11111111111001100110000101100100
11111111111111011100100011100001
00000000000001101100011110011001
11111111111101001000010010011100
00000000000000101101010111011010
11111111111001101101000100110110
11111111111101000110100011100001
00000000000100001011111011110111
00000000000010010100101101100100
11111111111010111110000011010011
00000000000101001000011011001001
00000000000011100101101100011001
00000000000100000011110101010101
00000000001111101100001010010111
11111111111110011101000011111100
11111111111111111000000100110001
11111111111101010000000100011010
11111111111001111110101111001111
00000000001000011010000100110101
11111111111100001010110100010010
00000000000000010000000111111010
11111111111100111010111010000010
00000000001001011001110010110001
11111111111100100011000001111000
11111111111111100011010011010011
00000000000010001101001011101111
11111111111101111011011100110000
00000000000101011000101110101010
00000000000100011010110000101100
00000000000111010110011000001011
00000000000011010110001101000101
11111111111110010101001000111011
00000000000101011000011011100001
11111111111011011111111011110000
00000000001000110001110010000110
00000000000011100100001010000010
