00000000000111001010111101110110
00000000001000101001000100110010
11111111111001100001000101010010
11111111111101111100011010100010
11111111111010110110001101011011
11111111111100110000101110001101
11111111111000011001100000000011
00000000000100010011000001010100
11111111111101011100101010011001
11111111111000110101000010110100
00000000001000011110100010101011
00000000001110010011111010111111
00000000001011000010100110010100
11111111111111110100010000011001
00000000000100011010110011101001
00000000000000100101111101110111
00000000001010001001100111110011
00000000001010001011000110000111
11111111111111101000000000001011
00000000000101101010101101001100
11111111111111000011000000101111
11111111111100011101001010100110
11111111111101111010111110010111
11111111110101011100001000101010
00000000000010000100101010011001
11111111111001111101101101000100
11111111110100111000101100100101
11111111111100000101111110101010
00000000000010000111011110100001
00000000000111000001101101000000
11111111111101100111011000110110
11111111111110101011101101011011
00000000000000001110001001111110
00000000000100011010110101000100
00000000000110100010101101111110
11111111110011111110111001110000
00000000000000110100000001111101
11111111111000001110110100111011
11111111110000011011000000101111
00000000000000100011000011010110
00000000000111001101000111000100
11111111111011010111110110100010
11111111110011110111101111010111
00000000000010101101110011011101
00000000000100001101101000111101
00000000000000110001001111100110
11111111111110000110001100000110
00000000000110001110110011111010
11111111111100101010101110010100
11111111111111011110110101100010
11111111111011001001000111100001
00000000001010001011010010010111
11111111110000010111110001000001
00000000000111101101011100000011
00000000000010100110110111101011
00000000000010001011000101001101
00000000000111000011001111100100
00000000010000100000110100010011
00000000000010010011001000100110
11111111110101101111110100110110
00000000000001000010111000111101
11111111111110110111111110110110
00000000000110111011101111000111
11111111110110001101101110111111
00000000000011001100101011011001
00000000000100111010111101011110
00000000000100000101001001001110
00000000000000010100100110011011
11111111111010110010111011010000
00000000000001000111110111101110
11111111110100100011011011011001
11111111110111101111000000010111
00000000000000011100110010001101
00000000000101001010000101110001
11111111111100010101011100001010
00000000000111101101111100110111
11111111110001111011011100111100
00000000000100100000001001111001
00000000001010110000001101001111
00000000000110111110010000000111
00000000000101001101100111101111
11111111111101111110110001110110
11111111111001101101110111100011
11111111111000010100111111111000
00000000000111010110001111101000
00000000000000001011110000010111
00000000000010110000011100001001
00000000000100110001110100001010
00000000000001011101010100110100
00000000000000000000011011111110
00000000000110011101011111111010
00000000000011010001011000101001
11111111111101001011001100101111
11111111110110111100000000000010
00000000000001010101110100101111
00000000000011000100000110110110
00000000000011110000010100100100
11111111111110000010111000111110
00000000001001111111101100101110
00000000000101000010010010010111
00000000001000101000011000011100
00000000000001101011111110101110
11111111111001111001000101100100
00000000000110110001000110101010
00000000000000111011100010110000
11111111111111010111001001110010
00000000000100000111100111101011
11111111110110111110000000110000
11111111111111110100010101001111
00000000000011000011100111110111
11111111110110011110110010010101
11111111111000110100001100101001
11111111111001101001001111001010
00000000000000110001010101001001
00000000000100111101000111001001
00000000000001001001011100001011
00000000000110111001011111010110
11111111111101011100000110110100
00000000000011101000001110110111
11111111111011001110100010011011
