00000000000110000100001000101101
00000000000000111010110011110001
11111111111001010010000111101110
11111111111100111111110010101110
11111111111101010010100111101100
11111111111101111011001100001111
11111111111100010010000001011001
11111111111010100001011110001101
00000000000000111101101010101111
00000000000000101101010101001000
11111111111110101001010100110111
11111111110111101011001100110010
11111111111110111111100111101000
11111111110111000110000000110111
11111111110100110001101010100001
11111111111110010011001000011010
00000000000100001011100110111010
11111111111010101101010001000011
11111111111010111010010101000111
00000000000011001000000001111000
11111111111111001110001000101100
00000000001010011100001111100010
00000000000001011000011110101011
11111111110011100000011110011100
11111111111111001100000110000010
11111111110101000101111111010001
11111111111100000011000101101110
00000000000100101010001100111110
11111111101111000101011100110000
11111111110011001010000111010000
11111111111100010010100101100111
11111111111100110011010110111000
00000000000011010011011001101110
00000000000100110100100010111101
11111111111100101010011011101000
11111111110011000011111011111101
11111111111101010101100110011001
00000000000010011001011110110110
11111111111110000010000110101101
00000000000101101001001110010101
11111111111010001001101000100110
00000000000001000010010010110101
11111111111001101010010100100100
00000000000111100111000011011100
11111111111100011000000010111010
00000000000001110011000111010011
11111111110010001010011100111010
11111111111110011011011101111001
11111111111010001110001100010101
11111111110010000011001011011010
00000000000100010110101110010011
11111111111010000100101110010001
11111111111101101100101101111110
11111111110001000001100011101001
00000000000010110011011010101110
11111111111011010111001110000110
11111111111001100001111010010000
11111111111001011101001111111101
11111111111100010000100111010010
00000000000110000010010010100110
00000000000101100100100010001100
11111111111111111100101010111000
11111111111101001101001001111011
11111111110110100000010000101010
00000000000000000101000010100010
00000000000010000001010101111001
11111111111111111101110101001111
11111111111111110000010110111101
11111111111011010110111101010100
11111111111000011100000110001011
11111111110111000111001010111010
11111111111010001111011000101001
00000000000000000000011000101100
11111111110101010001100101110111
00000000000010100111010001000111
11111111110111111000111000111010
11111111110011111111101100101000
00000000000100000110000101001010
00000000000011010000111101011011
00000000000001011111111101101110
11111111110110110111010101101000
00000000000011011111111000110011
11111111111100000001111000110011
11111111111100001110101011000011
00000000000010011010100011111111
11111111110110111110001010011100
00000000000001110111101101110001
11111111111010010110000110111001
11111111111000100010000001111101
00000000000110101010111000101100
11111111111100000111101001101100
00000000000101000010011010111110
00000000000110100111000000011011
00000000000100101110110001101100
11111111111111010101100110010011
11111111111101000101011011010100
11111111111011110001000011111100
11111111111111010101110100011000
11111111111101101111110010001110
11111111111001101001110111110101
11111111110101010011000100001010
11111111111011110010011101011110
00000000000100111110001011010100
11111111111011011100010001101001
11111111111000011110011100010001
11111111111011011111100011101110
11111111111011000011001110110101
11111111110110010100111110011000
11111111111111111101111100001011
11111111110101100000110100010100
11111111111100010000100100111001
00000000001001010001100110110001
11111111111011011100111011100110
11111111111010110100111000010110
11111111111000000111010000100111
11111111111100100001010100100010
11111111110111101000010110110001
00000000000100001101110100001000
11111111111011001011001011111010
11111111110110100100000110110000
