00000000000111111000111001110011
11111111111100100010110000111001
00000000000111010100000101110110
00000000000001010010101110010000
00000000000100010100001001001010
11111111111110001101110000001001
00000000000110101010100110011010
11111111111000111111110010111000
11111111111110100100100110100001
00000000001000011010101101110100
00000000001010010100010011110011
11111111101111010111111011111110
00000000000011010010100010100011
11111111110011011100110000011110
00000000000100101111101111011111
11111111111110110100111011111111
00000000000010001110111011001101
00000000010111101111100100011101
00000000000001010100101010111000
11111111110110001100100010010110
11111111111101100110001000100110
00000000000001101100010110111011
11111111111101001110111000101011
00000000000001001101100111111110
00000000001010011111100111111110
11111111111101100001010000100010
00000000000100010110101000100001
00000000000101111010001011001101
00000000000110100001011101001000
11111111110111001101101101111100
11111111111011010011000101111011
00000000001101110011011100111110
00000000001000100100100101111111
00000000000010011001000110010101
00000000001011010000001110001111
00000000000110010111110111101100
11111111111100101001111101010010
00000000000001111101101000001001
11111111111000110010011111010111
00000000000010011101111101111010
00000000000010001011011001000011
11111111111111110110011000100110
11111111110111101111001001111000
00000000001110010110101011011101
00000000000101100111001100001000
00000000000100100110001101001101
11111111111010000000100110011101
11111111111010011101101010111111
00000000000001100111101011110000
00000000001001111001000000000100
11111111111110011011011001011010
11111111110000101101100010011010
11111111110110011001101100101111
00000000000011011101000000010011
00000000000001101110000111001001
11111111111011000001000011000011
00000000011000001000100000000100
11111111111110011000100101001010
11111111111010001100011110111010
00000000000101010100101011010001
11111111111011111101011101011000
11111111111001110000011110000010
00000000000000110000010100011000
00000000000101111110011100000100
00000000000001111100001111111111
00000000010000000111110000111101
00000000000010111110110010001000
11111111111100000100100010001110
11111111110110001000000011110000
00000000000101111100100001011000
00000000000010000101111001110001
11111111110101010100000010110001
00000000001001001000110100111100
00000000000100101101001011000010
00000000000101101101111000010100
11111111110101110100101100110101
00000000000101000111110101110110
00000000001001001100101001100111
00000000001101000100010100111101
11111111111101011100010100010000
11111111111111110110111110001100
00000000000101101111011100010110
00000000001110100011011000111000
00000000000100000001111101111011
11111111111011010011101010110111
00000000000001011010101001011011
00000000000000100010011101110001
00000000000000010100101011011110
11111111110101010010010010000011
00000000000000100011011001111000
11111111111100010100010010100100
11111111111110111100110010101101
00000000001001010100001001100101
00000000000010010011101101100101
00000000001001110001101011101111
11111111111101011110010101011000
11111111111001011101001010110000
11111111111101011101011000000010
00000000000010100111000100101011
00000000000001110000111111011011
11111111111000110011011000010000
00000000001000010110011101011011
00000000000001001110010001011101
00000000000011111001001101011111
11111111111111110010110110010111
11111111111010110110111111101010
00000000000000100110011010011100
11111111111100001111100100100011
00000000000001000010100111101000
11111111111010110101100101000000
00000000000101110110000111101101
00000000001010001001100001010101
00000000000011010110101100111000
11111111111010001010011111110000
00000000000000011011000100111110
11111111111101001001001011100010
00000000001001101111100010101001
11111111111111010111110101110010
00000000001100100101010001111100
11111111111001000001101010100111
