11111111111010111001111100111110
00000000001011010111101011100111
00000000000111011100100101001111
00000000000110100110011001110100
11111111111100110010101010000010
11111111111101111001101000101101
00000000000110110110000000001000
11111111111001100110000100101100
11111111111100100100110110000000
11111111111000100111010000101001
00000000000001110101000100110100
11111111111001111101011110011110
00000000000100110101010001000100
00000000000110111110100110100100
11111111110110011100010011100000
11111111111001100101101011010101
00000000001100011101111101011101
11111111110010111011001100100011
00000000000011100011001110111000
00000000000001010111111100110000
00000000000001100100111101101111
00000000000001100000010100001100
00000000000100011010001111000101
11111111111010000011101010010000
11111111111100111110100001010000
00000000000001000001011010101001
00000000000101101111111000111010
11111111111011000000001111000100
00000000001011000101111110101101
00000000001000010101011111100000
00000000000101101111011101000110
00000000001000111101000111001111
00000000001001000010011001100100
00000000000011010110001101100111
11111111110100001000010110110000
11111111110100110001011000001011
11111111111101001001010100001101
11111111111011001000010000011101
00000000000010101010001111110111
11111111111001100001111100000110
00000000000001100111011101101000
00000000000001110001001100100011
11111111111110010111101011010101
11111111110100111010111001000111
11111111110101110000100101100001
00000000000100001111010110110001
11111111111010000100000011001110
00000000000110001111011111010111
11111111111010010000110111111010
11111111110010110000100000010000
11111111111111011011001111011000
00000000000100100001110011010001
11111111110111000001110100111010
11111111111101010111011101100001
11111111111111111000110100100101
00000000000000010111010100111111
11111111110101111000100001010110
00000000001001011100110110111010
11111111111101111111000111010000
11111111111101000101010111100101
11111111111101111011001100101000
11111111111101010001111011001000
00000000000100111110100010010100
00000000001011011000010001110000
11111111111110011000001101111101
00000000001000110101000110100011
11111111111110111110100001110100
00000000000110010110101011010101
11111111111101111011000110001111
00000000000101100101001001011011
00000000000100010110001000111001
00000000000011001000101111100101
11111111110111100101010100111001
00000000000100000111010100011101
00000000000100001100001010001110
00000000000111010011110010110110
11111111111011011101111000111101
11111111111100111010001010011011
11111111111000011011011001111000
11111111111011111101101000001101
00000000001100001100000001100000
11111111111010001000111011010110
11111111111100101111111100101111
00000000000001111000100010011010
00000000000011011011011100110100
00000000000111001100000110001011
00000000000011011100111100000000
00000000000011101000010000111101
00000000001011101000100100011100
11111111111010000100011100000000
00000000000001001010101111100001
11111111111111010111101110010000
00000000001010011111100100011101
00000000010010110001100000110010
00000000000111001110001011011010
00000000000011101000000011010100
00000000001001011110011001011001
11111111111111001001100110111000
00000000000011010010111001001001
11111111101110001100011100000001
11111111111011110110110101001100
11111111111001110010011101110000
11111111100101100110010111011100
00000000000101000011100100101001
00000000000110000000000101100010
11111111111011010100001010100001
11111111111010110010010100000110
00000000000000010110011011100100
00000000000100011100001101011101
11111111111111010010011001110100
00000000000110111001111111000110
11111111111010001101101010100101
00000000000111001111101010110001
11111111111111111100010001100011
11111111110111111110010011000100
00000000000111000100100101000011
00000000000000111010000100000101
11111111111011111101110011001100
11111111110110100100111101110101
00000000000100011100110000100001
