00000000000100100000010101111001
11111111111110010100100100101101
00000000000010110111000010111001
00000000001000000110111110100111
11111111111110100000101010101101
11111111111100010100001010001011
00000000001000111010110101111000
11111111111100100110000100111101
00000000000010011001110001101100
11111111110111101010110011101011
11111111110100100100101010110101
11111111111010000100100001101000
00000000000001100110100101100111
11111111111011101111111100011111
11111111111100001100001000111011
11111111111011100100101100000011
11111111110111010100010100000011
11111111111011110010101100111011
00000000000000100011000110110110
11111111111010101001111000000010
11111111111111010010000110000110
00000000000110100100100101100101
11111111111100110000110100001111
11111111111100111110100110110011
00000000000000100001011101111001
11111111111100000111011100001110
11111111111110010011010111001110
00000000000000010111101111101101
00000000001011011100100011010000
00000000000011010110001101010111
00000000000011011101110100010001
00000000000011001000010010000001
00000000000110100010110010000101
00000000000010000000110010100111
11111111111010000011101101010110
00000000000101100000001101110001
00000000000100111111000000000000
00000000000001100010100101111011
00000000000011110010111000001110
11111111111000101110101011100001
00000000001000010000001101010111
11111111111001100001001000110010
00000000000100111010010010001011
11111111110001100010001010010000
11111111111010101101000111001111
11111111111101100001010111001111
00000000000001011110101101111011
11111111111111111110110011000111
00000000000100011010101010111010
11111111111000001001100001110111
00000000000010101110101001011100
00000000000000100100000101110111
00000000000010100011101000111010
00000000000001111100001101011110
11111111111011001010000001010100
11111111111010111010110110001001
11111111111001111111110011001110
11111111111111110000110111010111
11111111111111010011100001010011
00000000000001010000100010000100
11111111111100111010110011110010
11111111111111010010010011100111
11111111111000110100001101010000
00000000001000001111110111010000
11111111111101001101101101100100
00000000000001111100011111101000
00000000001010011101010110011100
11111111111001100000111001100110
00000000000010110110110000001111
11111111111100100111101010011100
11111111111101101101111110010110
11111111110010110101100000000100
11111111111100000010001110000011
00000000000011111100101011110101
11111111111001111100011001001101
11111111111000111100001111000000
11111111111011111101000010100111
00000000000111100000011000010001
00000000000110101111001100011100
00000000000101010010100011110011
00000000001000011011101110001111
11111111111110100000011011000011
00000000000010011000010101110011
00000000000010010010111111111100
00000000010011010100011110001001
00000000000110101010011100001011
00000000000010101011001110111110
00000000000101101001100010110100
11111111111111010011100011001111
11111111111101110100100100111110
00000000000000000100010100100110
00000000000001001101101111110011
00000000000101010101001011111001
00000000001010011110100101001100
00000000000001010001010111000000
00000000001001010111101011000000
00000000000110100100000101001101
11111111110111111100101100101111
00000000000001011110101101000111
11111111111110110100110100011011
00000000000101110110110110011011
00000000000100000011110010000010
11111111101110101010111100101110
00000000000100110100000011011000
00000000000010101010001011110110
11111111111110000100001000110000
11111111111110000110100101110001
00000000000110101010100101100100
11111111111011101110010000111011
11111111111100111010010110001110
00000000000001100010110101011101
00000000000100111011111010111100
11111111111011111110001011100101
00000000000100000100001000000110
11111111110111000000010011001110
00000000000100110001010111000000
11111111111101111011110001101010
11111111111101000011001000000111
00000000000101110100101001111001
11111111111011100011100010100110
