11111111111110101011011110001100
11111111111101111110101110101010
11111111111000101001000000000000
00000000000001011011001100110011
00000000000100110111111010001100
00000000001000101110111010011000
00000000000001000100011001111111
11111111111000001100011000011110
11111111111100101010101110111011
00000000000000100000010010101011
11111111111111100011100011100001
11111111110000001111100001011111
00000000000010110000001101011110
11111111110111001011010111001110
00000000001010100111111110101110
11111111111010100001110111010111
00000000000001100110000010001011
00000000000101110110001001111110
11111111111111001000010000011100
11111111111101000110110101100001
11111111111110000011001011010001
00000000001010000000101011111001
00000000000001110100100101000011
00000000000101101010100010111000
00000000000101011000111011101010
11111111111010000111110111110011
11111111111101011010010100110010
11111111111011010001110001011000
00000000001001010111010011000011
11111111111101001110011011110111
00000000000110000111111100110000
00000000000111000000001011011010
11111111111111101010001101011100
00000000000101001010001110110100
11111111111011111010001011010000
00000000000010011111001111000101
11111111111101000111000001011010
00000000001001011100110111101111
11111111111101010111000111010001
00000000000001101010000111111010
00000000000001000011111010110001
11111111111110111101011110100110
11111111111011100000110111111001
11111111111101111010001111101001
11111111111110011001010111000101
11111111111100010000000010011010
00000000000000110000011101101101
00000000000000011011010101001010
00000000000001100011010100010000
00000000001010111100011010010010
00000000000010001000010000111011
11111111111000001110100111101111
00000000000001000011110010000000
00000000000010011110000111001000
11111111111110100011101110000100
11111111111011010101110100010111
00000000000011101110011110111010
11111111111010110001000110100101
11111111111011110110001100011101
00000000001000010101010010100101
11111111111111101011001101000011
00000000000100100111100010110011
11111111111111101000100010000000
00000000001000101010010100001100
00000000000010111101101101010011
00000000000001011010010010001111
00000000001010110110110100000110
11111111111110110011111100001101
11111111111110000110100001101010
00000000000011001110110001111100
11111111111100000011110101010111
11111111110100100000101010010011
00000000000101010100011111011001
11111111111101100100000101001010
11111111111100000000110010010001
11111111110011100011001110111001
11111111111001111011001001110101
00000000000101100110101001110110
00000000000001100111101000000010
00000000000101111101011011100000
00000000001001111011010011110111
00000000000101001010011101110010
00000000001100001111110111110110
11111111111110000101001011010110
00000000010011100100011101001011
00000000000111110100000001010110
11111111111101010010010101001101
00000000000111101101101000000000
00000000000101110111100101011010
00000000000110100000011000111111
00000000000010100100010101010110
00000000000010101000101011100101
00000000001000101001001100010110
00000000001001110101000011101001
11111111111111001111110010000011
00000000000100011010101001111010
00000000000100011010110011001010
11111111111011011101010000011000
00000000001000001000000000100000
11111111110110110011001011111110
00000000000110101110000010100001
00000000000100110001010110001010
00000000000000111000000101110011
00000000000111110000011010000100
00000000000111111010100000010011
00000000000100010001010000010000
11111111111111110110000010000100
00000000010010101110101010111001
11111111111101000101001011000001
11111111111100011010110010100111
00000000000111000010110010001101
00000000001011001000000110110110
00000000000101001011111111100000
00000000000100010111100110110111
11111111111110110101011100110010
11111111111001100000001001101101
00000000000011110010100101100110
00000000000001100010001110011111
11111111111100101111001011010100
11111111111110010001001001101001
