11111111111001001101000111101100
00000000000100010110110100010100
00000000000100000011011000110010
00000000000110101101010010000000
00000000000101011011101011100111
00000000000001011011111110010101
00000000000000110011110101100101
11111111111110010110110011111011
00000000000100001001111011010010
11111111111100100111101101001100
00000000000000100011011001101111
11111111111000100010100111110010
00000000000001000011100011101000
11111111111101010100001111010100
11111111111011010000010100100101
00000000000100110001010001001000
11111111111101111100110101110101
11111111111100001001011110111011
11111111111110110111111110101000
00000000000011101110110101000000
00000000000001111111010000100110
11111111111101010111110100101101
11111111111101111011111110010001
11111111111011110011110111011000
11111111110111100111010011110010
11111111111111111101001100010000
00000000000111001010010000010111
00000000000100100101101101111011
00000000001001110001010110101010
00000000001000101110000000110000
11111111111011111001001110010011
00000000000101000110010101001111
00000000000110100000010100010011
00000000000011111101101001101001
11111111110011100100101111010000
11111111110100100001011011010100
00000000000100001110111111111001
11111111110111000001011010011000
11111111111011001101111101010101
11111111111101110010011000111010
00000000000010010001111011101011
11111111111111110010110100111100
11111111111101101010011110111100
11111111101110011011110011001110
11111111111100111001011101011110
00000000000000000110010001000001
00000000000011011001100111001001
11111111111110100011001101110011
11111111111101101011011000100001
11111111110010110010101000110110
00000000000100100101110100010000
00000000001000010100110001000010
11111111110110110000011111100000
11111111111110100000101110011100
11111111111001100010001010101011
11111111111111110010110010010011
11111111110110010010010111010001
00000000000101010011111101010001
11111111111100110101100101010100
11111111111000110000000111110110
11111111111101000011100110111010
00000000000100101011111011000011
00000000000000000011010000110100
00000000000111100111011010110011
11111111111011100011101101001001
00000000001000001001100100110001
00000000001000111110110110111100
11111111111010010001011010111010
11111111111110001001000010001100
11111111111111101100111100110011
11111111111101110011111110000000
11111111111000000001000001011100
11111111111110111011101000111110
00000000000000000001100010010001
11111111111111110010011101100011
11111111111111011001011100110100
11111111101100000110010111011110
00000000000001110010100101110110
11111111111011000101000010001001
00000000000011000011010011010110
00000000000011011110011101110111
00000000000011010011010010011110
11111111111011000100100101111001
00000000000110011001011011001110
00000000010100010100110011110000
00000000000101110100110000001010
11111111111010111101000101010000
11111111111111010100001110000000
00000000001010100110001101101011
11111111111100111101001110001110
11111111111110111100001010000110
00000000000100110110001000011100
00000000000010010010000011000010
00000000000111011011100110011011
00000000000011110111001111010100
11111111111111011011101101110010
00000000000101000010100111001010
00000000000101101100001010110001
00000000001001110001100000011111
11111111110001111000110000111111
00000000000101000100100011010101
11111111110100100011000110001000
11111111111001001101010101010011
00000000000000101011010001111101
00000000000010001010001001101111
11111111111100101101001000110001
11111111111010001010110110011110
00000000000000000001010101111001
11111111111101100010011111000000
00000000000101111001101001101111
11111111110110010000110100000111
11111111111101011110001000110000
00000000000000100001011100001011
11111111111110001001001011101110
11111111111011011101100011001011
00000000000101000011111011001101
00000000000001100100010101010011
00000000000011101110110011011001
00000000000100011100100000001000
00000000000101101011101011100110
