11111111111111010000111100010001
00000000000100000011000011010011
11111111111001010001111111111011
11111111111010110010111100110000
00000000000000001111100001101000
11111111111010000001111000010010
11111111111010001100001010110011
11111111111000001101001001001011
00000000000001011111001000000011
11111111111000011100010111111110
11111111110110000100111000111000
11111111111100000100000010110111
11111111111001101100001000000011
00000000000001000110101101011000
11111111110111011101110101011101
00000000000001100000101101011110
11111111111111101111010010101011
11111111111001101111100111111111
00000000000000011110001100111110
00000000000000110010011110011011
11111111111100001110001100001010
11111111111101001000110010101101
11111111111110010010001001010010
00000000000000010101010011110110
11111111111001111011110010100101
11111111111111000100001110101010
11111111111011110110010111100100
11111111111101100110101111101110
11111111110110011000101001100110
11111111111101000010000001101101
11111111110110001000101101001110
11111111110111110111010110110000
11111111110111110110101011010110
11111111111011001101111011000010
00000000000001110101001010100011
11111111111011110111000000101110
11111111111100001011010010001011
11111111111001110001011000111100
11111111111000010010111011110010
00000000000001011010110101010010
11111111110101110000100011010111
11111111111101101101110010111001
11111111111110100011110101010000
11111111111111010001011110001000
11111111111011010001010001000100
11111111111110011000101110111011
11111111111000111011001100011010
11111111111110111110000001001100
00000000000010100100001100011110
00000000000011001100001001010010
00000000000000111000111011110010
00000000000001100010000101100110
11111111111110110110110000001001
11111111111101101100001000110100
00000000000100100000010111011111
11111111111010000111000110100100
00000000000000110110111011001100
00000000000010011110001100111111
11111111111011000110001100100000
11111111110111010001110011111001
00000000000000101111010111000000
00000000000010101110011101101110
00000000000001000100011111001000
11111111111111110010111011000000
11111111111010101101101000111000
11111111110111101011011101111000
11111111110101010110000101010101
11111111111000111001110101111101
11111111111011010000010000110110
11111111111010111011111100011110
11111111111101100111111101101010
11111111111111001111001000101110
00000000000010111010101100101000
11111111111111111001001001011001
11111111111011101001010110100010
11111111111000111111100111011101
11111111111011101100111110110001
11111111111011100011111000111001
11111111111001111010001100000101
11111111111100010111101010001010
11111111110101000111111010111110
11111111110111100000010100010101
11111111111110110000001111101100
00000000000000101001011110111010
11111111111111000001111010101101
11111111111011100101110010101000
00000000000010011011100001110110
11111111111101011010101010010011
11111111111000011110011110000101
00000000000100011110000011111111
00000000000000110011111010000100
11111111111101000101101110000000
11111111111110011100010100010110
00000000000011011011010010010110
11111111111000110110111000100000
00000000000000010000011100100010
11111111111001101111101101101011
11111111111101100001010000000111
11111111111101010100100101000100
11111111111100001111010100000000
11111111111101111110110000010001
00000000000010001101101001110011
11111111111111010110010000001100
11111111111010011001100110110010
11111111111111001111101000101111
00000000000000011000001111010110
11111111111110001111010101110000
11111111110111100101110000110010
11111111111101100111010001101111
11111111111110000000110001001110
11111111111000110110000100011001
11111111111110100011000010100101
11111111111011010111110110001011
00000000000001011010000000111111
00000000000001001001000100111001
11111111111001101101100000111110
11111111111110001101110000001011
11111111111100110000001000111010
11111111111001001010010101010001
11111111111110101101110110011010
