00000000000001011111001101010001
00000000000000111110010011010111
11111111111111010001000101011010
00000000000101000000001000100001
11111111111101101000100101000100
00000000000011111111000100011000
11111111111111001101011000000001
00000000000100100101111000010000
11111111111111010010101100100100
00000000000000110111011001111011
00000000000011000110111111010101
11111111111110111101010100000000
00000000001001100110101001001010
11111111111101100110011010000111
11111111111100111001011110001000
11111111111110001001101111101010
00000000001010000111101000001111
00000000000000011000010011010111
00000000000100110010010110110101
11111111111110111011111010010110
00000000000111010011000110111101
11111111111001011000010001010110
00000000000001101001111111111001
00000000001110010100000010101011
00000000000100001110110110100111
11111111111100001010100101010100
11111111101101011111011110101010
11111111111110110101101111001011
00000000000111100001101010100010
00000000000110010010110011001011
00000000000100110101011101001101
00000000000011100010010100110011
11111111110100010110011011110001
11111111111111111100100100001000
00000000000100100000011100000111
00000000001011111010000011101001
11111111111111110110110011110001
00000000000011111011010010110001
11111111111010000011000001010111
11111111111010000000111111000011
00000000001000111110000010110011
00000000000010010111101111000100
11111111110110001000111010001011
00000000000001010101110101100000
00000000000010111010101001000011
00000000000000001001011101110010
00000000000100010010001101000101
00000000000000100001110110110111
00000000001001110110010001001000
00000000000000101000100101011011
00000000000001101000100011111001
00000000000011101011011000010010
11111111110110111001000010000011
00000000000110001011100101111000
00000000000010100111100111110000
00000000000001111011101100100111
00000000011001010000111000110110
00000000000111101111100000011101
00000000000101010101010000001101
11111111111100111110110110110100
00000000000001110101111100111011
00000000000100000011101001001110
00000000000010100100000110100110
11111111110110111101111010010101
11111111111101110000000001011101
00000000000010011100000110000001
11111111111100001010101110011001
00000000001000100000011001001001
00000000000000101001111011011001
11111111111011101000000001100001
00000000000000011101011001101011
00000000001000110111100000011001
00000000001010001110111001101101
00000000000111100111100001000111
00000000000111000001101010111111
00000000000001110111100011111110
11111111110111010110101000101010
00000000000000100110010000011110
00000000000110100101011000000011
00000000000011100000100110010110
00000000000100000100000110000011
11111111111101011000000100111010
11111111111101111110110001011011
11111111110111100000101001111111
11111111110010100000000001111000
00000000000001110011110111110000
11111111111100110101110010101110
00000000000000101011100101110011
11111111110001000101010010001010
11111111111101101001010110000101
11111111111110000001001010010001
00000000000001110010010010010000
11111111111011110110001011000110
11111111110000110011010100000010
00000000000111100011101111011000
00000000000011000110010101010110
11111111111010111001100101011001
11111111101110111100001001100101
00000000000001101010000001001110
00000000001001110100110101100101
00000000000000111101000110101010
00000000000010100010010011001011
11111111110011001110001011000011
11111111111100111010111100100111
00000000000011111001010100000010
00000000000000101111001100000110
11111111111101011110001110000011
11111111111100110010010101011110
00000000000000001100110011000100
11111111111101101110101100001010
00000000000110000100011011101010
00000000000000010111110001110101
00000000000100101001001110000001
00000000000000100111111000000001
00000000000001001101011011000111
11111111110111010111111001010000
11111111111001111101011000110101
00000000000000110011000000011010
11111111110100000101001100000101
11111111111010111101111100111111
