11111111111011101101000111111001
11111111111000000000001110111001
00000000000000011001110110000100
11111111111101101010001100100011
11111111111010111110010111101011
11111111111101111110001100111110
00000000000000011100101110111011
11111111110110101100010100111001
11111111111010100010101000001011
11111111110100101101110110100010
11111111110010001011000000100111
11111111111010101010010101010000
11111111111000010010100101001011
00000000000001101100110010000010
11111111111101011101110110100001
00000000000110000001110010010101
11111111111100001111010111001010
00000000000010000000001000010001
11111111111111110001111111001010
11111111111101001001101110001111
00000000000011110110010101000001
11111111111000010100100010011010
00000000000010111101100011001011
11111111111010000000000101010011
00000000000100101111100001110111
00000000000000001000101001101100
11111111111000011101101000011000
11111111111111111100000100110011
11111111110100101001100011111100
11111111111010010011111110011110
00000000000010001111100110111000
00000000000101010101001010110000
00000000000011110000101101001110
00000000000011001001001010010110
00000000000000000110100010000110
00000000000011000100100101100010
00000000000001101100111010100011
00000000000001011111100100110101
11111111111110001100010011100100
00000000000010101010000111100100
11111111111011010110011111001111
11111111111111100101101011100101
00000000000000001010100001010011
00000000000001010010110000001010
11111111111011110001111101101111
00000000000011011100100101100101
11111111111111110111011111111101
11111111111101100100101100101111
11111111110100100100010001000011
00000000000111111110011000000110
00000000000000100001101001010110
11111111111011010001110001001001
11111111111011010001000010010100
00000000000001011111110100111100
11111111111101100101000101001100
00000000000000000100001011011000
00000000000011110001011100001001
11111111111011101011101110111000
11111111111101000001110100010001
11111111111011010001001010001000
00000000000010100101110110011100
11111111111011110100000001011111
11111111111001100001001100101001
11111111110101010010111101001110
11111111111011001001110000011010
11111111111001001100110000100100
11111111111110000101100101100101
11111111111011100010000100011111
11111111111111111100001101000000
11111111111000010000111100110111
11111111111001011100111111111101
11111111110100101100110101101110
00000000000100110010101000000001
00000000000001011000111010111000
00000000000010101100100000111111
11111111110111101111100010100111
11111111111001000101101100001111
11111111110001101100001101101000
11111111111110111100001000011110
11111111111110000111111001101111
11111111111100100010111011100010
11111111111000011111111101010000
11111111111111001110000101001011
11111111111100101001110101110011
11111111111100000110011101011010
11111111111000110111011110011110
11111111111011011001000110110001
11111111111100011000011001110110
11111111111011011010000000111110
00000000000010010100011000100111
11111111111001111011001001110110
00000000000100010011011100100010
11111111110101011100001010001111
11111111110111001110010101101010
11111111111111001101110011001010
11111111110101110001100001001110
00000000000010111000101000111111
11111111111111101111010011110110
00000000000010011011000100111111
11111111110111011011000011111110
11111111110110000000000000010110
00000000001001000101111001100111
00000000000111100100111101111101
11111111111001000010011010000000
11111111110011001100011110101001
11111111111001100100110001011100
11111111111011100010101101111001
11111111111110110100011100000011
11111111111010101010010100110110
11111111110011011010000101001001
11111111111001100011111011110101
11111111111001001110100110010101
11111111110101111110001111001110
00000000000010110101010110101001
00000000000000000111100111000011
11111111111110010110100011101110
11111111110111011001011011011111
00000000000000110100001001101000
11111111111011011001001100111010
00000000000011001100000101011110
