00000000000010110000011100100000
00000000000001010010000101000011
11111111111100100110001010100111
11111111111001010101110110010100
11111111111110001011101110110011
00000000000010011011011011101110
00000000000100011001000001100100
11111111111101000001010001010001
00000000000101011111100010000000
11111111110111111111001010111011
11111111110101111111110011110100
00000000000010111110111010111110
00000000000110111000100101110110
11111111111111011010111011001101
00000000000000011101000100000011
00000000000101000111010011111010
11111111111000111011101001100100
11111111111111000000011011100110
11111111111011111111011001001111
11111111111100101010001000010001
00000000000000010100110000000100
00000000000011100000000111011011
00000000000010000010010010110011
11111111111110111010110001011100
11111111111101010011101011000001
00000000000000110011100101011011
00000000000110010010000101011111
00000000000001101101000011000100
11111111111101110001110011011011
11111111111110011101101010101101
11111111111011111110000010000101
00000000000100011010001000001110
00000000000010001011011011000110
00000000000000111111110000001101
11111111111011111100111100100100
11111111110100111001111010001001
11111111111010010001000111101110
00000000000111001100011010001111
11111111111110011111010101011010
11111111111101110011100110110110
00000000000001001011110001001111
00000000000010110111111110101110
00000000000011010101000010001001
00000000000000111001101110011001
00000000000010110000101001110011
00000000000100001111001001011011
11111111111011110100110101100001
00000000000101001010000010110101
00000000000000001011001101100100
11111111111011101000101111111101
11111111111111111111101000011101
00000000000000011111000100001011
11111111110111101011001001111101
00000000000010100011001001000011
11111111111100011010101111110101
11111111110111111000010011100111
00000000000000111000011111000111
11111111111000111111110111000011
11111111111100011011010111011010
11111111110111011110110010100111
00000000000001111100110011001110
11111111111001000111010011000001
11111111110101010101011110111101
11111111111001011010110101011110
00000000000101100101111110100111
00000000000100011001010010101110
00000000000000010000100011111111
00000000000101001010101100111110
00000000000011001100001101011110
11111111111101100110100000001001
00000000000010100110100111110100
11111111111100111110011110010010
00000000000001100011001001100100
11111111111101100011100101000101
11111111111110110111001111000000
11111111111000010100100010001100
00000000000001111100111010010011
11111111111100010100111111100100
11111111111101001001100101010101
00000000000011111011101111111101
11111111111110010111011010101110
00000000000000001010010011011001
00000000000100100101101110100000
00000000000111010000110101000100
00000000000110100100110010010000
00000000000010100100001110011111
00000000000001110111101100001001
11111111111011010110111110100101
11111111111011111111100010110111
11111111111011000001110011111111
11111111111100100011110111000111
11111111111011011110111011001111
00000000000011110111010010010111
11111111111011011100001100110010
00000000000010001010010011000001
11111111111010110010000100101001
11111111110111001011010110100111
11111111111111111001011101111110
00000000000000011010101100110001
11111111111100100011001000011100
11111111111100001000011111110100
00000000000000000001111110101111
11111111111001000010101100100111
11111111111011011100100100011000
11111111110110011110101110011000
11111111111100001101110000011000
11111111110101011111000010001101
00000000000011001000100110000111
00000000000000110000100000000111
00000000000000100010100110111101
11111111111101111011100101100101
00000000000011110100111101000000
11111111111011100001011001010010
11111111111011101101111111001101
11111111111001100001100111101001
00000000000000011100111000110011
11111111101111100000110100011111
11111111111110101000101100101010
00000000000010100110001110000011
11111111111100111110000010000101
