00000000000010000100011110101111
11111111111100110111101110110110
00000000000011111110111001101111
11111111111100010111101110011011
00000000000101111011001110010011
00000000001000110111110110111101
00000000000001111110111100010000
11111111111100010011011100110110
11111111111111000010110000001010
00000000000000110011111100101010
00000000000111001110110001111011
11111111110011100100100000101100
00000000000101000000101011110110
11111111111101100011000000011001
11111111111110000011111101100001
11111111111011001011111111010101
11111111111010111000100100001101
00000000000000000110100101001011
00000000000001100011101110101000
00000000000001000110110101010110
11111111111001010110010001110001
00000000001100000010110101111010
00000000000010000001110001010110
11111111111100111111100110001000
11111111111001110111110000110010
00000000000001110000111011000100
11111111111001101001001001000011
11111111111110100101111101000111
00000000000000100000111111101111
11111111110111101011100110110011
11111111111110101001101011111011
00000000000100010010001101010110
00000000000100000100101001001000
11111111111100100000111011011110
11111111111001111011111101001101
11111111111000011101110111001001
00000000000010010011010000010001
11111111110101000111110000011101
00000000000001000110011110101101
00000000000111000110011111101010
11111111111111010101111100110010
00000000000000111100000000111011
11111111111010010110111110100101
11111111111100000001010011000100
00000000000010110111010100111111
11111111111110100100100011010001
11111111111111001100011110100110
11111111111000011100000010011100
11111111111100100000000011001000
00000000000100100010011111111111
11111111111100011100010001101100
00000000000000010111000011001010
00000000000001010110000111100000
11111111111110011001101111001101
11111111111101101111010100101000
11111111110110000001001010000101
00000000000011010100101011110101
00000000000000100110010001111111
11111111111011101000100100110000
00000000000110001101101010001101
00000000000100011010001001001100
00000000000000001101100111011000
11111111111111110111001110101100
00000000000011001010111110110001
11111111111101100100000010111100
00000000001101000110011011101100
00000000000000011001110101011001
11111111111110011001000000010111
00000000000100100010011100111001
11111111111111001111111000110001
11111111111001001101000111010111
11111111110111100110001000100010
11111111111100011111000010000110
00000000000000011101111111101010
00000000000000011111010000110100
11111111110011001011001101101101
11111111111101100010001000010111
00000000000000100000000011111011
11111111111010011110111100001000
00000000000101110111101010101111
00000000000101011100000100111001
00000000001011100100101011010011
00000000000001000001110010000010
00000000000000010010101001101110
00000000000110110110100100001011
00000000000101000101000100100011
00000000000001110001011011111001
00000000001001110011110110010000
00000000000000100111010101110111
00000000000110111110011011010010
00000000000110101100101101110001
00000000000001111011001000010011
00000000001000000000001011101101
00000000001110000001011001001011
00000000001011110000100111000010
00000000000001111011100001111110
00000000000011001010101110001110
00000000000110010000011001001011
00000000000010110100111001000011
11111111111101100010000001101100
00000000000001011110000010010100
11111111111011110011011000110101
00000000000101101001000100101110
00000000000000011111001000001011
11111111111111100001101101001111
11111111111111101100100010110100
00000000000010000110110010010111
00000000000010011111101011100010
11111111111001101111011101000100
00000000001001101001010111010110
00000000000011011011001100111101
00000000001010110000000011000111
11111111111101111101000101001100
11111111111011010010110101110010
11111111111110000000100010001000
11111111111110111011000001101100
00000000000001001100111100101010
00000000000000010010110101110000
00000000000011010011110111011101
11111111111101101110101000010000
