00000000000001001101111000110100
11111111111110101111000111101010
00000000000010010101010001110100
11111111111101111110101011010000
00000000000010100111110110011000
00000000000000111101101101010011
11111111111101001010001100001001
11111111111011100111101111101101
11111111111011001101110100000000
00000000000011100011010000111111
00000000000111100001011000111011
11111111111011110011000101010000
11111111111100101000001101100100
00000000000110010000111011100110
11111111111100101001101110011110
11111111111110111011001111111100
11111111111111111100110110000000
11111111111111001000110101111010
11111111111010110100000111101111
11111111111011011001000110100101
11111111111110101010001011110101
00000000000001000010000001101101
11111111111110110111110101000001
11111111110001001101001100101111
11111111111110010010000100110111
00000000001000000010010010110010
00000000001100110011010011010010
00000000000011011100111100110101
00000000000010110100101110001011
11111111111010110011101001110111
00000000000110110101111111111100
00000000000000000110010101111110
11111111111110110010110001110000
00000000000011011100011011100101
11111111110101101011101000001101
11111111101101101101100010010100
00000000000001001011011010001110
11111111111101010010000100111110
00000000001011000010011111101010
00000000000010010001100110101100
11111111111010001110011110100011
00000000000101100101011100010111
00000000001000101011000010011000
11111111110011011110110111000101
00000000000010100100001001101100
00000000000001100010011110110010
11111111111011110000010010000110
11111111110111000010110001111100
11111111111101001111101011011100
00000000000001000011010100001110
00000000000010000100000101100110
00000000001001110100111000000100
00000000001100000010110111000011
11111111111010001100100000000111
00000000000110011000011100100111
00000000000010010000001111100001
11111111110101010111001001010001
00000000000000000100110001010111
11111111111110010111001101010011
00000000000111111100011111011011
00000000000011111100111100011000
00000000000110111001000111111110
00000000000000001111110110111111
00000000000100001001100111101001
11111111111111011100001011101010
00000000001000110000011000011011
00000000000101111101000101101000
11111111111101100010011110110110
00000000000001010111110101100000
00000000000000110010001011000011
11111111111100001000100000101011
00000000000110101101100001110111
11111111111011001100010100110011
11111111111011111001000101110001
00000000000000100101011011111010
00000000000110000001010011100110
00000000000100000101110100100010
00000000000101011111100111100111
11111111110100011100101110101100
11111111111011111110010111001001
11111111111100111111100111001010
00000000000011010010110000001110
11111111111111000110111100011010
00000000000001011011011001100100
00000000000011001111010001010101
00000000000010011001110100000101
11111111111101101011110101111011
00000000000010000101110000100010
00000000000111001000000110110100
00000000000110011000011011001110
11111111111010011110110011010111
11111111111100001101110010100000
00000000000000100010100101001101
00000000000110111110101111111101
00000000000001000000100000110110
00000000000010011001110000100001
00000000000101011111011011100111
00000000010000010101001010110000
00000000000011110100000100000101
11111111111001101001001011001001
11111111111100101000101000010110
11111111111101100000111011100000
00000000000110011101001101000101
11111111111100100111101010000001
00000000000010000010101011111100
11111111111110011111001100100100
00000000000010100100100111100110
11111111111010100100101011100100
11111111111010111001111010010010
00000000000100001100100010011001
00000000000100011101001011000000
00000000000100100111111100111010
00000000000010101100010101010011
00000000000100001100010001111110
00000000000111001011001011110010
00000000000010100011110110010000
00000000000101010001001001001011
00000000000010110101101100011001
00000000000101100001110011111110
00000000001001110010110110010001
