00000000000111110101011101110100
11111111111001010101100100110101
00000000000101101111011100011011
11111111111001111001000100110111
00000000000110101100000111110011
11111111111111101100000111111110
00000000000010101110011010010001
00000000000100010110000100000110
00000000000011011001100101110010
00000000000001000110101001111101
00000000000001100100001100000011
11111111101101111111110001111010
11111111111101011011001110011110
11111111110111110111011111010000
11111111111100101000010000010010
00000000000100110010110011111001
11111111110101011111111011101110
00000000000110110000101110111000
11111111111011110001001001010101
11111111110011011001011001101100
11111111111111000111101110000101
00000000001010010010010110101001
11111111111100101011101011100100
00000000000111000100111001100101
11111111111011000100000101011000
00000000000101101001001001011001
00000000000111001100100111110100
11111111111101011000000100100010
00000000000110010011000000100100
11111111101111010010101100101001
00000000000001110000111100110010
00000000001011010100101011101001
00000000000000100100001000010001
11111111111110111000010100111010
11111111110011001110100110001000
11111111111011000011110000100000
11111111111100100101110111000101
11111111111010111001000011101111
11111111111100110100101010000011
00000000000010101001101111101101
00000000001010100110111000010111
00000000000100010010001011010001
00000000000000111001111010101001
00000000000001110100110001110001
00000000000110100110100001111111
00000000000001011010110111000010
00000000000000100100010111100010
00000000000000001000011001100100
00000000000111100001111010011110
00000000000111000000011001000001
11111111111001101110111110000010
11111111101100110010100000011101
00000000001000111010110011111001
00000000000000001011110100101100
11111111111101101000001011100111
11111111111000110101100101001101
00000000000011011000101100101110
11111111111011001010000001101110
11111111111101111001100010100010
00000000001100101011100000110111
00000000000101010010100011100101
11111111111111110100011101001100
11111111111010100000110110010101
00000000000010100111001101000011
11111111111100011110110010001010
00000000001001100010110100001010
11111111111101010011111000011011
00000000000010111101110100010110
11111111111010110100100011100001
11111111111110110110100011100010
00000000000111010111100100110110
11111111110100011000001100011110
11111111111011100101011100110111
11111111111000111101100110011001
00000000000110101000110111111110
11111111111111100101100110111101
00000000001100001011010111110101
00000000000100101101111100110110
11111111111101011101111100101000
00000000000100110010010001011110
11111111111000011011000011011011
11111111111101111010100111011110
00000000001011101100001101110000
00000000001000100101111111010011
11111111111001010100010111100101
00000000000010011110101101000101
00000000000000011101001100001001
11111111111110000100110000110100
11111111101010101101100010001010
00000000000100110111111010111011
11111111111101110001000110110100
00000000000000111111010011010001
00000000001101000001010001101111
11111111110111110000011011011100
11111111110101000100011111110100
00000000000101001110110011001111
11111111110010101000110000001110
00000000000000010011001111010010
11111111111101101000011010111000
00000000000010110111101110001001
11111111101100001011111000111101
11111111110000100011110001000011
00000000010111010000010100101111
00000000000001101111100010011000
11111111111101111101001011000110
11111111111101110110010111111111
00000000000100000111100111110110
00000000000110010011110110010000
00000000000011111110100101000111
00000000000001101101010010101010
00000000001000101101101001110111
00000000001110110011001011000111
00000000000001100011110100111100
11111111111101000111101000100000
11111111111010100011011110001100
11111111111011111010111010110100
11111111111010001010010010011111
11111111111111111100100111001101
00000000001010011010110110001111
00000000000100010010010011100000
