11111111111111001101010101000111
11111111111001110110010010010111
00000000000011101010001001011011
11111111110110110010110001011101
00000000001000010011011011101001
00000000000111100011100010100100
00000000000111001000101100100100
00000000000111110100000001011111
00000000000100000101010011001111
00000000000000100101000000010101
00000000000010110001001001101010
11111111111101001001111000011000
11111111111100011010111011110010
00000000000010111010001011100110
00000000000111001001101101110110
11111111111111011010000111110101
11111111110110001111100100011011
11111111111001001111000011101100
11111111111110111010100000010110
00000000000010001100010001110001
11111111111100010010010100100101
00000000001011100010111100101010
11111111111100101010010010111001
11111111111011010101000110111111
11111111111110000010101000010100
00000000000010101001100101100101
00000000000001101110100101010110
00000000000110100111000011110000
11111111110111000111111010111111
11111111111000001100001100001111
11111111111101010001000111110100
00000000000101101011100110011111
00000000000000000101000101010100
11111111111110010100111001111011
11111111111111101100011101111111
00000000000000101001101100111101
00000000000101100001000001110000
00000000000001110010100111001001
00000000000110110110001000011111
11111111111110111001000100010111
11111111111101101111000101110000
00000000000011111100000100000100
00000000001001101111111100110000
11111111111000010101111010001001
11111111111111101011010110001110
00000000000011111100010010000011
11111111111011101110110011101101
11111111111011110000100101100011
00000000000101000101100110010001
11111111111101100101110011000001
00000000000101110010100001110101
11111111111111110010001011010101
00000000001100100010110011001010
11111111110110000010111010000011
00000000000101100110111000100110
11111111111011101101001101110110
11111111110110110111111010110010
11111111110100011111110010110110
00000000000000011101110110011101
00000000000000001000011101111111
00000000000001110111010010101000
00000000000111001110110110000001
11111111111000010010010010010001
11111111111101000011001100101000
00000000000010011010000010100111
00000000000001000011000001111111
11111111111011101010111111100100
11111111111100000111001111000011
00000000000000010110110101001100
11111111111100010011000011101111
00000000000001000011011111101111
00000000000010101000110101000101
11111111111000000100111100010101
11111111111110101110000110010000
11111111111001111010110011111100
11111111111000101000101001000101
11111111111100101001101001000010
00000000000000001010000111000010
11111111110101100101010010100010
00000000001011001001101101111000
11111111110111001101110000010100
00000000001010101111110011001101
00000000000101101001001111010100
11111111111011011011100010111001
00000000010011010001110101100110
11111111111111000010000101101111
11111111111100101100011110010101
11111111111111101100100010101001
11111111111000101101001100010011
00000000001010010010011100011000
11111111111110010010110001011000
00000000000100000001010101011100
11111111111100011100101100010001
00000000000100001110001101100101
00000000000110010100000111000100
00000000000011111001101110101000
11111111111010111000100011010010
11111111111110001001001100111110
00000000000110001001110100010111
00000000000000111000110000111100
11111111111001010001110001010010
00000000000011110000010111101100
00000000010010110101000111001101
11111111111001001110010001010100
00000000000010101110111111101101
00000000000101010110011111110111
00000000000010000101010110101100
00000000000110101111110001111110
00000000000010001010100000011101
11111111111101110110011110110011
11111111111001011100101111101001
00000000001000100110110101011101
00000000000001011001001011001111
11111111111100000110110100001000
00000000000001111110001011111111
00000000000010010101011010000100
00000000000001011101010001110110
00000000000010111110110110011100
00000000001011100010101000110110
00000000000101111101000100000010
