11111111111001100110010011111100
11111111111101011111111111110110
11111111111111011011101011110000
00000000000111011001110011001111
00000000000001101001010101010011
11111111111001100000011010010000
00000000001111110111010000100110
00000000001000111000010110100100
00000000000001000101011100001010
11111111111101000100101110110000
11111111111110000010010001011001
11111111111011001101101110011101
11111111111010110111011001001101
11111111111100101111000101011110
00000000000110000011000001110111
11111111111100110100111001000100
11111111111100101110110010110100
11111111110011101010100101010100
11111111111010110011110110001001
00000000000000000100010111010111
11111111111111001101100110010110
00000000001000110110111110001011
11111111111101010000011100000110
00000000001001100001001001001111
11111111111100111011100101011000
00000000000000011000000110000000
11111111110111010100011001111100
11111111111101010100001000110101
00000000000101110000000001100010
00000000000111010000101100001000
11111111111111010110001001001100
11111111111101010100010111000010
00000000010000111000110001111110
00000000000010111010110001110001
11111111110111000000010111000110
00000000000011101000010101101010
00000000000011110010100100000001
11111111110101011000100011001010
00000000010100011110100101011101
00000000000110100011100100101011
00000000000011000100101111010001
00000000000110010001111001110100
00000000000101100110101001000111
11111111111110001001011111011001
11111111111011100110101001001000
11111111111111111010011110010101
00000000001000011001111101110000
00000000000111011111011100100100
11111111111111011101011110110010
11111111111000010110101010010000
11111111111111101110110001111011
11111111111111100010010100001010
00000000000010101110001000000100
11111111111001010010100001111011
00000000000001010110110010001011
00000000000111111000100011000110
00000000001000100110001001010000
11111111111011100111110100010011
00000000000010000011000001011110
00000000001000111001101001010000
00000000000001010010000000001011
00000000000100011000110000101101
11111111110111101101010000110010
00000000000100001111000101110010
11111111111011011001101101100110
11111111110111111100111101101000
00000000001101101011111110011101
00000000001011111100010111001101
00000000001000000110001010001011
00000000000110000010001001011001
11111111111101100000100110001011
00000000000011010001010111010100
11111111110110101101101101100100
00000000000001011001110110000011
00000000000011001011101010001110
11111111110110000110111011010110
11111111111111101000110011111101
00000000000110100101101000111001
11111111111010000100011001010000
00000000000111000101011000010101
00000000001000000101101110100111
00000000000010110011111011000101
11111111111111000000110110011111
11111111110110110100011110110001
11111111111111101001010001011100
11111111111111111100000101001111
00000000000011000101110000101011
00000000000100001111010001000110
00000000000101011101110001001000
00000000000110111110001001001000
00000000000010011100100101000000
11111111111110100000110011100111
00000000000010010101101111101000
00000000000011111001110010011110
00000000000100000100111001110111
00000000000000010110111110100110
00000000001010000011101111011101
11111111111000101100101101010001
11111111110110110010010011001101
11111111111101001010001101010000
00000000001000110101010111011101
00000000000000010010100011101110
11111111110111101101001000111111
00000000000000101101001000100001
00000000000001101011110110111111
11111111111011011100100000010000
00000000000000100001001111000111
00000000001010100001100101111010
00000000000101100100000110110011
11111111110110101101100001001010
00000000000101001011010001010111
11111111111001101110000110000000
00000000001010111001000011100010
00000000000100101111001010111010
11111111111111110100101000111110
00000000000110011100001100101001
00000000001101000010100110111000
00000000000000100010010010111101
11111111101100111001100110110010
00000000000100001110000110110010
