11111111101110110100010001111001
00000000001100101100110001010001
11111111110110001001100111000010
11111111111100101010000101010010
11111111111010110110111110100010
11111111111011000001000001011011
00000000000001001010011001010011
00000000000001011110000011100001
11111111111111000001100111000000
11111111111111001011011110100001
00000000000010100101110011001110
00000000000110011000011110010010
11111111111100000110001011001001
00000000000001000011010000001101
11111111110111000101000100000000
11111111111101110100110010010001
11111111111100000111010110110001
11111111110101111000010111001011
11111111111011011100001101110100
00000000000101011110001010011000
00000000000100111111100011010010
11111111111101001010100100010011
00000000000001101000010001110101
00000000000110001010010001011100
00000000000100111001011100010011
00000000000011100110100111111110
11111111111101010011001011001100
00000000000110101000110101110001
11111111110100110110011000011101
11111111111010101010000100111001
00000000000100000100010111110100
00000000000101000011100111111000
00000000000010010000101010000001
11111111111110011100010000001011
00000000001001100100101010010000
00000000000101000011011110011011
11111111111011101100100111010110
00000000000111010101101101101000
11111111110111001110001101001110
11111111110101001011011100110101
11111111111100111101100100000110
11111111111110010100100101111111
00000000000110011011010110100110
00000000001001010101000111000011
11111111111010000111011000111010
11111111111101111101111101110100
11111111111111010101100010111011
00000000001000111100001000010011
00000000000110111111110011101111
00000000000110101000110101100101
00000000000101000001000111001010
00000000000010000110110010110100
00000000001001111000101101100110
11111111110111100001011101110011
11111111111110011011100000010110
11111111111110111101110111100000
11111111111100010010110110001100
00000000000011010111101010111001
00000000000010101101101011000111
00000000000010101000110000100111
11111111111100001111011000010100
11111111111111101111100100001110
00000000000010101101010001010011
11111111110110011011010010111101
00000000000011110110011101011010
11111111111110100000111111110001
11111111110011011000001110100111
11111111111100110101101100000101
11111111111110001111010111000110
00000000001001110100011101101101
00000000001010110100001010101000
11111111111010110110011000111101
00000000000010001110110010101011
11111111111010011110001110101000
00000000001011100110000000111000
11111111111101000111101000010100
00000000000001110100101010110101
00000000000110001100111010100011
11111111111101100011100011100100
00000000001000101110100111000100
11111111111111100001110010001110
11111111111010110101101101010100
00000000000011010001001110001100
11111111110111110011101010101100
11111111111101110110101100011110
11111111111111001111011111110100
00000000000000011001011011000001
00000000000000101100001010101101
11111111111011000100010011110000
11111111111101011100001110111001
00000000000101011010110100001101
11111111111110101000011110100011
11111111110111101111101011000010
11111111110111100100111001010101
00000000000111000111111100001011
00000000000101000100111010110001
11111111111111000111101111001101
11111111111011110100100111101000
00000000000100010100011111000100
00000000001000011101101001000110
11111111110110010000110000100111
00000000000100001000010011011111
00000000000001001011010001000011
00000000000011101011000011011111
00000000001000000111000011111010
00000000000101000011010000100010
00000000000010110101001100100011
11111111110100000101010111001011
11111111111101110101010100101101
00000000001000101110111010100010
00000000000011011100100110101000
11111111110011101001101010111000
00000000000011000101110011100110
00000000000000100101100010111100
00000000000101011101010011110011
00000000000010111101000010010101
00000000000001101011110101000111
00000000000100110111100101001101
11111111111010010100001001101111
00000000000010001111011001101110
