00000000000010101010100111111001
00000000001000111001000011100001
00000000000011111110010010100001
00000000000011111010100000000000
11111111111001110111100100100100
11111111111000111000011101011001
00000000001100001111010110101100
00000000000100100001011100100001
11111111111010010110110011101100
11111111111101000000101101000110
11111111111101010110100010101111
11111111110100111100011000010011
00000000001010010001111100001001
11111111111001111000011111011011
11111111111010111101001011011011
11111111111110000001110001101011
00000000000111100101100100001110
00000000000101110001100010101010
00000000000011011001000010101110
00000000000010011100000010011100
00000000000100010000100001011011
11111111111111011111111110110101
11111111111101011110101011100110
00000000000111011101100001001101
00000000000110011101010011111100
11111111111001111010100110110011
11111111111011111111111011101110
11111111111011101100010100000000
00000000000101000100001001100111
00000000001010011100010000000010
11111111111101111111000100010001
00000000001000101100101110100011
00000000010010000111111010010100
11111111111101011100000100111111
00000000010011000001111100110000
00000000000100010010110110001010
00000000000000001011111100100100
00000000000011100010001100101010
00000000001010100011000100101001
00000000000010110000010100111000
00000000000101001100011011000110
11111111111000011111110110111001
11111111111110001110111100101000
00000000000001100011011110101100
11111111111010011101101110010000
11111111111010110100101110011111
00000000000100101111101100111110
00000000000001101011001011011011
11111111111110100001100001001011
00000000000100101001000100000110
11111111111010100010011101100010
00000000001000011000101100000101
11111111111011101010011011110100
00000000001011101101000111010100
11111111111110000100001000101000
00000000000111100001100001101000
00000000001011001001001011010110
11111111111101110001011000110011
11111111111100101111100001101111
00000000000010111111110011011011
11111111111111100010101101111010
11111111111001101110100011001011
11111111111101110001110111111100
11111111111110001111100101001111
11111111111101100000001010110111
11111111111110110000010011100100
11111111111010010100010100010011
00000000000100010111100001100101
11111111111010111110001110000100
00000000001000101111001111011100
00000000000001110111001010101010
00000000000001000000000001110001
00000000000111010010011001011000
00000000000001110101001011110111
00000000000000111111010000100000
11111111110101110111110110010111
00000000000100100010100011100001
11111111111111001011010111001110
00000000000010011111011011100111
00000000000101001101011000111001
00000000000101100001110010010000
11111111111101010010001101100010
00000000000100110111011010111000
00000000000010000101001101000100
11111111111011110001100001111100
11111111111110011101110110010000
00000000000001000111101100000010
00000000000110100001110101100000
11111111111001100100110101101110
00000000000000000111111000110001
00000000000101010010011110001010
00000000000101011110000110111101
11111111111111000000001100001011
00000000000100101010000100101100
00000000000100001001010000011001
11111111111011011011001000011001
00000000000110110111100110010110
11111111110101111000001100010101
00000000001001110111011011101010
00000000000111011111110000001100
00000000000111000101111100110101
00000000001000001111011010010101
11111111110100010000100100010111
00000000000100010011100000100111
00000000000100101011100110101100
11111111111011011010101000100100
11111111111010011100100001100011
11111111111000000000111101101111
00000000000000000100000001011110
11111111110011100001100101100010
00000000000001010000110100010010
11111111111011000001101111001001
11111111111001101000101111111111
00000000000000010000000011011010
11111111111010011010011001101011
11111111111011001001111101111011
00000000000000100011011111001110
11111111111010111111010111000111
11111111110011001110001101010111
11111111111100000110100100000111
