11111111111010010111111011000010
00000000001100110100001010001001
00000000000010000000100000111101
00000000000010101001001100101000
00000000000010100001010011100111
11111111110111101110001001011100
00000000001001001000111100110011
00000000000011111001101010010001
00000000000000010010110111111011
11111111111101111100001011011110
00000000000100100001111000010101
11111111111110110000101100110100
00000000000010100101010010111000
11111111111010010101001000111100
00000000000110110010000011000001
11111111111101100101000111111010
11111111111100000100100110111111
00000000000101000110111001010111
00000000000101000000000101101110
00000000001111101110111011110110
00000000000110001100111001111111
11111111111001000010101110100001
00000000000011011101111110010000
11111111110111110011110100100100
11111111111100011001001011111011
11111111111111111101000011011110
11111111111111101001010000100000
00000000000100011100111110100100
00000000000110011101001111110111
00000000001001000001101110111001
11111111111111100111000110000000
11111111111011100001011011101101
00000000001100001001000100111110
00000000000011100110101011111100
00000000001110111010100110010111
11111111110101011100000101011000
11111111111011001000000010100101
00000000000001111111100110111000
00000000000001111011010000000101
11111111111001111011000101100100
11111111110110110101101000101110
11111111111001001110111000111001
00000000000011111101111001101101
00000000000010101011010111010001
11111111111010101011101010101110
11111111111101010010100100110100
00000000000110010110000111100110
00000000000101111000000010000000
00000000000000111011010010100001
11111111111110111101010001101111
00000000000100101001001011000111
00000000001110001101010010010000
11111111110110001100111100111010
00000000000100111011000010100111
00000000000011100100100001111100
00000000001000101000000101111111
00000000001011011010111010101110
00000000000100101101100011010111
11111111111111101110100000000011
11111111110110110100101110110010
11111111111111111110101011111100
00000000000110101011110101111001
00000000000111001000110100010010
00000000000001010111011010001100
11111111111100011001111100111101
00000000000001011011110010110010
11111111111011101011110000100000
00000000000011000110010101011110
11111111111111100001101000111101
00000000001110001010011000011101
11111111110110001111000001111100
11111111110111000110010100111010
00000000000101110100001101101011
00000000000011001000111011000101
11111111111100011010010110111100
11111111111011011100100010001111
11111111110001111110111000001010
11111111111111011110101100010010
11111111111101101111000001001110
00000000000110111101100111101010
00000000000100011010110011000000
00000000000111100000101100010100
11111111111001100000111100111010
11111111111100001110011001011010
00000000000010001101001101110110
11111111111001000100010010101111
11111111111010111100011010010000
00000000000101000100101010110101
11111111111110001111000000101110
00000000001000001011101000000111
11111111111111000011001100011010
00000000000010101011000001001011
00000000000001101101100000011010
11111111111111011101000100011101
00000000000110110111000000010100
11111111110111000110011111011010
00000000000000000111011110000101
11111111111110110001100000000110
00000000000111001000000110100000
00000000001010001011101011011100
00000000010010011001101100111110
00000000001110101011110110111000
11111111110101101111101000110000
00000000000000100000001101011001
00000000001000110110010010011000
11111111111011011100110111100111
11111111111010000111101000111101
11111111111110010010110100001010
11111111111011000100100111100001
11111111111111111110011010111111
11111111110110101000000110101001
11111111110010001011101001000011
00000000000001100101011111010001
00000000000010111110101001100110
00000000000110110111010110001010
11111111111011000110011110111011
00000000000100111110101110010010
00000000000000001110000101000000
00000000000000011101010101011101
00000000000100010110110101000100
