   0    0    0    0    0    0    0    0    0    0    0    0    0    0    0    0    0    0    0    0    0    0    0    0    0    0    0    0 
   0    0    0    0    0    0    0    0    0    0    0    0    0    0    0    0    0    0    0    0    0    0    0    0    0    0    0    0 
   0    0    0    0    0    0    0    0    0    0    0    0    0    0    0    0    0    0    0    0    0    0    0    0    0    0    0    0 
   0    0    0    0    0    0    0    0    0    0    0    0    0    0    0    0    0    0   -5  -20  -13    2   -1    5    1    0    0    0 
   0    0   -5   -9   -3    1    0    2    0    0    0    0    0    0    0    0    0    0  -15  -38   -6    8    8    8    1    0    0    0 
   0    0  -15  -24   -2    5    4    5    0    0    0    0    0    0    0    0    0   -1  -27  -48    9   22   18    8    1    0    0    0 
   0    0  -32  -36   11   12   11    5    0    0    0    0    0    0    0    0    0   -3  -43  -49   20   32   24    9    0    0    0    0 
   0    0  -46  -36   24   23   17    5    0    0    0    0    0    0    0    0    0  -16  -64  -35   36   37   19   -2   -2    0    0    0 
   0   -4  -59  -30   33   30   15    3    0    0    0    0    0    0    0    0    0  -32  -68   -9   45   37   15   -3   -2    0    0    0 
   0  -13  -68  -25   39   33   13    0    0    0    0    0    0    0    0    0   -2  -49  -62   12   54   33    9   -7   -2    0    0    0 
   0  -25  -70  -13   45   34   10   -1    0    0    0    0    0    0    0    0  -14  -65  -53   33   53   27    2   -5    0    0    0    0 
   0  -35  -64    0   52   32   10   -3    0    0    0    0    0   -1   -7  -17  -41  -69  -27   54   50   19   -4   -4    0    0    0    0 
   0  -41  -60   11   49   29    6   -6   -6  -10  -16  -15  -22  -26  -29  -32  -45  -49   10   66   42   14   -7   -2    0    0    0    0 
   0  -42  -56    4   22    1  -19  -29  -27  -30  -30  -23  -22  -14   -9    0  -23  -31   40   60   31    6   -8   -1    0    0    0    0 
   0  -32  -38   -1   10  -11  -23  -28  -14   -9    2   12   11   19   21   18  -32  -24   49   52   20   -1   -8   -1    0    0    0    0 
   0  -18  -22    6   18   10    5    6   18   22   27   28   25   23   22   -2  -50  -23   49   39   15   -4   -3    0    0    0    0    0 
   0   -7  -12    3   11   10   11   15   25   23   23   15   10    7    4  -33  -70  -21   48   32   12   -7   -2    0    0    0    0    0 
   0   -3   -3    0    2   -2   -4   -3    1    1   -1   -5   -9  -10  -10  -50  -67    6   55   31    7   -7    0    0    0    0    0    0 
   0    0   -3    0    2    0   -5   -7   -6   -8   -8   -8   -5   -2    0  -45  -57   18   46   23    2   -5    0    0    0    0    0    0 
   0    0    0    0    0    0    0    0    0    0    0    0    0    0    0  -46  -55   17   42   20    3   -1    0    0    0    0    0    0 
   0    0    0    0    0    0    0    0    0    0    0    0    0    0    0  -46  -55   12   39   23    4    3    0    0    0    0    0    0 
   0    0    0    0    0    0    0    0    0    0    0    0    0    0    0  -46  -55    6   41   26    6    3    0    0    0    0    0    0 
   0    0    0    0    0    0    0    0    0    0    0    0    0    0    0  -41  -51    0   47   26    8    2    0    0    0    0    0    0 
   0    0    0    0    0    0    0    0    0    0    0    0    0    0    0  -28  -30   18   49   24    4   -2    0    0    0    0    0    0 
   0    0    0    0    0    0    0    0    0    0    0    0    0    0    0  -15  -15   19   37   13   -3   -6    0    0    0    0    0    0 
   0    0    0    0    0    0    0    0    0    0    0    0    0    0    0   -6   -5    7   13   -1   -8   -5    0    0    0    0    0    0 
   0    0    0    0    0    0    0    0    0    0    0    0    0    0    0    0    0    0    0    0    0    0    0    0    0    0    0    0 
