   0    0    0    0    0    0    0    0    0    0    0    0    0    0    0    0    0    0    0    0    0    0    0    0    0    0    0    0    0    0    0    0
   0    0    0    0    0    0    0    0    0    0    0    0    0    0    0    0    0    0    0    0    0    0    0    0    0    0    0    0    0    0    0    0
   0    0    0    0    0    0    0    0    0    0    0    0    0    0    0    0    0    0    0    0    0    0    0    0    0    0    0    0    0    0    0    0
   0    0    0    0    0    0    0    0    0    0    0    0    0    0    0    0    0    0    0    0    0    0    0    0    0    0    0    0    0    0    0    0
   0    0    0    0    0    0    0    0    0    0    0    0    0    0    0    0    0    0    0    0    0    0    0    0    0    0    0    0    0    0    0    0
   0    0    0    0    0    0    0    0    0    0    0    0    0    0    0    0    0    0    0    0    0    0    0    0    0    0    0    0    0    0    0    0
   0    0    0    0    0    0    0    0    0    0    0    0    0    0    0    0    0    0    0    0    0    0    0    0    0    0    0    0    0    0    0    0
   0    0    0    0    0    0    0    0    0    0    0    0    0    0    0    0    0    0    0    0    0    0   33  116   19    0    0    0    0    0    0    0
   0    0    0    0    0    0   31   40    0    0    0    0    0    0    0    0    0    0    0    0    0    0   60   90   19    0    0    0    0    0    0    0
   0    0    0    0    0    0   63   81    0    0    0    0    0    0    0    0    0    0    0    0    0    1   76  105   20    0    0    0    0    0    0    0
   0    0    0    0    0    0  110   81    0    0    0    0    0    0    0    0    0    0    0    0    0   13  127   81    0    0    0    0    0    0    0    0
   0    0    0    0    0    0  111   81    0    0    0    0    0    0    0    0    0    0    0    0    0   91  127   62    0    0    0    0    0    0    0    0
   0    0    0    0    0   23  122   81    0    0    0    0    0    0    0    0    0    0    0    0    0   99  127   28    0    0    0    0    0    0    0    0
   0    0    0    0    0   60  127   81    0    0    0    0    0    0    0    0    0    0    0    0   11  115  127   14    0    0    0    0    0    0    0    0
   0    0    0    0    0   79  127   60    0    0    0    0    0    0    0    0    0    0    0    0   81  127  108    8    0    0    0    0    0    0    0    0
   0    0    0    0    0   79  127   33    0    0    0    0    0    0    0    0    0    7   43   89  124  127   45    0    0    0    0    0    0    0    0    0
   0    0    0    0    0   79  127   42    0    0    0   23   24   58   72   75  120  121  117   89  120  126   20    0    0    0    0    0    0    0    0    0
   0    0    0    0    0   75  126  118  103  103  103  126  127  125  120   99   71   45   14    2  116  125    0    0    0    0    0    0    0    0    0    0
   0    0    0    0    0    0   59   88   88   88   88   88   49   28    0    0    0    0    0   51  127  110    0    0    0    0    0    0    0    0    0    0
   0    0    0    0    0    0    0    0    0    0    0    0    0    0    0    0    0    0    0   84  127   68    0    0    0    0    0    0    0    0    0    0
   0    0    0    0    0    0    0    0    0    0    0    0    0    0    0    0    0    0    0   84  127   28    0    0    0    0    0    0    0    0    0    0
   0    0    0    0    0    0    0    0    0    0    0    0    0    0    0    0    0    0    0   84  127   28    0    0    0    0    0    0    0    0    0    0
   0    0    0    0    0    0    0    0    0    0    0    0    0    0    0    0    0    0    0   84  127   47    0    0    0    0    0    0    0    0    0    0
   0    0    0    0    0    0    0    0    0    0    0    0    0    0    0    0    0    0    0   84  127   48    0    0    0    0    0    0    0    0    0    0
   0    0    0    0    0    0    0    0    0    0    0    0    0    0    0    0    0    0    0   84  127   76    0    0    0    0    0    0    0    0    0    0
   0    0    0    0    0    0    0    0    0    0    0    0    0    0    0    0    0    0    0   84  127   76    0    0    0    0    0    0    0    0    0    0
   0    0    0    0    0    0    0    0    0    0    0    0    0    0    0    0    0    0    0   48  127   76    0    0    0    0    0    0    0    0    0    0
   0    0    0    0    0    0    0    0    0    0    0    0    0    0    0    0    0    0    0   48  127   76    0    0    0    0    0    0    0    0    0    0
   0    0    0    0    0    0    0    0    0    0    0    0    0    0    0    0    0    0    0    0    0    0    0    0    0    0    0    0    0    0    0    0
   0    0    0    0    0    0    0    0    0    0    0    0    0    0    0    0    0    0    0    0    0    0    0    0    0    0    0    0    0    0    0    0
   0    0    0    0    0    0    0    0    0    0    0    0    0    0    0    0    0    0    0    0    0    0    0    0    0    0    0    0    0    0    0    0
   0    0    0    0    0    0    0    0    0    0    0    0    0    0    0    0    0    0    0    0    0    0    0    0    0    0    0    0    0    0    0    0

