11111111111010010111100011101100
00000000001010011100101110101010
00000000000010001101110001101100
11111111111010110001100110101111
00000000000111011010111010001000
11111111111000001011111011011111
11111111111111101101111010000101
11111111111001101000101001011010
00000000000011100111001100110011
00000000000110000011110110110111
11111111111111001001111000110110
11111111111101000100000100000111
00000000001111100111001110000000
11111111101010000110101011010000
11111111110111101110110110110011
00000000000010101001110110000110
00000000000100100011110001010101
00000000000111011110010010110100
11111111111110000101110010101000
00000000000011011111010001001111
00000000001110101011000010111010
11111111111010001101110110110110
00000000001100001011100101101011
00000000000011010110100001010011
00000000001010101101101001100110
00000000000111010011010011100011
00000000000100000011011011010101
00000000000011100101110001100011
00000000000000010011110101110001
00000000000011110000000111100010
00000000001101110011101101110010
00000000001000110101010001001000
00000000001001000101000110100000
00000000001010100100001010010011
00000000000010011110101100111010
11111111110110010011100001010110
11111111111111110010110100011001
00000000000000101100010010000010
11111111110000011110101001110100
11111111111110100011100001100001
11111111110101000101001000101001
00000000001100100011011111101011
00000000001110101001010000100101
00000000000011000110100000011101
11111111110100011111111000111100
00000000001101100110001111000110
11111111110111111001110010010010
00000000001100100011010101010111
11111111110001010110010001110110
11111111111101011010010101000100
00000000000100001010010110000110
11111111111111101011000111101110
11111111111111100101101011011001
00000000000110001110100100000111
11111111110111101100100101010100
11111111111000010111000010100100
11111111110011101111001000001100
11111111111010001011110100101110
00000000001000101010111011110100
00000000000011100011011100001100
