00000000001000111110111111100001
11111111111100010011110110101101
11111111111101010010001100010001
00000000000011010000100101000110
00000000000010001011001101001101
00000000001011011000010111111100
11111111111101011011101000011111
00000000000101111000110100001101
11111111111110111010100001000010
11111111111010100110001100010001
11111111111010100011000000110011
00000000000110110001101101011010
11111111110100000100010111100011
00000000010000101110000111001001
11111111101000001010011110111001
00000000001111001011100011111101
11111111111000111000000010100111
00000000001001111011101010011010
00000000000100101110000111001010
00000000000111111000001101110000
00000000000010100111010001100000
00000000001011010000010110101010
00000000000100000000110011000000
11111111111101111101100001000000
11111111111000111000111111010010
00000000000000000010111110011000
11111111111001000111010101011100
00000000000101100011100011001001
11111111111110011100010110011000
11111111111011011100100001000101
00000000010001000011101101011100
11111111111100101001110011010001
00000000001011111100000111111010
00000000000111000100001001010100
11111111110110101011111111011101
11111111110101110100010110001110
00000000001100011001111000010001
11111111110011111100000000001001
11111111111000001101011111001001
11111111101100110011110111000110
00000000000001011010111110011110
00000000010010011010010000111011
11111111110110101101000011001111
00000000001011010100110010100000
00000000000000100100100001011011
11111111111101010110111110110100
11111111111111011001001011010111
00000000001101111100110001100010
00000000001101100000000101001101
00000000000110010101110000100100
11111111111100111001100110010100
00000000000110101011001011111000
00000000000110111101100011011100
00000000000110011100000110011100
00000000001001101001101111010011
00000000000010111011101110000110
00000000000110110010110111111100
00000000000101111110111001011100
11111111111010000101101000101110
00000000000111111010110010000011
