11111111111111100101101110001100
00000000000110000110101100010000
00000000000000101000111001010101
11111111111100101111101001011100
00000000000001000100110110111110
11111111111000000100010110110101
00000000001100010000101001010101
00000000000011111011000110000011
00000000000010000011000001000110
11111111111100011010000110000001
11111111111001011001011010010110
11111111110101101010001010100101
00000000001011101011011110011111
00000000010010111000011101101011
00000000000101101001101000110111
00000000000110000110011000000011
00000000000001001011100110111111
11111111110110010101110011110111
11111111111110010001101101011101
11111111110111110110100011110100
00000000000010110110010000111000
00000000001000011111001010111101
11111111110101110110110010000010
00000000000110000111100000001111
11111111110100000111010011110100
00000000001001001111010011001010
00000000000101011111010001111010
11111111110000110101010100100100
11111111111111101100011101000100
00000000000001000111111000111000
00000000000000100111100100010000
00000000000101100110001100011011
00000000000011000000000100010001
00000000001000011111111000010110
11111111111011011111000101111110
11111111111101001111100100111100
11111111100101010100100001010000
00000000000000110101000011111011
11111111101001111110001110101100
11111111111111011110001010000100
11111111101101111110100110001011
11111111111000011111100100101110
00000000000100100100110101001001
00000000001000000111101001010110
11111111111011110001101000011010
11111111111101100011101100111000
00000000011000110010000111001001
11111111111001011010101101000100
11111111110001010010010010010010
11111111110001001110011110100000
00000000000000101100010000001100
00000000000001011100010010111001
00000000000010100110000101100001
11111111111110001001110010001000
00000000001010100101110110000101
00000000000101100000110000111101
00000000010100011100101001110111
11111111111110000111011111010000
00000000001100011001100011011111
11111111110110000010111011010101
