00000000000100101100001001110010
11111111111000001111000000110001
11111111110101000000000010111000
11111111110100000110111000101010
11111111111111001010100001101010
00000000000101110110010001011010
00000000000101011100100010110011
11111111111010010001001010111001
00000000001100101011001001011011
00000000000000111111110100001110
00000000000100100111110000010011
00000000000010000111001111000001
11111111110111110001000000011001
00000000001000010111011110110010
11111111110100011111111111011001
00000000000100110101010101110010
00000000000110110010001011110111
00000000000100010100110111001000
11111111111111010111111111111100
00000000000110101101110101110000
11111111111000000110000101100000
00000000001011111011010101000000
11111111110011110100110001011101
11111111111111010111111101000100
00000000000010010100011001001111
11111111110111111000011110110011
00000000000110001011011010001101
00000000000010101111011011111110
11111111110100011111000110000101
11111111111000110100001111111100
00000000001010111101101111000111
00000000000101111010111100110010
00000000000001000110101110010011
00000000001001100010011101000011
11111111110010110100001111100100
11111111110110011101001011010111
00000000000000011111101110101111
11111111111011100011001110000011
11111111111101110001000011101011
00000000000010111100000001101110
00000000000100011011000100000101
11111111111110101111100110111011
11111111111111101110101101111111
11111111110101010000011110111011
00000000001100110100111111110000
11111111111111100101110101111000
00000000001101000010111010011010
00000000000010100001001011010011
00000000001010100110100110011010
11111111110110001110101110010100
00000000000101010100100000100101
00000000000101011000110101111101
00000000001010001110111001101000
11111111111001110000110001001111
00000000001101101101101110101100
11111111111101101101101101111010
11111111111101101101001010111001
11111111111110001111110100001111
11111111111101110110110010111101
00000000001010101011001000110111
