11111111111100011101011110100111
00000000001010001100001111110101
00000000000110000100100010011000
11111111111000001000110010000100
00000000000100011011110000111100
11111111101111000100101001001010
11111111111101110100110101011011
00000000000010010100000110010111
00000000000010001101000101001000
00000000000001000000000101100001
00000000000010011101101000111000
00000000001010010101110100001001
00000000001011100001001000011011
00000000001101100101001111111101
00000000000000111011101011001001
00000000000101011110100101111101
00000000001011101001010111111010
11111111111011000110001111110111
00000000001011111110101011000111
00000000001001001100011001000011
11111111111110101100011011001110
00000000001101000101110011101010
00000000000011100000010011110010
00000000001010010100110011001000
00000000000000000011101000111100
00000000001000101011111100100111
11111111110111011100101110111000
00000000001111001111101011111011
00000000000000011011111110101000
11111111111000110111001101000000
00000000001000101000111010110100
11111111111110010100011011111111
00000000000100100110010011001110
00000000001011011011100110011100
00000000000000100101111010110001
11111111111110000011101101110011
11111111110111011110100100011111
11111111111011010101110001100111
00000000000101001111110001011001
00000000001010101011101100101111
11111111111111010001111110110011
11111111110111000001010001000100
00000000000000100111110000010010
11111111110111001111110001101101
11111111110101001000111011000100
00000000000111011101100110110110
11111111111011001100001111000111
11111111110101011001000101101011
00000000000001001100001101000110
11111111111010101100100010110001
11111111111110000100101010101101
11111111111001101100100011001000
00000000001100000011000100011101
11111111111111011100110010010011
11111111111010000000110100110111
00000000000100000010100110110101
00000000000011001010000010000001
00000000000111000000010010110001
11111111110010100110010001001111
00000000001001101111100111111100
