11111111111010100111001001100111
00000000000011100000010101000000
00000000010010110101100110001011
11111111111011100110110100111000
00000000000001110001110111011011
11111111111110110010010000110010
00000000000001100000011001110010
11111111111110101011111111001011
11111111111100101101011101110101
00000000000111110000001000011100
00000000000100010101010100111100
00000000000000011011011110011000
00000000001000010001111010011000
11111111111100000110011110101111
00000000001100100001001001111011
00000000001010100001111110011100
11111111111011111110001011101000
00000000000000100110100000100001
00000000000011010110111110001010
00000000000101100100001011000010
00000000001010011110111100001100
00000000000001010011111001001110
00000000010110011001111111011110
00000000001101011011000101110001
00000000000101111011011110011001
00000000000111100101011111000010
00000000000101101101000000110010
00000000001100100010111010111111
00000000000001010011110001001010
11111111111011001101110101111110
11111111111100101100100101100100
11111111110100101011011110101101
00000000000110111111100010011111
11111111110100011001001011010110
00000000001000000011001110000100
11111111111011101001111110010110
11111111111111110011100101100000
00000000000111100010001011100111
00000000001001111110101101010110
00000000000111111011001000111111
00000000000011000011100010001010
00000000000001110011100100001001
11111111110001100111110100110111
11111111111001011110101110100110
11111111110011111011101110111001
00000000000001010001001011000110
11111111110011101000100110000010
00000000000111111100100110110011
11111111111011000111001100101100
00000000000101100001010011111111
00000000000010011011010011001000
11111111111111101111101010101000
11111111110010111110100000110110
11111111111101100001011100001100
11111111101010100010000100011111
11111111111000001110001010101111
11111111110110111001111111001101
00000000000101101000011100111100
00000000001101001001001100010100
11111111111010000100000110010011
