00000000000110110010111111101000
00000000000000010000111101110100
11111111111001001011110001001111
00000000000111111001001001101100
00000000000010110110011110010110
00000000001100011110010011000010
00000000000110110100000000101011
11111111111101001101100110011110
11111111111010111101000011000110
11111111111111110111111001011011
11111111111001000011010010011010
00000000001100100011110001011001
00000000000010110100101100110011
00000000001000010101101000101011
00000000000111110100110011110001
00000000001011010110010111101110
00000000000101100011110001001010
00000000001001000110011011010101
00000000001111001110010110101101
11111111110111001111100100110101
00000000001010001000100011101011
00000000001010011011101101010000
00000000000100011111101110110001
00000000000001010010010110000010
00000000001111001000000110110100
11111111111110100011100010110000
00000000000100001110111000101110
11111111111001111101010000100000
00000000000100000111101100110100
11111111111010010100110000010101
11111111111110000100101111010111
11111111110000001101100011011011
11111111111100110001001110001011
11111111111001100001111001111001
00000000000101001101110111111001
11111111100101110000010100101100
00000000000000110110111011100100
00000000000000010101100100101110
11111111110110000011010011010100
00000000000001111111010000111100
11111111111000101011101011000100
11111111111001101101011010101011
00000000001011000101000101010000
00000000001000010111101110000011
00000000010100011110011100000011
11111111111110110001111011011100
00000000001010000110010001010011
00000000000001001101100000111000
00000000010000001101010000011110
00000000000110101101100100110101
00000000001101100011000101110001
00000000001000110101010111001010
00000000000111100100001000110110
00000000001001110010000100001010
00000000001111001010001001110001
11111111111111011010011011110111
00000000010010101011100000010001
00000000001001110001000111010011
11111111111100110100011010111010
00000000000011011000101000011111
