11111111111000111010111111001110
11111111111000010000101110001000
11111111111000110010110110100010
11111111110111111010011101011001
00000000000101110110101111101100
11111111111010001000011000101110
11111111111001011011011100111011
11111111111010011001001110011011
11111111111000110101101100110100
11111111110100001011111000100000
00000000000111010101011001100100
11111111111010010110110010000001
11111111110110010011010011101110
00000000001001000010000100000001
00000000000100001000010100001101
11111111111000101101101011101001
11111111110111100000010100000111
11111111110010111010110100011111
11111111111110100111011100101101
00000000000010111001101001000100
00000000000000001011001000010000
00000000001000000000101101000000
00000000000011001011111101100010
11111111111010110111010011111101
00000000000010001101010101011010
11111111110001111110001111001110
00000000000011111100100010001011
11111111110101100001111010110101
11111111110010111000011010110110
11111111111010000110011000111001
00000000000011010001000011111111
11111111111111110001010000011011
11111111111111010111011010001100
11111111110000010100001010000001
11111111110101101101100000101101
11111111111111111011101110000101
00000000000010101101100100001100
00000000000100000001111010011101
11111111111000010011110101001111
00000000000011011000011100110010
00000000000010101110101110111101
11111111111000111111001000111111
11111111110100111010100110010011
11111111110110011100011111100000
00000000000000010101110110101001
11111111110111100101010110101000
11111111111110100010100100101000
11111111111000010000100100100000
00000000000010010000111100001001
11111111111001110111110001100001
00000000000001001000100011010110
11111111111000111010001000111100
11111111111111000000111011110101
11111111111111101100100101111010
11111111110001001100111000101000
11111111111100011011010100001101
11111111111001101100111110000110
11111111111010111101011111100000
00000000000000011100000100111111
11111111111011111110110011011001
