11111111111010011011100101101011
00000000000111000100011111000000
11111111110010001111100011100101
11111111111000100011011110111001
00000000000010100110000010100111
11111111101111001011000101101110
00000000000011111000110011101101
11111111110111011100100110000010
00000000001100000101100010011101
11111111111110100101001111001100
11111111111110111101011110001101
00000000000001000011011001010011
00000000000101100001010111111001
00000000001011011100110110100010
11111111111101100011111101001100
11111111111111110100110000111000
11111111111111101100101100000110
11111111111011100111101111110100
11111111111101111100001111111001
11111111111110000010101101011010
00000000001100010101000010001010
11111111111000110110100001000101
11111111101011101001110011111010
00000000001000111010111000011000
11111111111100001000010100010000
11111111111000101010101010110011
00000000000010000111010010100101
11111111110010001001000000010101
00000000000100101001000001000111
00000000000000111100101000011111
11111111111010001101101011111000
00000000000110110110000111100000
11111111110010111010010110101101
11111111111101110111110010010101
11111111111101011001100100010001
00000000000001010110010100100111
11111111101100111111101111100110
11111111111011010110110000001000
00000000000011011101001010100000
11111111111010100000001111000101
11111111110100100011000101011001
11111111110100110110101111111000
00000000001100000000111101000001
11111111111000111000101111010110
11111111110100110100111010001111
00000000000111001011100111110001
00000000010000000100101011100001
11111111111101101011011101001000
00000000000011011111111110001011
00000000000101000110100111111100
11111111110110011011101110011010
11111111111011101100001101001110
00000000001001100110101000111011
00000000001011101111110100111101
00000000000111100011010001001010
11111111111010001010111010111100
00000000000111001011011011000000
00000000000011110000001000110110
00000000000011111100000011101000
00000000000000000011010100111001
