11111111111011001000011110100101
00000000000110000101000111010001
00000000000010010110110100110100
11111111101101001110000010001001
00000000000100111111010010110101
00000000001011110110000110101111
00000000000111011001111011010110
00000000000001100000111010111000
11111111111101010000000001010100
11111111111101011011001101110011
11111111111011000000101101100000
11111111110110010101100011110110
00000000001011101111011001000110
00000000001010010010110011001000
00000000001011110000011011100100
00000000000101110101010001011110
00000000000110011000110111001111
11111111110100001101110000100001
00000000000100100100100101111010
00000000000110011010010100111001
00000000001010100010011010001001
00000000001010000111001110101101
00000000001011000001000001111000
11111111111100110000110101000001
00000000001001111001010000111000
11111111110111000011010011101010
11111111111010111111111000001100
00000000000001110110000101011100
00000000000101010011100101101111
11111111101100111111000110100011
00000000001011110101110011111011
11111111110100000010101110001100
11111111111100001011101000110000
11111111111000100100111010111011
11111111110100101110101000001001
00000000000000101111110000101110
11111111111000110000010001011011
11111111110110111100000110101010
00000000000011000110100011001000
00000000000101011010010110011010
00000000010101010101001011000100
11111111111101111001100011110011
11111111110000001011100000101011
11111111111100010011000011001100
00000000010100001011100101001001
11111111111110001100001001110100
00000000010110001101001000111101
00000000000101010000110001000100
00000000001011100000001010111000
11111111111000000010000011010101
11111111111101001111100001110011
11111111111010111101001010011111
11111111110011110101111101100000
11111111101011011010100011100011
11111111110111110011010011110110
00000000000010000010100111111000
00000000001000101101010110111110
00000000000000100011100010100110
00000000001111010011101111111100
11111111111110110010011110000001
