00000000000011101001010111100000
11111111110110001110011001110101
00000000000101011101101010110010
00000000000110010011101001011010
11111111110111100100111101001111
00000000000001011001111101100111
00000000001001100001010001011010
11111111111101010010010010111001
00000000001000011001100101010001
00000000001001111000011001011111
00000000000000101000111110111011
11111111111010110001101011000001
00000000000000001000111011000010
11111111111100011100101111100011
00000000001010100110111101011101
11111111110110111101101111010100
11111111111100001110001010011111
11111111111001001011111110000111
00000000000111101111001101010111
00000000001000010100110010001111
11111111111110101001011110011111
11111111111000010101100110001101
11111111111110111000111010100001
11111111110111100110010010100100
00000000000101010000010000111000
00000000001010000001000001010101
00000000000110110100100110010100
11111111110100110101101100011010
11111111111010101101000011011100
11111111111111101110100100111001
00000000001011000010011111001011
00000000000001000010100000100100
11111111110100110010100100110010
11111111111110000000010001111011
00000000000011100011010010110001
00000000001010101111011101110011
00000000000011011010100011001000
11111111111111110011110111010111
00000000000100010001101111101001
00000000010100100000110001110011
00000000011001100001011110111011
11111111111110000000100011001100
00000000001001110010111011100011
00000000000010000100000100111010
11111111111010010010000000001011
11111111111011010110000001111101
11111111111101101001110111000111
00000000001001001010001110011001
11111111111110010000010011000010
11111111111000100111001110110011
11111111111011110011101101011001
11111111111010100011000000010000
00000000000100000101000110110011
11111111111001001101101010000100
00000000001000110100010011101111
11111111111000011101110111110001
11111111111011000110001010111110
00000000000111011000101000000000
00000000001001111111001110111010
00000000000000010100101010001110
