11111111111101010011011001100110
00000000000000000011101010101101
11111111111011110010111101100010
11111111101111110010010111001001
00000000000100100100000100010101
11111111111111010100000111100001
00000000001001100001100010011111
11111111111100000100011110110111
00000000001001001100000010000010
11111111111010000111101001101010
11111111111100001011001100011000
11111111111001011010110111001101
00000000000010111011101111111000
11111111111010010110100101010001
11111111110111111110111000000010
11111111111011101110001011111011
00000000000000011001111110001001
00000000000001101100111100111100
11111111110111011101100100010100
11111111111110101011100101000101
00000000000011011100100001101101
00000000000001011101110010101001
11111111111010110101111111000010
00000000000101110100010111101011
00000000000110000011010011001011
00000000001001111110001111101110
11111111111100001001000110100111
00000000001111010000000101000010
00000000000011000110001100001100
11111111111001010010000101111101
00000000000010010111111001001001
00000000000111111000100010111100
00000000001110010001110010001011
11111111111100010001011001010000
00000000000111000010101110011000
00000000010001010101101011111000
11111111110101011101110001000010
11111111111110010110001011010001
11111111110001010010110000101000
11111111110001000101111100111000
11111111101101011010000001111101
00000000001001100011110001011010
00000000001001001001100011000111
00000000000101011101111010010000
11111111110111110101110111100101
11111111111111110100000001101100
11111111111110001011110010100100
11111111111100101011000110100101
11111111110010111100101011110001
11111111111100000101110100011010
00000000001000111010011011001000
00000000000011011100010011101011
00000000000001100100100111000010
00000000000010110111010101100110
11111111111101010111001100011100
11111111110110010100111011010111
11111111111011000001110100000101
11111111111000001111111000100111
00000000000110110011000011110011
00000000000110100000111110010110
