11111111111101011101001011001110
00000000001010001000010001001111
00000000001010000100101111000111
00000000010000100110011010010101
11111111111110010110010111101110
00000000010011001001001110110000
11111111111000011111111100110101
00000000000101000011001101110000
11111111111000111011111001101111
11111111111000101011010110000101
00000000000010101010111101111010
00000000000010111111000100100000
11111111111110011111010101010011
11111111111010110111001101001101
00000000000000001000001111011100
00000000001100100110100011111011
00000000000001100001110010101000
11111111111100111110111001110010
00000000010011001000111010001001
00000000000100101111101110011111
00000000001101010100000111111001
00000000000110100011101110101001
00000000001000010110001011111010
00000000010000000001000011101101
11111111111110110110110011000011
00000000000101100110110000100000
00000000000001101010000010110111
11111111111001111000110100000000
00000000010000110101100101011111
11111111111101100100010101100000
00000000001011101000011001000110
11111111101001101001011111001000
11111111111100001010011011101000
11111111110111110001101101000110
00000000001110001111011101001110
11111111101011001110101000101010
00000000000110000100110110111001
00000000000111110001100011001100
11111111111011011111111001110001
00000000001001100100011100000111
00000000000100000100110001110010
00000000001000000110101001110000
11111111111111111000110111011100
00000000000110000111100001101111
00000000000101100100100011001010
11111111111011100000101110110101
11111111110011010000100000011010
00000000001011011100111111000111
00000000000000110101110010000011
11111111111000001011100101001001
00000000001100101000011001000100
11111111111111100011011100001011
11111111111000111001101011101110
00000000001000000110001010010100
00000000000111000011111000010010
00000000000001000110111110010001
00000000001001111110111010010001
00000000000011110011111111001010
00000000000011010111000100110010
11111111110100010101011000011110
