11111111111101010010001110010011
00000000001011010010100101111110
11111111110111110101100011111011
11111111111110111101100010001000
00000000001000010001110110010101
11111111111010000101100001000100
11111111111110101010101001011011
11111111111010111001110101111101
00000000000100111000011011000010
00000000001110110000000110101101
11111111111001000110001010100010
00000000001000001101001101011011
00000000000100101110100110011001
00000000000100001000001110111000
00000000000001001100000011111000
00000000000101110011100001011100
00000000001000101100001001011111
11111111110110010001100100011011
11111111110111010100100111001011
11111111111111010000100000101000
11111111111101110000100000101011
00000000000000011001010101101100
00000000001001110010110010001101
00000000000100000011110011010110
00000000000001101111000110101111
11111111111101100110101001111110
11111111111010000010011000010100
00000000000000001010111110011011
00000000000100000010010110110011
00000000000111111000111000100000
00000000000111011011010100101100
00000000000010111100110101000100
11111111111001011001110100110001
11111111110110101001011100010001
11111111111110110001010001001010
00000000000100101011101110010001
00000000000110000010001101100010
00000000001000011000011101000101
00000000000110111010111001101001
00000000001010000101001100100111
11111111111101110100011011111011
00000000001011101100101010110111
00000000001011010111000011010111
00000000001001010111101110011010
00000000000011101101011110010111
00000000001011100011010001101101
11111111111000101010100111001110
00000000000101011111011010011010
