11111111111010010111100011101100
00000000001010011100101110101010
00000000000010001101110001101100
11111111111010110001100110101111
00000000000111011010111010001000
11111111111000001011111011011111
11111111111111101101111010000101
11111111111001101000101001011010
00000000000011100111001100110011
00000000000110000011110110110111
11111111111111001001111000110110
11111111111101000100000100000111
00000000001111100111001110000000
11111111101010000110101011010000
11111111110111101110110110110011
00000000000010101001110110000110
00000000000100100011110001010101
00000000000111011110010010110100
11111111111110000101110010101000
00000000000011011111010001001111
00000000001110101011000010111010
11111111111010001101110110110110
00000000001100001011100101101011
00000000000011010110100001010011
00000000001010101101101001100110
00000000000111010011010011100011
00000000000100000011011011010101
00000000000011100101110001100011
00000000000000010011110101110001
00000000000011110000000111100010
00000000001101110011101101110010
00000000001000110101010001001000
00000000001001000101000110100000
00000000001010100100001010010011
00000000000010011110101100111010
11111111110110010011100001010110
11111111111111110010110100011001
00000000000000101100010010000010
11111111110000011110101001110100
11111111111110100011100001100001
11111111110101000101001000101001
00000000001100100011011111101011
00000000001110101001010000100101
00000000000011000110100000011101
11111111110100011111111000111100
00000000001101100110001111000110
11111111110111111001110010010010
00000000001100100011010101010111
11111111110001010110010001110110
11111111111101011010010101000100
00000000000100001010010110000110
11111111111111101011000111101110
11111111111111100101101011011001
00000000000110001110100100000111
11111111110111101100100101010100
11111111111000010111000010100100
11111111110011101111001000001100
11111111111010001011110100101110
00000000001000101010111011110100
00000000000011100011011100001100
11111111111101010101110100001011
00000000000101101011101000101011
11111111111110011111000010011100
00000000000010110000010110010101
11111111111100001111110000100110
11111111101010000011101100110100
00000000000111101010001000111001
00000000000110000101011111100101
11111111111000101110101001011000
00000000000111001001010010000101
11111111111001101011101011001101
11111111110000111001000110101101
11111111110110101100110000100011
11111111111110011101011000101001
00000000001001111111101110010010
11111111110000011110010000011101
00000000001111000110111100110100
11111111111100010100010101110001
11111111100011001001000010011000
11111111111101110111101010000110
11111111101100010101100011000001
00000000001001100110111011110000
00000000000011111111101110001011
11111111111011101101110000010001
11111111101001001101011001101000
00000000000110101001000001110110
11111111111010100000110000110010
00000000001101010001110010010011
00000000000001100001010010010000
00000000000100110110111110011110
11111111101101000001110101011001
00000000010101000100101101110000
11111111111111101100100100010001
00000000000000111000110111001111
00000000001110000001011011010110
00000000001111010111100010001001
11111111111010100101110101001010
11111111111100100110001101101100
00000000001101100010111101100011
11111111110101010011101110011101
00000000010011100010101000011101
00000000000110110110000010110011
11111111111110100101111001000101
11111111111001110110101100000011
11111111111001100001011000001101
00000000001000000011110100011011
11111111111101000001011001010111
00000000000001011001100100101110
00000000000111101011111100011000
00000000001101101111001001101010
11111111111011001101111011001110
00000000000100001101110111100000
11111111110101111000010010011100
11111111111111100000110011111001
11111111111111001010101011000001
11111111111111110011001011101011
00000000001000001000011011101101
00000000001001000101011000110010
11111111111001000001011111110110
00000000000110000100000111110101
00000000000110010011110110100111
11111111111100100110010011110100
11111111111101000010001010101010
11111111111111111010010000111110
11111111111110001100110011101000
00000000000010110011111011110111
11111111111001011001111000111111
00000000000000100111110001010010
11111111111001100000011000011000
00000000000011111010000111100001
00000000000011011001110110000001
11111111111011110011011000010011
11111111111101110111101011111101
11111111111011101000101000011101
11111111111111101000000110010101
00000000000000101000010100101011
00000000000010110011100010001011
00000000000001011010001101110100
11111111111110101110001101001000
00000000000001100100110000011100
11111111111010100101110100111111
11111111111011000000110011100010
11111111111100010111111001100010
00000000000000001111101101010101
11111111110110101011001101000000
00000000000010001100000011011000
11111111111111000001100111100111
00000000000010000100110010110110
11111111111010001100010100010001
11111111111101000000101110100001
11111111111101011110111110111010
11111111111010110100000111101010
11111111111000001111011001000010
11111111111011101000110101100001
11111111111100000001001001000011
11111111111100011111001010011101
11111111110110110111110000010001
11111111111101110110110100001001
11111111111111001101000010010000
00000000000000011001101011001011
00000000000110001010100100100011
11111111110111111011111010111001
00000000000101010111010010010111
11111111111111110111011111000011
11111111111011101000001010101110
00000000000110101000101001011101
11111111111110011000000100011110
00000000000001100111100100110001
11111111111001011101110111111100
11111111111011011011001111101000
00000000000010101000000010100010
11111111111100011101010011010100
11111111110111010011001111001110
11111111111101111100110001111010
11111111111111000110000100111111
00000000000001100001011111000110
11111111111000110000111010011001
00000000000001101010101011101111
11111111111100001011010111000001
11111111111100011110101001100000
11111111111100111010111111110101
11111111111000110111011110001001
11111111110000101110111110100001
00000000001100000000110000011101
11111111111001000000101011010011
00000000001000111000100001011100
11111111111001100000100010111000
11111111111111010110100110100101
11111111111010100111010100010001
11111111111101000000101011111111
00000000000000001111100000100101
00000000000100010101100011011110
11111111110011001011001011010001
00000000000100100101100011100010
11111111110001111110100100100001
11111111111111100000101100100010
11111111111101000011100010011101
00000000001000100100111000101011
00000000000001001011110110000011
11111111111111001011100100101110
11111111110111111110011000111101
00000000000010110000011111110110
11111111101001101001100001010000
11111111111011100101010101110000
11111111111111101001100011101101
00000000000001101001100011011001
11111111111110000001001100001001
11111111101111100000000011101101
00000000000010101111111010111010
00000000001000111111001111000111
00000000001001101101100100011110
00000000000001101101111011010010
00000000000010101100011000111110
11111111111111101110010010110100
00000000000001000001000101001011
11111111101010100110001010100111
00000000010010000110110101101111
11111111110110110101101010111001
00000000000011000100101011010110
11111111101111010000010011111001
11111111111101010010100001100110
00000000000101100110110010011111
11111111111001010011110100100000
00000000001000011111110001111011
00000000010011101000011001101011
11111111110000011111111011001010
11111111110010101111111001000101
00000000000011011011110110001000
00000000001110110101000111001111
00000000000101111100011111100111
00000000000001101101100110111110
11111111111011101111000011100011
00000000000010101110001000100111
00000000001011101110000111010010
00000000000001011000101011011110
11111111111110101100001100110010
00000000000101011110001011000111
11111111111001101001011000000000
11111111111000101101101011010110
11111111110111101101000100100111
00000000000011101001010111100000
11111111110110001110011001110101
00000000000101011101101010110010
00000000000110010011101001011010
11111111110111100100111101001111
00000000000001011001111101100111
00000000001001100001010001011010
11111111111101010010010010111001
00000000001000011001100101010001
00000000001001111000011001011111
00000000000000101000111110111011
11111111111010110001101011000001
00000000000000001000111011000010
11111111111100011100101111100011
00000000001010100110111101011101
11111111110110111101101111010100
11111111111100001110001010011111
11111111111001001011111110000111
00000000000111101111001101010111
00000000001000010100110010001111
11111111111110101001011110011111
11111111111000010101100110001101
11111111111110111000111010100001
11111111110111100110010010100100
00000000000101010000010000111000
00000000001010000001000001010101
00000000000110110100100110010100
11111111110100110101101100011010
11111111111010101101000011011100
11111111111111101110100100111001
00000000001011000010011111001011
00000000000001000010100000100100
11111111110100110010100100110010
11111111111110000000010001111011
00000000000011100011010010110001
00000000001010101111011101110011
00000000000011011010100011001000
11111111111111110011110111010111
00000000000100010001101111101001
00000000010100100000110001110011
00000000011001100001011110111011
11111111111110000000100011001100
00000000001001110010111011100011
00000000000010000100000100111010
11111111111010010010000000001011
11111111111011010110000001111101
11111111111101101001110111000111
00000000001001001010001110011001
11111111111110010000010011000010
11111111111000100111001110110011
11111111111011110011101101011001
11111111111010100011000000010000
00000000000100000101000110110011
11111111111001001101101010000100
00000000001000110100010011101111
11111111111000011101110111110001
11111111111011000110001010111110
00000000000111011000101000000000
00000000001001111111001110111010
00000000000000010100101010001110
11111111111000010000110101100010
11111111111111101011010100101001
00000000000010011100011000000011
11111111110110010011010111011000
11111111111000001010010100011101
00000000001010010010101101001101
00000000000101111110010010111011
00000000000101011111100110000011
00000000000011011001111101101011
11111111111000010110101111101111
00000000000001011001011111010011
11111111111101100010101001110010
00000000000110111101101110000110
11111111111010100010011011110110
00000000000001110110010010110000
00000000000011101011000101111000
11111111110100101010100101001111
00000000000100000011110001100000
11111111111000011010111111000000
00000000000110011001101111011000
00000000000010101011101101001000
11111111111001101010001100000011
11111111111101110001101100001100
11111111111010001110111001011010
00000000001100100111101001000100
00000000000001101110001000100011
00000000000111101010001001011110
00000000001101011111011110011101
00000000000001100000000111101001
11111111111111100111011110011100
00000000001100011111011111101011
00000000001110111111111010101011
00000000001111010000101111010001
00000000000111011101000000101001
11111111111101100011111111111111
00000000001100010000110010111011
00000000000100010101111111101000
00000000001000101000011000100111
11111111101000101001011100111011
11111111111000111100101110001010
11111111111101000010101110100110
00000000001010111001100111000111
00000000000010011101001010001001
00000000000010010101011101111001
11111111111011000111001001010010
00000000000101010100000110101111
00000000000000010100111010010111
11111111111001000010110010111101
11111111110110101100010010100111
11111111111010011111011001111000
00000000001001100011101000011110
11111111111011000111000100011011
11111111111110000101100010110001
00000000000000101101011011011000
00000000000001110100110101100110
00000000000101110001101001000001
11111111111011000010101010001100
00000000000000000101010111000001
00000000001110111010000110101001
11111111111110010000011101000000
11111111111110110011100110011110
00000000000110101101100111110100
00000000000100000010001001000011
11111111111011110000001010011011
00000000000111111100000010011010
00000000001101001001111001100100
11111111111011110110110110100000
11111111111000101111100001011000
00000000000000101111011001011111
11111111111010111110111011101100
11111111111111001000111111011010
00000000001011011000110000100011
11111111111011011101001011001100
00000000000110000100010111010010
11111111101100010100100110100110
00000000001110000101000110001011
00000000001001111110100101000110
00000000000011111110100111101100
00000000010000111010110100100001
11111111111110011011001000110100
00000000001000110010010101110100
00000000000010111011010110100011
00000000000111100100100001110101
00000000001011001110100110111001
00000000000101011010110101100011
11111111111001111101101001010010
11111111111110010000110111010111
00000000010010001101011001100011
11111111101010100001101110110001
11111111110100111001010101010110
00000000010001010110111010000101
00000000000011000110110101001101
00000000000010011100100111111001
11111111111100011000010000010000
11111111110110000010010001011011
11111111101000111111100110101010
00000000010010111111110011000100
11111111110011101010000100110101
11111111111001101010011001111110
00000000000001001010001010110001
11111111111101101110010010110111
00000000010111110011001111111010
00000000000001000111010011101110
11111111111010101100010001100011
11111111110001101100100001111101
00000000000011110001000110100011
11111111110011001101100001010100
00000000000011000110100010001000
00000000000000100010000110001001
11111111111011001000000011011101
00000000000011001001001110110100
00000000000111000100001011110000
11111111111111011100010110110100
11111111110111111100111010010011
11111111110101001000001001110000
11111111111001111110100000011001
00000000001001000101100100101011
11111111111000011100100101011010
00000000000111100010100001100000
11111111111001001111101101001111
11111111111101010011011001100110
00000000000000000011101010101101
11111111111011110010111101100010
11111111101111110010010111001001
00000000000100100100000100010101
11111111111111010100000111100001
00000000001001100001100010011111
11111111111100000100011110110111
00000000001001001100000010000010
11111111111010000111101001101010
11111111111100001011001100011000
11111111111001011010110111001101
00000000000010111011101111111000
11111111111010010110100101010001
11111111110111111110111000000010
11111111111011101110001011111011
00000000000000011001111110001001
00000000000001101100111100111100
11111111110111011101100100010100
11111111111110101011100101000101
00000000000011011100100001101101
00000000000001011101110010101001
11111111111010110101111111000010
00000000000101110100010111101011
00000000000110000011010011001011
00000000001001111110001111101110
11111111111100001001000110100111
00000000001111010000000101000010
00000000000011000110001100001100
11111111111001010010000101111101
00000000000010010111111001001001
00000000000111111000100010111100
00000000001110010001110010001011
11111111111100010001011001010000
00000000000111000010101110011000
00000000010001010101101011111000
11111111110101011101110001000010
11111111111110010110001011010001
11111111110001010010110000101000
11111111110001000101111100111000
11111111101101011010000001111101
00000000001001100011110001011010
00000000001001001001100011000111
00000000000101011101111010010000
11111111110111110101110111100101
11111111111111110100000001101100
11111111111110001011110010100100
11111111111100101011000110100101
11111111110010111100101011110001
11111111111100000101110100011010
00000000001000111010011011001000
00000000000011011100010011101011
00000000000001100100100111000010
00000000000010110111010101100110
11111111111101010111001100011100
11111111110110010100111011010111
11111111111011000001110100000101
11111111111000001111111000100111
00000000000110110011000011110011
00000000000110100000111110010110
11111111111101011101001011001110
00000000001010001000010001001111
00000000001010000100101111000111
00000000010000100110011010010101
11111111111110010110010111101110
00000000010011001001001110110000
11111111111000011111111100110101
00000000000101000011001101110000
11111111111000111011111001101111
11111111111000101011010110000101
00000000000010101010111101111010
00000000000010111111000100100000
11111111111110011111010101010011
11111111111010110111001101001101
00000000000000001000001111011100
00000000001100100110100011111011
00000000000001100001110010101000
11111111111100111110111001110010
00000000010011001000111010001001
00000000000100101111101110011111
00000000001101010100000111111001
00000000000110100011101110101001
00000000001000010110001011111010
00000000010000000001000011101101
11111111111110110110110011000011
00000000000101100110110000100000
00000000000001101010000010110111
11111111111001111000110100000000
00000000010000110101100101011111
11111111111101100100010101100000
00000000001011101000011001000110
11111111101001101001011111001000
11111111111100001010011011101000
11111111110111110001101101000110
00000000001110001111011101001110
11111111101011001110101000101010
00000000000110000100110110111001
00000000000111110001100011001100
11111111111011011111111001110001
00000000001001100100011100000111
00000000000100000100110001110010
00000000001000000110101001110000
11111111111111111000110111011100
00000000000110000111100001101111
00000000000101100100100011001010
11111111111011100000101110110101
11111111110011010000100000011010
00000000001011011100111111000111
00000000000000110101110010000011
11111111111000001011100101001001
00000000001100101000011001000100
11111111111111100011011100001011
11111111111000111001101011101110
00000000001000000110001010010100
00000000000111000011111000010010
00000000000001000110111110010001
00000000001001111110111010010001
00000000000011110011111111001010
00000000000011010111000100110010
11111111110100010101011000011110
00000000000101101111010100011010
00000000000001011000110111001001
00000000010001010101111000011101
11111111111110000110000010011111
11111111110111000011101000010010
00000000000000110001001011001100
00000000001111101001010111000111
00000000000011111010011010111010
11111111111111101110100101100000
11111111111101101011100110101010
11111111111000111010111011001110
00000000001001000100110101001111
00000000000111000010001110000000
00000000001001110011001000010000
00000000001100011100010011000000
00000000000010110010101100101100
11111111111011100000001111110000
00000000001011001000111111011111
11111111111101111111101110110100
00000000000001101110010011101101
11111111111100011100011100010101
00000000001011010000100101110111
11111111111111111101101101011011
11111111111000001101001110101001
00000000001000101001001111100001
00000000000000001010011000001010
00000000000101100010101000000010
11111111111111101110100011000010
00000000000101100001010100010101
00000000001001101110100100010110
11111111110001100011101111011010
11111111111010100011111010100011
11111111111100010011001101000110
00000000000110110010010011000000
11111111111110101001010111001001
00000000011101000100100011001100
11111111111001100110001000111101
00000000001100001110001110000000
00000000000100000001011100110100
00000000001100111100010100011100
11111111101111111100110110111110
11111111111000001001000010110011
00000000001000100100010100111000
11111111111000100100000101001000
00000000001101111010101001110000
11111111111100010111000110101001
00000000000010011101100001111111
11111111111110011011101100110000
11111111111011001101011100111011
00000000000111011101100111111011
11111111111011011010000001010111
11111111111100010110101000010001
00000000001011000111110001010110
00000000000010001100101110110010
11111111110100110101101100111110
00000000000010110000011111011101
11111111111001100110010011110001
00000000000111101011111101000100
00000000000000000111001111010111
11111111111110101010001110101111
00000000000011010100111010000101
11111111111111101011000011001000
11111111111110100010110111100010
11111111110111111101111001111110
00000000000011110000011010110110
11111111111000010101101101110010
00000000000011001001111000000000
00000000000100001000010101000101
11111111111111010001010101100010
11111111111111000111101100010101
11111111111011001100111111011100
11111111110110010000000100110010
11111111111001001010010010111011
11111111111100100100000001101110
00000000000110001000010010101000
11111111111001100110001100111010
00000000000000100001000110010100
11111111111001010111101010111101
11111111111010001011101010001100
11111111111111001100101101000100
00000000000001111100101001001111
00000000000011010110001011010111
00000000000000010100111100000001
00000000000010100001000110000001
11111111111110010110111100011110
11111111110100101100010110111000
00000000000010111001111010000101
11111111111110011011011100110011
00000000000001010110111010101101
11111111111100000000101100110101
11111111110111101011000001000100
11111111111011001001010011001010
11111111111111111101111010100110
11111111111011000111010000101001
11111111111100010100010001101101
00000000000000111100100011010111
00000000000011001000011111000111
11111111111011111101101001111010
11111111110111010000101001011001
11111111111011101101111011110100
11111111111000000001001011000111
00000000000000011001001110100000
11111111110101001100001111101010
00000000000001001110101100010011
11111111111010010100011100000011
11111111111010001011110100001011
00000000000100100000001100010110
11111111111100101011111111101001
11111111111001011100010100000101
00000000000001000101000100110000
11111111110011001111000111000101
00000000000100101011011110000011
00000000000011011110100001111100
11111111111011011101110110111110
11111111110111101001010011100001
00000000000101111110110101010111
11111111111000100100010111110001
00000000000100011101001110010110
11111111111110110111110001001111
11111111110111011101001110001110
11111111111111100011111111011010
11111111111010000101110110000101
11111111111111001001011000000110
00000000000010000110001101100011
11111111111110110001100010000101
00000000000101101100011011110101
11111111111001000110001110110010
11111111111001000001101000010100
00000000000111111000010111010110
00000000000011010001010100010010
00000000000101001001111011100111
11111111111111000101010110011110
00000000000000001111000001000011
11111111110110101000100110010110
00000000010011100001011110000001
11111111111001000101100000111011
11111111110110011010110011000101
00000000001000001100101000010000
00000000001011110100010100100011
00000000000010101101101101011001
00000000000100101010001001111101
00000000000111011111111101101101
00000000000001011101100101011011
11111111111010011110100011001111
00000000001101111110100010111100
00000000000000001000110110111110
11111111111111100110100110110000
11111111101101111100010001011100
11111111111100110001110110001100
00000000001100101111111001101101
11111111101010000101001101001011
11111111101000011100010111110011
11111111110100101101001110111010
11111111111010000011001001110010
00000000000010011000100011011101
00000000000010011000011100011010
00000000000010110111000111011010
00000000000111011111110011000000
00000000000100010011110111110001
00000000001111011111101101100010
11111111111001011011000001101101
11111111101111100011100000001111
11111111111001111101110010101110
00000000000101100011001010110010
00000000010001000000100110001110
11111111111001100101110101101110
11111111111100100010000101011001
00000000000111001011110000001100
00000000000111000110010101011010
00000000000100011001100001101001
00000000001000110001011010101110
00000000000000010000001010110000
00000000000111101111100110010011
00000000000101011110011001001110
11111111111011011110011010011100
11111111111010101001010111011100
11111111110101101000101000100100
11111111111110000101000101001000
11111111111100100111010011110111
11111111111001100110110111111110
00000000000100101100001001110010
11111111111000001111000000110001
11111111110101000000000010111000
11111111110100000110111000101010
11111111111111001010100001101010
00000000000101110110010001011010
00000000000101011100100010110011
11111111111010010001001010111001
00000000001100101011001001011011
00000000000000111111110100001110
00000000000100100111110000010011
00000000000010000111001111000001
11111111110111110001000000011001
00000000001000010111011110110010
11111111110100011111111111011001
00000000000100110101010101110010
00000000000110110010001011110111
00000000000100010100110111001000
11111111111111010111111111111100
00000000000110101101110101110000
11111111111000000110000101100000
00000000001011111011010101000000
11111111110011110100110001011101
11111111111111010111111101000100
00000000000010010100011001001111
11111111110111111000011110110011
00000000000110001011011010001101
00000000000010101111011011111110
11111111110100011111000110000101
11111111111000110100001111111100
00000000001010111101101111000111
00000000000101111010111100110010
00000000000001000110101110010011
00000000001001100010011101000011
11111111110010110100001111100100
11111111110110011101001011010111
00000000000000011111101110101111
11111111111011100011001110000011
11111111111101110001000011101011
00000000000010111100000001101110
00000000000100011011000100000101
11111111111110101111100110111011
11111111111111101110101101111111
11111111110101010000011110111011
00000000001100110100111111110000
11111111111111100101110101111000
00000000001101000010111010011010
00000000000010100001001011010011
00000000001010100110100110011010
11111111110110001110101110010100
00000000000101010100100000100101
00000000000101011000110101111101
00000000001010001110111001101000
11111111111001110000110001001111
00000000001101101101101110101100
11111111111101101101101101111010
11111111111101101101001010111001
11111111111110001111110100001111
11111111111101110110110010111101
00000000001010101011001000110111
11111111111001101111000101100011
11111111111101011000100001001101
00000000001010110110000000010001
00000000000000101110111001010110
00000000000000010011000101000100
11111111111111010001111101111100
11111111111011001001101011001110
00000000000110111100110100000111
00000000001101111011010001010110
00000000001000000110001000100010
00000000000111010001111111011111
11111111111010100100111110011010
11111111111000110000011010100001
00000000000011010101110100010110
11111111101010000001111100010101
00000000000000001110101101000110
00000000000101000000110111111011
00000000000101111011111111110011
11111111111100111100111001010001
00000000001011100011110101010101
11111111111000101010010110010011
00000000000110001011001001111010
00000000001101110111001110100110
11111111110001101101011101110110
11111111110111111011010000101110
00000000000011011010101101110101
00000000000000000000110110011010
00000000001110101100011011100001
11111111101111011001011000111011
11111111111011111111100100100001
00000000001011100010110101110001
00000000000110010001010110110000
00000000000011110000010010001011
00000000001001111011111001100010
11111111110000110001001100110001
00000000000000111011000111001111
00000000001110000000111110000100
11111111101101011111111101011110
00000000001000010101101101000111
11111111111010010010011011011110
00000000011010010110100100000111
00000000001010101110101010100100
11111111111110100110001111011000
11111111110100010111100101111000
11111111111110010100011110110111
11111111111101101000111101111101
00000000000011111001100001011000
11111111111011110101011101100110
00000000001100111100110011100010
00000000000001100110110010011111
11111111110010101110100100110111
11111111111011000110011001111111
00000000000100111101100000110000
11111111111010101111100011000110
11111111111011111101011100110100
11111111111101111010110101100100
11111111110101010001101011110111
11111111111110011010010111111001
11111111111110000011011101111101
00000000000110111011111100011011
11111111111110110011100010101110
00000000000110111001110110001000
00000000000010000101110010000100
11111111111110111000101110011000
11111111111001100000011011010111
11111111110101110001100011001011
00000000000000110010110100011000
11111111111000010011111000100111
00000000001001011011101111001001
11111111111111000100100001111101
00000000000100111010001110100110
00000000001100110001100010000010
00000000000001101010011000010110
11111111110011001011100100010110
11111111111101000010000110111101
00000000001100001010101001011011
11111111111011111010101111110100
00000000001011010011101010100010
00000000001001001101010100000011
00000000000010010001001101001100
00000000001101011110010000101000
11111111111100100001101001101110
11111111111110100111001011000110
00000000000001011010110110110111
00000000001101010110101000001011
11111111111111111011111000010100
11111111111010010101111100111001
11111111101101111101010100111110
00000000000101000011000110101100
00000000001010100100101110110000
11111111110111011001110111111011
11111111111001110111101100010011
00000000000011000011110011100111
00000000001001110000010111111000
00000000000101001100011010101101
11111111110110010111111101111110
00000000000000011001000001010110
00000000000000001000000000101110
11111111110110000001110000111010
00000000000111110100011010111001
11111111101100010100010111001001
11111111110100000001101001101111
00000000001100000100000000110100
11111111110111111100111010101000
11111111111101101010000010101100
00000000001000011101010001010001
00000000000010110010001110010100
00000000000111110010000000110011
00000000000100010010101111100001
11111111111100111011001101000110
11111111111011001110010000011110
00000000000001110101110011011011
00000000000010011010001111101100
00000000001100011101110100011110
11111111101101011111100111010101
11111111111101110101001101000011
00000000000001011101000100111110
11111111111110000110100111111100
00000000000111011000100001110010
00000000001011111111100111110010
11111111111111100101101110001100
00000000000110000110101100010000
00000000000000101000111001010101
11111111111100101111101001011100
00000000000001000100110110111110
11111111111000000100010110110101
00000000001100010000101001010101
00000000000011111011000110000011
00000000000010000011000001000110
11111111111100011010000110000001
11111111111001011001011010010110
11111111110101101010001010100101
00000000001011101011011110011111
00000000010010111000011101101011
00000000000101101001101000110111
00000000000110000110011000000011
00000000000001001011100110111111
11111111110110010101110011110111
11111111111110010001101101011101
11111111110111110110100011110100
00000000000010110110010000111000
00000000001000011111001010111101
11111111110101110110110010000010
00000000000110000111100000001111
11111111110100000111010011110100
00000000001001001111010011001010
00000000000101011111010001111010
11111111110000110101010100100100
11111111111111101100011101000100
00000000000001000111111000111000
00000000000000100111100100010000
00000000000101100110001100011011
00000000000011000000000100010001
00000000001000011111111000010110
11111111111011011111000101111110
11111111111101001111100100111100
11111111100101010100100001010000
00000000000000110101000011111011
11111111101001111110001110101100
11111111111111011110001010000100
11111111101101111110100110001011
11111111111000011111100100101110
00000000000100100100110101001001
00000000001000000111101001010110
11111111111011110001101000011010
11111111111101100011101100111000
00000000011000110010000111001001
11111111111001011010101101000100
11111111110001010010010010010010
11111111110001001110011110100000
00000000000000101100010000001100
00000000000001011100010010111001
00000000000010100110000101100001
11111111111110001001110010001000
00000000001010100101110110000101
00000000000101100000110000111101
00000000010100011100101001110111
11111111111110000111011111010000
00000000001100011001100011011111
11111111110110000010111011010101
00000000001000111110111111100001
11111111111100010011110110101101
11111111111101010010001100010001
00000000000011010000100101000110
00000000000010001011001101001101
00000000001011011000010111111100
11111111111101011011101000011111
00000000000101111000110100001101
11111111111110111010100001000010
11111111111010100110001100010001
11111111111010100011000000110011
00000000000110110001101101011010
11111111110100000100010111100011
00000000010000101110000111001001
11111111101000001010011110111001
00000000001111001011100011111101
11111111111000111000000010100111
00000000001001111011101010011010
00000000000100101110000111001010
00000000000111111000001101110000
00000000000010100111010001100000
00000000001011010000010110101010
00000000000100000000110011000000
11111111111101111101100001000000
11111111111000111000111111010010
00000000000000000010111110011000
11111111111001000111010101011100
00000000000101100011100011001001
11111111111110011100010110011000
11111111111011011100100001000101
00000000010001000011101101011100
11111111111100101001110011010001
00000000001011111100000111111010
00000000000111000100001001010100
11111111110110101011111111011101
11111111110101110100010110001110
00000000001100011001111000010001
11111111110011111100000000001001
11111111111000001101011111001001
11111111101100110011110111000110
00000000000001011010111110011110
00000000010010011010010000111011
11111111110110101101000011001111
00000000001011010100110010100000
00000000000000100100100001011011
11111111111101010110111110110100
11111111111111011001001011010111
00000000001101111100110001100010
00000000001101100000000101001101
00000000000110010101110000100100
11111111111100111001100110010100
00000000000110101011001011111000
00000000000110111101100011011100
00000000000110011100000110011100
00000000001001101001101111010011
00000000000010111011101110000110
00000000000110110010110111111100
00000000000101111110111001011100
11111111111010000101101000101110
00000000000111111010110010000011
11111111111110011000101011000000
11111111101011111110111011101010
00000000000010111000111100111011
00000000001001000001100001011000
00000000000111110001011000111001
00000000000001000110010010011011
00000000000010100010111110100110
00000000000100100100001111101100
00000000000011101101111001010011
00000000001011100010100101100001
00000000001000000100001011000011
00000000000010100011101110010111
11111111111011100001111011100001
00000000001110110000100010001000
00000000001100010111010011011111
11111111110011101111000110101000
00000000000011111101101010110000
00000000000100010000100011001010
00000000000000011000011101001000
00000000001010000111001111000010
11111111110010110000110110000100
11111111110100110011111001000010
11111111101010111110101110010001
00000000000010100000111111110001
11111111111110011111101111100011
11111111110011111101100010100101
11111111111000011110111110111111
00000000010010001100101100011111
00000000000011010010100111111110
00000000000000010001111010001010
00000000001011111000100100000011
11111111111010110111110010100101
11111111111001011101000011110100
00000000000100000011000011111001
11111111111011000111100000110010
00000000000101010101000010010100
00000000010011101001110110011111
11111111110010001111011110000010
00000000001110011011010110001111
00000000000000110101011100000110
00000000000001000110110111100101
00000000000111100000010100011110
11111111111011011011010111110011
00000000001000101100101111110100
11111111110111011110110110011101
11111111110001011011000000010010
11111111110110110100011100111010
11111111111111001001111101100000
00000000001100011111001001001000
00000000000000100110000011101101
00000000001000101011111001100100
00000000000101000001111101010001
00000000000111000000011000100001
11111111111010011010101110110000
00000000001100011110011000001000
11111111111000010001010101000000
11111111110001110101111001100110
00000000001000101000010011100010
11111111101110001000110000111000
00000000000011001110010111110011
11111111111001011011100011101111
00000000000110110010000100000100
00000000001110010111110010101000
11111111110110001110111101011110
11111111111001011101010110011101
00000000001010011001110110001111
11111111110000000101000110010000
11111111111010011010101101010000
11111111111000110100101111010000
11111111110010100001111000000001
11111111111111011010111100010010
00000000000010000101100101100010
11111111111100000110000011011110
00000000010010011100010011111001
00000000001011101000001010100111
00000000000001111100000010100011
11111111110100100000001100010000
11111111101110110111111111001111
00000000000100000101000111101000
00000000000010000011011110101010
00000000001001100000000000101110
11111111111001100101101001110011
00000000000111000011011001000011
00000000000110010011110000111111
00000000001000110010000001111001
11111111111100011010100110000100
11111111111100000010100010100010
11111111110110010011100100100011
00000000000110111100010101100011
11111111101010011001111000011011
00000000010010010010111110111001
00000000001000011111111111001001
11111111110101011100000000101111
11111111111111011000010101101010
00000000000101011110100101010001
00000000000011100111010111011100
00000000010000100111101000010101
11111111111110001001101000001000
11111111111110110010110110000100
00000000000100000111001010010111
00000000010000110111111110100101
11111111111001111111110100101001
11111111101001000010100010100110
11111111110110001010011010010100
00000000001000100011010000000010
11111111111010011110101000011001
00000000000110100101001001100000
00000000000110110111001101001111
00000000000101000100100100001000
11111111111011100100110111010000
00000000000011110100010100101100
11111111111010010101011000000010
11111111111010000100100101111000
11111111110011001011101111011101
11111111111111101101101001111101
11111111111010100010110000101100
11111111111001100111000010011001
11111111111100100111100111111110
11111111111110000001100001001001
11111111110001001111110111000000
00000000000110100011001011011011
11111111111111110100001001101101
11111111110111111111011010000000
11111111111101011011100001011101
00000000000101001111000111101000
11111111111111000101110110111001
11111111111000010011010001101000
00000000000001100001011001111001
11111111110111110111111100110110
11111111111011001101100011010110
11111111111111100100001110001111
11111111111000000010000110111110
11111111111110111110001100011111
11111111111001100111000000101100
00000000000100101010101110101101
00000000000100110100010100011111
00000000000100000100111000101111
11111111111101001101000111111011
11111111111100001011000101110110
11111111110110101100000010100110
11111111111011110011011000011011
11111111110111101111110001011001
11111111111111010001010011000111
11111111111110100010101001111010
00000000000001011111101101101110
11111111111001100010011000111011
00000000000111100000101001001101
00000000000000000000011010010101
11111111111111111011010010010110
11111111111101000110010101100111
00000000000010111100011101100111
11111111111000110001000110000110
11111111111110011110100011001111
00000000000011111110011110110111
11111111111011100011111000001001
00000000000111101001010001010101
11111111111010001000100100000111
11111111110111001110101101000110
00000000000010100110001111011000
11111111111100001101101011001001
00000000000000000001010000000011
11111111111111110111001001011011
11111111110101011010101001000100
11111111111100110011100100111101
11111111111000100010011001010110
11111111111000101010010000101100
00000000000110001111110110110101
11111111111110010010001000000001
11111111111101010101100011100100
11111111111010100010101000110101
00000000000000111110011011000011
00000000000101111011101111111100
11111111111100000010110110110011
11111111110111000111110011011101
00000000000010010000000000110001
11111111111100010010111010001101
00000000000001011001110011010110
00000000000010110011000011000100
00000000000110000010111111101100
00000000000001001010010101000100
11111111111101001000010011001110
00000000000000000010101110001001
11111111110110010010111110100010
11111111111001010010110000010001
11111111111111110111001011001100
11111111111001101010011100111101
00000000000001101001001000010111
11111111111010000010011000011110
11111111111100010100100000101000
11111111111010110010010000010000
00000000000000000100110011101001
11111111111110001110100100100100
11111111111001010111111011111011
00000000000101101110101101110110
00000000000000100010101000001011
11111111111001001000000101000100
11111111110111111011111010110000
11111111111100100111001101100110
00000000000011101100001000011111
00000000000011100000010101111011
11111111111001110100100001000011
00000000000101101101001111111011
11111111111011101100110010011100
11111111111001110100100111001110
11111111110111100010101011111001
11111111111100101000101000100010
00000000000001010011010111010110
11111111111000010000111100100111
00000000000010111100001111101001
11111111111000011111001010010111
11111111111000110001001110001000
00000000000000011100001110000110
11111111111011000110000101110000
00000000000000011000001001111011
11111111111111011001111101101100
00000000000110001110111011010000
11111111111011100111001101110001
11111111111111001010000010110101
00000000000110010101111101111010
11111111111111101010111111001101
11111111111001100010110010101110
00000000000100111100001111001010
11111111111110100111011110001000
11111111111000111110000000111110
11111111111110011000001100000000
00000000000101000010001101100101
00000000000001001111011001110111
11111111111010010011100101000101
11111111111001111000000011010110
00000000000011011100110111101100
11111111110101001101110100010001
11111111111110000111011110110001
11111111110110110010011000001010
11111111111111110001010011111101
11111111111000001110100011101010
11111111111010101101100111010011
11111111111011101111011011111100
00000000000101000111101010011010
00000000000001001010101000010010
11111111111100010111011011010010
00000000000110110010111111101000
00000000000000010000111101110100
11111111111001001011110001001111
00000000000111111001001001101100
00000000000010110110011110010110
00000000001100011110010011000010
00000000000110110100000000101011
11111111111101001101100110011110
11111111111010111101000011000110
11111111111111110111111001011011
11111111111001000011010010011010
00000000001100100011110001011001
00000000000010110100101100110011
00000000001000010101101000101011
00000000000111110100110011110001
00000000001011010110010111101110
00000000000101100011110001001010
00000000001001000110011011010101
00000000001111001110010110101101
11111111110111001111100100110101
00000000001010001000100011101011
00000000001010011011101101010000
00000000000100011111101110110001
00000000000001010010010110000010
00000000001111001000000110110100
11111111111110100011100010110000
00000000000100001110111000101110
11111111111001111101010000100000
00000000000100000111101100110100
11111111111010010100110000010101
11111111111110000100101111010111
11111111110000001101100011011011
11111111111100110001001110001011
11111111111001100001111001111001
00000000000101001101110111111001
11111111100101110000010100101100
00000000000000110110111011100100
00000000000000010101100100101110
11111111110110000011010011010100
00000000000001111111010000111100
11111111111000101011101011000100
11111111111001101101011010101011
00000000001011000101000101010000
00000000001000010111101110000011
00000000010100011110011100000011
11111111111110110001111011011100
00000000001010000110010001010011
00000000000001001101100000111000
00000000010000001101010000011110
00000000000110101101100100110101
00000000001101100011000101110001
00000000001000110101010111001010
00000000000111100100001000110110
00000000001001110010000100001010
00000000001111001010001001110001
11111111111111011010011011110111
00000000010010101011100000010001
00000000001001110001000111010011
11111111111100110100011010111010
00000000000011011000101000011111
00000000000011111100010010110110
11111111111100111001010111100011
00000000001111010101101010100110
00000000000010101101001110001110
00000000000010110110101111100100
11111111110010010111001100111001
00000000001001110010011100100100
00000000000011000011100101111010
11111111111001010110100101100011
00000000010010001111011001010111
00000000000001001001000111001000
00000000000010111001010010001000
00000000000101010111101010100011
11111111111000110000011111010000
00000000001011101100001101110100
11111111111100001000010000110000
11111111111010010101111000111110
11111111111100001010111011110000
11111111110101001111011101010011
00000000000001010010000011111011
11111111111111000001010001011110
00000000000000110100101011010000
00000000010000111010000111111111
00000000001000110000011011101110
11111111111010010110101011010111
00000000000111100100010100000010
11111111111010000001100000000000
00000000000111111010100001000101
11111111111011110100011111101111
00000000001001101100110101101010
11111111101001111100101001111001
11111111111100011100011010001010
11111111110101101111110101101100
11111111111010101010100010000010
00000000001010010001010101001100
00000000001000100001011100100100
11111111111100101110111110000001
00000000010100100111010001101010
00000000001011100001100111001110
00000000001101111110110110100011
00000000001100001101100001011110
00000000001000100110000111111000
00000000000000000111000000000101
00000000001011011110101111010101
11111111101110011101010110000101
00000000000001101111000010001011
11111111110110100110111011111001
11111111110111000101100111001111
11111111110011001101101010110110
00000000000001000100010110101001
00000000000011110001110001001100
00000000000010100111100100000010
00000000000100100001001100000011
00000000000010010010001110100100
11111111111111101001011000010001
11111111111000000011011010000111
11111111111011011100101001100011
11111111111111000001011010001001
11111111111110101010001010100111
00000000000001000101101000011011
11111111111100011101011110100111
00000000001010001100001111110101
00000000000110000100100010011000
11111111111000001000110010000100
00000000000100011011110000111100
11111111101111000100101001001010
11111111111101110100110101011011
00000000000010010100000110010111
00000000000010001101000101001000
00000000000001000000000101100001
00000000000010011101101000111000
00000000001010010101110100001001
00000000001011100001001000011011
00000000001101100101001111111101
00000000000000111011101011001001
00000000000101011110100101111101
00000000001011101001010111111010
11111111111011000110001111110111
00000000001011111110101011000111
00000000001001001100011001000011
11111111111110101100011011001110
00000000001101000101110011101010
00000000000011100000010011110010
00000000001010010100110011001000
00000000000000000011101000111100
00000000001000101011111100100111
11111111110111011100101110111000
00000000001111001111101011111011
00000000000000011011111110101000
11111111111000110111001101000000
00000000001000101000111010110100
11111111111110010100011011111111
00000000000100100110010011001110
00000000001011011011100110011100
00000000000000100101111010110001
11111111111110000011101101110011
11111111110111011110100100011111
11111111111011010101110001100111
00000000000101001111110001011001
00000000001010101011101100101111
11111111111111010001111110110011
11111111110111000001010001000100
00000000000000100111110000010010
11111111110111001111110001101101
11111111110101001000111011000100
00000000000111011101100110110110
11111111111011001100001111000111
11111111110101011001000101101011
00000000000001001100001101000110
11111111111010101100100010110001
11111111111110000100101010101101
11111111111001101100100011001000
00000000001100000011000100011101
11111111111111011100110010010011
11111111111010000000110100110111
00000000000100000010100110110101
00000000000011001010000010000001
00000000000111000000010010110001
11111111110010100110010001001111
00000000001001101111100111111100
00000000000110101011001100101110
11111111111010100100101110010011
00000000001101110010011110011000
11111111110001011001011001111101
11111111111110011100001110101110
11111111111001111101000010111101
11111111111101011110100011110101
00000000000010000110001101010110
11111111111010110010111010110100
00000000000101110101111000100111
00000000000000010111110101100110
00000000000001111001101001000010
00000000000000010010110001000001
00000000000101000110110111110000
00000000011001001001101001011000
00000000000000010101101010000110
11111111111010001000011110110010
11111111111100010110111100101011
11111111111000010000010010011111
00000000000111101100101101011100
00000000000110100101111011100001
11111111110101100001110101110111
00000000000100000100011101111110
11111111111111100100111110010111
00000000000010101101111000101111
11111111111110010011000000011100
11111111110111111001111100101100
00000000001001111110101111110001
11111111111100001001111010010111
00000000000110011111110001000100
11111111111100101000110101101100
11111111111011010100001110001001
00000000000010000001101011010001
00000000001000100101100011010011
00000000000011010011111100001111
00000000010010010011101011101010
11111111111010001001001001110001
00000000001101010111110100100101
11111111110011010100010111011011
00000000000010110011100110011010
11111111111000111100000000111000
00000000000000011100100010110010
11111111111101111011100101101101
00000000001001110001000101110110
11111111110010010011101001000001
00000000000101110010011000011010
00000000000001001010010000011010
11111111111000000101110110111110
11111111101101101000010011101100
00000000000010110010101011000010
00000000001001111110011001000110
00000000000001010101110001010000
00000000010000000001011010110110
00000000000011000010110001000010
00000000000101110001100100010011
00000000000000000011101001110100
11111111111111010100000010111100
11111111111111100111100100100111
00000000001000101001000001011100
00000000000111111011001101000010
00000000000011111101111000000010
11111111111100011110110100001000
11111111110110000110000101001111
11111111111011011110111011000001
11111111111001110001000111111111
11111111111100110010111111001011
00000000001001001100011111010010
00000000000000001011010000010010
00000000000010011100111000110111
11111111111000100111100111000011
11111111111000101100011001110001
11111111111111111000110100111101
11111111110110100000101001011100
00000000001011100000011010001000
00000000001010000101101011111101
00000000000001000001001010001001
11111111110101101110011000010111
00000000000100110101101001111101
00000000000011110011010100001111
00000000000100100010000110100001
11111111111010100001101011110110
00000000000111110001110011100001
11111111101111010011100011110001
11111111111101100010001001101000
00000000000011000011101101010101
11111111111001101001011111011000
00000000000101110010100101000101
00000000000011000000010111010000
00000000000111111001101010000101
00000000000011011111010011000000
00000000000010111001010001110110
00000000000111001101001010000110
00000000000110110101010100101111
00000000001000010000011010010011
11111111111000101010010010001010
00000000010000011100001111111010
11111111111010000101111111000011
00000000001000011001111001011110
11111111111110101100010001010001
11111111111010001100000100011100
11111111101110110111111110111100
11111111111000000010101101101110
00000000000111001111101000001001
00000000001010010100110010100011
00000000001000011001010111100001
11111111110100001001000010111001
00000000001111100111000110000010
00000000000101000010000011001010
11111111111011001101010100010001
11111111111101110110101110000001
00000000001010111000110111001011
11111111111110000110101111010100
00000000000000111101000111000100
00000000000111111111011001101100
00000000001101000010000000110111
11111111111111100000101010000101
00000000000011110000001101010010
11111111111101010000101001010001
00000000000111100110001011000100
11111111111110111010011000100000
11111111111000111010111111001110
11111111111000010000101110001000
11111111111000110010110110100010
11111111110111111010011101011001
00000000000101110110101111101100
11111111111010001000011000101110
11111111111001011011011100111011
11111111111010011001001110011011
11111111111000110101101100110100
11111111110100001011111000100000
00000000000111010101011001100100
11111111111010010110110010000001
11111111110110010011010011101110
00000000001001000010000100000001
00000000000100001000010100001101
11111111111000101101101011101001
11111111110111100000010100000111
11111111110010111010110100011111
11111111111110100111011100101101
00000000000010111001101001000100
00000000000000001011001000010000
00000000001000000000101101000000
00000000000011001011111101100010
11111111111010110111010011111101
00000000000010001101010101011010
11111111110001111110001111001110
00000000000011111100100010001011
11111111110101100001111010110101
11111111110010111000011010110110
11111111111010000110011000111001
00000000000011010001000011111111
11111111111111110001010000011011
11111111111111010111011010001100
11111111110000010100001010000001
11111111110101101101100000101101
11111111111111111011101110000101
00000000000010101101100100001100
00000000000100000001111010011101
11111111111000010011110101001111
00000000000011011000011100110010
00000000000010101110101110111101
11111111111000111111001000111111
11111111110100111010100110010011
11111111110110011100011111100000
00000000000000010101110110101001
11111111110111100101010110101000
11111111111110100010100100101000
11111111111000010000100100100000
00000000000010010000111100001001
11111111111001110111110001100001
00000000000001001000100011010110
11111111111000111010001000111100
11111111111111000000111011110101
11111111111111101100100101111010
11111111110001001100111000101000
11111111111100011011010100001101
11111111111001101100111110000110
11111111111010111101011111100000
00000000000000011100000100111111
11111111111011111110110011011001
00000000000110011000110111001000
00000000000110110010000011001011
00000000000010010110100011011100
00000000000001100110110011101010
11111111111010001011110100001010
00000000000110110011110111110100
00000000001000100111011111110010
00000000000100010111010110000010
00000000000100110011011000110111
00000000000011001110111010001101
11111111111101111011100001000001
00000000000100111000110001000101
00000000000100111100001010111100
00000000001011100011110111101001
00000000000100000001001101011011
11111111111111011000111100010000
00000000000011100001011111001110
11111111111101100000111010101000
00000000000101010100001011110110
11111111110110100011111010010100
00000000001010001001000000100011
11111111111001000001101110000100
11111111110111011101110111010000
00000000000101100001111001110001
00000000000101110000000110100111
00000000001011010111011010010111
00000000000001111101100001000101
11111111101111100101101110101001
00000000001011100000110110000111
00000000000001010100001111111111
11111111111111000101100000010110
11111111111100111011001101000001
00000000000010110010111011101000
11111111111000010011101010000111
00000000000011011010111000111100
11111111111110101111101010011110
11111111110001010000001011000010
00000000000111000100000111111101
11111111111011010001011011011001
00000000000011110101011001001011
11111111110101001001100011101110
11111111110101000011101101111100
00000000000110100011001000110011
00000000001000010011101000101010
11111111111110100101101011100101
11111111110111011001110100111000
11111111111100111010011010100110
00000000000000010101001011100100
11111111111001111010101010001001
00000000000101010001101100100101
00000000000000111101000000001101
00000000000110011000111101101001
00000000000100101000111111010011
00000000000100001110100001110000
00000000000111111101001010000100
11111111111101000000000110101011
00000000000010110110001000111011
00000000000001110111110011010100
11111111111100001100100100100000
00000000000010001111011111000011
11111111111100011001011101100011
00000000000010110011101111111001
00000000001001010110111100010101
11111111111010110110011110110010
11111111111101000011100110100111
11111111111111111010111001101001
00000000001111100110111000100110
11111111111111101110111001001000
00000000001101110011110000100111
11111111111101000011011110000111
00000000000000010000100111000000
11111111110111001010110101010100
11111111111011011110100010001100
11111111101011011010110001111101
00000000000010010000011010000101
00000000000001100000110000001101
11111111110111011000101001011000
00000000001001100110111010111100
11111111101101011011011010111110
00000000000001100011110000000010
11111111110101000001111110011001
11111111111011101111000111110100
11111111111111110011011101001101
11111111101101001101100000010011
00000000000001111000001111001010
00000000001011001110010110011111
11111111111110010001101011100111
00000000001000100001101111000111
11111111111000111111000101001000
00000000000000001001110000100100
11111111110100011110010110011010
00000000001110110111011111000101
00000000001010000011000100010100
00000000000010100101101110111011
00000000000100111011010101001010
00000000000000110100100001001000
11111111110010111001100000010010
00000000001001001101100100011000
00000000000010010000100110001010
11111111111101011110101011011111
00000000000011010011011110110010
11111111111111101101010110110111
11111111111101100011111111010011
11111111110100100011100000001010
11111111111101100110110101111101
00000000001010110101010001010000
00000000001111101110001010001000
00000000001001110100110111000000
11111111111100011011001010101000
11111111111111000001100110100110
11111111110011101011110101000101
11111111111010000010000101010111
11111111111111110001100101001010
11111111110010010010111010111000
11111111111100011011011101001011
11111111111010010110000011011001
11111111101111011011011010001010
11111111111111100000001111011111
00000000001110110101010000100100
00000000001110111011001100110010
11111111111010100111001001100111
00000000000011100000010101000000
00000000010010110101100110001011
11111111111011100110110100111000
00000000000001110001110111011011
11111111111110110010010000110010
00000000000001100000011001110010
11111111111110101011111111001011
11111111111100101101011101110101
00000000000111110000001000011100
00000000000100010101010100111100
00000000000000011011011110011000
00000000001000010001111010011000
11111111111100000110011110101111
00000000001100100001001001111011
00000000001010100001111110011100
11111111111011111110001011101000
00000000000000100110100000100001
00000000000011010110111110001010
00000000000101100100001011000010
00000000001010011110111100001100
00000000000001010011111001001110
00000000010110011001111111011110
00000000001101011011000101110001
00000000000101111011011110011001
00000000000111100101011111000010
00000000000101101101000000110010
00000000001100100010111010111111
00000000000001010011110001001010
11111111111011001101110101111110
11111111111100101100100101100100
11111111110100101011011110101101
00000000000110111111100010011111
11111111110100011001001011010110
00000000001000000011001110000100
11111111111011101001111110010110
11111111111111110011100101100000
00000000000111100010001011100111
00000000001001111110101101010110
00000000000111111011001000111111
00000000000011000011100010001010
00000000000001110011100100001001
11111111110001100111110100110111
11111111111001011110101110100110
11111111110011111011101110111001
00000000000001010001001011000110
11111111110011101000100110000010
00000000000111111100100110110011
11111111111011000111001100101100
00000000000101100001010011111111
00000000000010011011010011001000
11111111111111101111101010101000
11111111110010111110100000110110
11111111111101100001011100001100
11111111101010100010000100011111
11111111111000001110001010101111
11111111110110111001111111001101
00000000000101101000011100111100
00000000001101001001001100010100
11111111111010000100000110010011
00000000000111011000010101110101
00000000000100001001100010000001
11111111110001100011110010000101
00000000001011111111101110011000
00000000001000001110100101000111
11111111111111011011101101101111
00000000000110100100100001100010
00000000000101000000011011000100
11111111111001111100001111010100
00000000000000010000001111110110
00000000000100010100100101011100
11111111110011000101011110010100
00000000000010001000000100110001
00000000000100010110101111001100
00000000001110101101101111011000
11111111111101000100101111111111
00000000001011110011001001100010
00000000000011110010010001010101
00000000000001100000000111001001
11111111111010001101010100110000
00000000000000000001001000111110
11111111111001011010010000011101
11111111111001011100000000100001
11111111111110000010001110111100
11111111111101010001111111100010
00000000001001100100010101111010
00000000000011101100101111010101
11111111100111111100000010110000
00000000001011100110101110111001
11111111111100010110001110111001
11111111110100011110000100100111
11111111111011010111001110101111
11111111111101111000001100101110
11111111111110100010111100001011
00000000001000010010111110011010
11111111111100000110011001011110
11111111111000110111111110011110
00000000001111110100001000011010
00000000000100100010001011001100
11111111110101000001010011101010
00000000000111101000111001101100
11111111110111101101101110100011
00000000001100111010111001001001
00000000000101010011000111111011
11111111111111100111000011100010
11111111111100110101100010010110
11111111111110111000000100000110
00000000001001000111110101110010
00000000000001010011000011001000
00000000000000101110101000100001
11111111111101001111000011101111
11111111111100100011110101001110
11111111110110100101101110100001
00000000001010110010001101110111
00000000000110101110110011011110
00000000001010011101010010001110
00000000001111000100101101001001
00000000000110110000001111000101
11111111111111001000000101010100
11111111111100101110001010101101
11111111111100000011111111111101
11111111111100110111011011011011
11111111101101111000000010010101
11111111111100001110100111011011
00000000000001101100110100111001
00000000000010100010010110010000
11111111110100000100000110110110
11111111111011000110001000100001
11111111111010100001001110001101
11111111101100100000111101010111
11111111111100010101110111110011
00000000001000011000111111101000
00000000000111011001010000001100
00000000010000100000010111100001
00000000010010011010010010100010
00000000000001011011001100010010
00000000001100001101011001100011
00000000000111001111111001111011
00000000001001101100011000001111
00000000000010100010001001001011
11111111111011110100011111100110
00000000001000000110010111110110
11111111111011100001101111100110
00000000000000010011001100100110
00000000000011100011101101001100
00000000000010000000111111011100
11111111111100110001010100011000
00000000001111111100011011010110
11111111110101111010101110001001
11111111110000110001111001101010
00000000000011010111111001001111
00000000000001001100101101010101
11111111111001001001011000011101
00000000000110010010100100111111
11111111110110010110011111001000
11111111111010011000010110011110
11111111111011000011001110111000
00000000000100111001110010001100
00000000000001011011000001111011
00000000001100000010011100000011
11111111110100110110001110011001
00000000000010111000110010101001
00000000001001001100100001011100
11111111101010001111010011100101
00000000001111010111001101000110
11111111110110110010001001011001
00000000011001010001001101110100
11111111110101000001111100110011
00000000000100011100111111001010
11111111110101010010111000001010
00000000000101110011101000001111
00000000001001100101001010111001
00000000001001011010110111111111
11111111110011010010000110000100
00000000000001100001110011111011
11111111111010110011010010011000
00000000000110001010010111011110
11111111111101110100000011110010
00000000000101001010010111001010
11111111111101110101101110111011
00000000000010110010101111001010
00000000000001010001101001100111
00000000000110101100011001000011
11111111110101101000101101011010
11111111111100001110001001101000
11111111111011000010110110100000
00000000000111011110111101101111
11111111111101010111100010110000
00000000000100001110111101111000
00000000000111111011110110110011
00000000000110100001011110000111
11111111111011000000001010111000
11111111111100111100011010101000
00000000000100011101101100101000
11111111111000101111110000100010
11111111111010001110110010101101
00000000001011001011111011011000
11111111111001001011101010001101
11111111111100111010110001011001
00000000001001010011111001011010
00000000000101010100111011001010
00000000000000100010001100000001
11111111110101110011010101110101
00000000000001111011100001001000
11111111111110100101011101101000
00000000000101111011000010110100
11111111111001101011001101000001
00000000000111110001100000111000
11111111110011010100000100001111
11111111110110110110011111110101
00000000000001101101111000010001
00000000001001100000000100011011
11111111110101000011001111101001
00000000001001010101010100010101
00000000000001000010101110000001
00000000000111000011111100110111
11111111110011000101000010111111
11111111111011001000110000111001
11111111111001100110011101100010
00000000000100001001111101111000
00000000001111100000000000001011
00000000000001111111110001000100
00000000001110111000101011101111
00000000000010100101011100110110
11111111111110000010111111011011
00000000000011101101100000010110
00000000001010011011001011110111
11111111111010010001010011011001
11111111111000000010101000010101
11111111111001000011110111101010
00000000000000001001101011110010
00000000001000111000111010011100
00000000000110011000111000101101
00000000000000000011010111011010
00000000001001111001101001111111
11111111111011110110101000010000
00000000000110101001100110100101
00000000000010011101010100111000
00000000000100111111101100010100
00000000000101110110010101010110
00000000000110101011110111110100
00000000000111001011011001010111
00000000000011101010101110001000
00000000000000011011011001110111
11111111111110001110110100101111
00000000000001100101100001010101
11111111111110111011000000000010
00000000000010101111001100010011
11111111111111000101000110000001
11111111110110110111010000111000
11111111111111011010001011001000
00000000000011000000111101000111
11111111111001011010111001100100
11111111110111101100111100110010
00000000000111000100100011111000
11111111110111011111010101100011
00000000000011011000001001010000
11111111111010011100110111110010
11111111110100011100100000110000
11111111111011101101001100101010
11111111110100000111010111000000
00000000000010001010000101000011
11111111110111000111010100100001
11111111111110001101000110100000
11111111111100011101010011110101
11111111111011001011100100010101
11111111111110110001010100101001
11111111111010001001001100100110
00000000000001111100001001011100
00000000000101000001011000010110
00000000000001010110101011101100
00000000000101000110000011001010
11111111111010000000011010101111
11111111111110011011100011110011
11111111110111110110010010101000
11111111111000110111010011011001
00000000000010100100000110010111
00000000000010100010100110011111
00000000000101100000100111001011
11111111111100101100111111001110
11111111111101001111110110010100
00000000000001011000100010010100
11111111110110101000100111010001
00000000000001011010010001010111
00000000000011011001000010100011
11111111111010001001111001011110
11111111111011001101101001011111
11111111111111010000111110111110
11111111111100001111110101011111
11111111111010110011110000110101
11111111110101010010100010001010
00000000000010010111110100101101
00000000000000011001010101100000
11111111111000011110111110100110
11111111111001110111000110110100
11111111111100011001011011101100
11111111110100010000011011000110
00000000001000001100001000110011
11111111110100111100011000110110
11111111111101110000101010110100
00000000000101101110010100011111
00000000000011000000110011101011
11111111111001001101000000111101
00000000000001110110011101111011
11111111111101110011100110110101
11111111111000010011101101101011
11111111111101110000101110110011
11111111111010011000000110001011
11111111111001010100110001111000
00000000000011011010100111110101
11111111111100101010000010110100
11111111110111010010100001001100
11111111110011010011111000010110
00000000000000000110000001101101
11111111111011001001010011010101
11111111111110001010010011001010
00000000000001101001001101100100
11111111111011010100100110001011
11111111110101011110001001010010
11111111111011011110101001001111
11111111110110011100010011010100
11111111111010001110110001001000
00000000000101011010000111111110
11111111111000111011111000000010
00000000000011011001011001101001
11111111110110100001100111001000
00000000000100110001011111100001
11111111110111010101001010011101
11111111111100110110101111110001
11111111110100001101111110110011
11111111111111000101111111100001
11111111111000011100111111111110
11111111111011111001111001010001
11111111110110111010111010110000
11111111111011011001011111001100
11111111111100111011101100001011
11111111111000111011100001000011
11111111111010111100100001110011
11111111111010010100100011101101
00000000001001101011110011110000
11111111110110000100010011100101
00000000000010110101011100001001
11111111111011100110011101110100
11111111110010010101110000111101
00000000000110111111000001111010
11111111111001100001110110001000
00000000000001011111110000001011
11111111111111001000111000100111
11111111111100001100111111101000
11111111111111111011001110000101
11111111111111011101001111001000
11111111111110011101001001110110
11111111110110101101110010101111
11111111111100101011000001011110
11111111111110001110111101111111
11111111111111011111001000010101
11111111110011110101010011010101
00000000000011111100011110110111
11111111111000010111100011110100
11111111111010110111010010111011
11111111111010011011100101101011
00000000000111000100011111000000
11111111110010001111100011100101
11111111111000100011011110111001
00000000000010100110000010100111
11111111101111001011000101101110
00000000000011111000110011101101
11111111110111011100100110000010
00000000001100000101100010011101
11111111111110100101001111001100
11111111111110111101011110001101
00000000000001000011011001010011
00000000000101100001010111111001
00000000001011011100110110100010
11111111111101100011111101001100
11111111111111110100110000111000
11111111111111101100101100000110
11111111111011100111101111110100
11111111111101111100001111111001
11111111111110000010101101011010
00000000001100010101000010001010
11111111111000110110100001000101
11111111101011101001110011111010
00000000001000111010111000011000
11111111111100001000010100010000
11111111111000101010101010110011
00000000000010000111010010100101
11111111110010001001000000010101
00000000000100101001000001000111
00000000000000111100101000011111
11111111111010001101101011111000
00000000000110110110000111100000
11111111110010111010010110101101
11111111111101110111110010010101
11111111111101011001100100010001
00000000000001010110010100100111
11111111101100111111101111100110
11111111111011010110110000001000
00000000000011011101001010100000
11111111111010100000001111000101
11111111110100100011000101011001
11111111110100110110101111111000
00000000001100000000111101000001
11111111111000111000101111010110
11111111110100110100111010001111
00000000000111001011100111110001
00000000010000000100101011100001
11111111111101101011011101001000
00000000000011011111111110001011
00000000000101000110100111111100
11111111110110011011101110011010
11111111111011101100001101001110
00000000001001100110101000111011
00000000001011101111110100111101
00000000000111100011010001001010
11111111111010001010111010111100
00000000000111001011011011000000
00000000000011110000001000110110
00000000000011111100000011101000
00000000000000000011010100111001
00000000000100111011000001011000
00000000001100100001000011101100
00000000001100011000001101100100
11111111110011111110100111110100
11111111111000100101000001011111
11111111111110011111111111101001
11111111111011111100010101111100
11111111111111111000110011010100
11111111111011010011000101101001
00000000000001101001010101011101
11111111111001111011110110111011
00000000000110000011100010101111
00000000000101000101110011010010
11111111110101101101111001001110
11111111110110111110010101101101
00000000001000000101001011101001
11111111111111011110000010010101
00000000000100010100100101111100
00000000000001011000110000111011
00000000001011011001011100001100
00000000001001111010010001110110
11111111111110011110101011001111
00000000000110011000111001111110
00000000001100010000001000110000
11111111111011011011011101110001
11111111110111100101010001001110
11111111111010111011010000010010
00000000010100101101001111100101
11111111111011010101101001000110
00000000001111110101000100101111
00000000000011001010100111011100
00000000000101111010011101111011
00000000010000111011110010000100
11111111111111111110000100010111
00000000000011010101010110111111
00000000001110011111101101001111
11111111111101110110101000100001
11111111110101010001111011010000
11111111110010011100101001101110
11111111110100101100011010100111
11111111111100010001100110111101
00000000010111111000000111000011
00000000000101001001011110011100
00000000000101011011110101101001
11111111101100011001110010011110
00000000001100111111110101101111
11111111101101011101100000110011
00000000000110011101011110110110
11111111101111000001001011111011
00000000001001100011111110100110
11111111111110101110100001100001
00000000000101001011111001010110
00000000001011111010111000101101
00000000001111101001001101001111
00000000000000101001111001001011
00000000000010110111010100010101
00000000001000011010110100111110
00000000000100010100011110101110
11111111111110000110010001100100
00000000000000101110111001001001
00000000000000000000111000010111
00000000001010100100011110000001
11111111110011010101100111011110
00000000001111000010110010100110
11111111111111101100101111101111
11111111110110011011010011000010
00000000000101000101010110011010
11111111111010001111000000100111
11111111110011011100010100000001
00000000001101101101111100000010
11111111111100000101101001111011
11111111110000001011100101110001
00000000001111111001010010101101
00000000000100010010100010001110
11111111100101011101111100101110
00000000000101010101001001100000
00000000001110011010010111100101
11111111111010011000001100001110
11111111111011011000110111110001
11111111110110111010101011011001
00000000000111110100000101111010
11111111111010000101010111001010
11111111110110101110100001000111
00000000001010000110101000100111
11111111110000111000110101001101
00000000001010011100100011110011
11111111111110101111101110001011
11111111101110001111110010010110
11111111111111101100010101101101
00000000001000011101010101101001
00000000000010000110010001101000
11111111111100111101000001110011
11111111111111011001111011110001
00000000000100001010101010100010
00000000001101001011000100101001
11111111111010011101100000100110
00000000001000100011001011001001
11111111111111110101111110110000
11111111111011111001110101001011
00000000000101100001100010110110
00000000001110010101100010010001
00000000000001011001101111001101
00000000000001001101100110010011
11111111111110101100101011101010
11111111111000100011100100010110
00000000001010100111001110110111
11111111110110000100111111100110
11111111111101010001110110110111
00000000010101001110111010010001
00000000000001001111101001000100
11111111111001000101100001111101
11111111111101001101110001111001
00000000000001111110010110110000
00000000001001000001110100011001
00000000000110000011100000001010
00000000000111001001000100101101
00000000000101001011001110101110
11111111111010100001110110011000
11111111110110001101110110111001
00000000001010000101001101110000
11111111111100111110101000100010
11111111111100000100100011111110
11111111111000110010100011110001
11111111111110110101110011101001
11111111111011100001100011100110
11111111110001010101111011100110
11111111111001010011000010001101
00000000000011111000110101010001
00000000001110011101110011000011
00000000001110001111001001100000
11111111111010101110101100110110
11111111111100000011010111111011
00000000001010011011001011010011
11111111111000011000101101000001
11111111110111110010001010001000
00000000000110010000010000101001
00000000000111000001001111110100
00000000001000010011100100011011
11111111111100101110011110000010
00000000000100011111111000110000
00000000000110110101101011010000
00000000000011001001101011010010
11111111111110000001010011001101
11111111111010100111110010111111
11111111110011000010101011000111
11111111111101001000111011101100
00000000000010110111010001011111
11111111101111100110010000000101
11111111110110100011000011001100
00000000000111000001001001100110
00000000000001111000010100100011
00000000001010100110101010101011
11111111110010111111100110011011
00000000000001111001011111111011
00000000000001001000000101001000
00000000000010100001010101110100
00000000000001011010010110111011
00000000000001001011110000011000
00000000011000100010001000011110
00000000010000100100111011010001
00000000001110011110110110000111
11111111111000100010111011011010
00000000010000001110001110000100
00000000000001111111011110110001
11111111111101010000101011001110
00000000000111011011101100010100
11111111110111011110010011010001
11111111111110101000101000000011
00000000010001001100111000110100
00000000000110011000100101110001
11111111110001001111011011010011
00000000001000100000100110011010
00000000000101000100000101110101
00000000000111011001100011111100
11111111111010000110011010100101
00000000000110010100110100101011
00000000000100100110011011000011
11111111111111110101001111001000
11111111111011011100000000110000
00000000001010001100000100110110
00000000000100001101010011100110
00000000001000011001110101100111
11111111110111011010101111011111
00000000000101101100010101101000
00000000000011111011010111110000
11111111111010101100100110110010
11111111111101100000000001101101
11111111111000100001011000101101
11111111110101000110011011101010
00000000001111011010100111101110
00000000000011100100001001001100
11111111110100001000111000000110
00000000001011000110010101001101
00000000000100010101110100111001
11111111110001010001010100000101
00000000000110000010101011111010
00000000000110001101110100001101
11111111111000010001001011101001
00000000000100011011011100000101
00000000000001111110100010110110
11111111111110000100010100111001
11111111111000111100111010111100
00000000000010100111101101010011
00000000001110001000010100111001
11111111111011111011010111100000
11111111111110011011111000000110
11111111111110100110100001100000
00000000000011000111010010000001
00000000000010010110100011011000
11111111111110111111011000011001
00000000000000001011101000000111
11111111110011111010000001111010
00000000000101011000101011001111
11111111111110000101100111000101
00000000000001001001101100111001
11111111101110111011010001001011
00000000010001010000110000101110
00000000000101010000111110100011
00000000010000111000100110111001
00000000000110101100110000110010
00000000011000001010100111101100
00000000000101011100111000111011
11111111111011111011011011011100
11111111110111011110001001100010
00000000000110000100000001010110
00000000000001011110100011001111
00000000000011011010000100011110
11111111111001011101101000110000
00000000001111001101000011010100
00000000000111010011010000001110
11111111111010101101000001101001
00000000000000110100100111110000
11111111111000010111011011001111
11111111111111101111010100001111
11111111111010001110100110111011
00000000000100001000000011111010
00000000000000110001110100101011
11111111111100111101001111001111
11111111111101100100011000001010
11111111111011000111010110001101
00000000000101001111101101110101
00000000001101100111011111000101
00000000000101010110010001010101
11111111110011000100110010101001
00000000000110101101001110011101
00000000001001100110101110110101
11111111111011111011101110100111
11111111111011001110011011101100
00000000001010100010000101110110
11111111110111011011111110100110
00000000000110100010001100100100
00000000001010010010110000100000
00000000001001000010101001001011
11111111111000100101011010110101
00000000000110010010110000100001
00000000010101001011111101100010
00000000000011000100101000111011
00000000000001000100111011110100
11111111111010100110010000110110
00000000001001110110100010001111
00000000001100011011110000011100
00000000001101010010101110101011
00000000001100010100010100010110
00000000000111001010010001110100
00000000000101010011100000011000
00000000001000111100101111010110
00000000000111010110000100111010
00000000000100110010000011110100
11111111110001011100000100100000
00000000001000111101001100101101
11111111110010100010110011110010
00000000001110010000000011001101
11111111110110100101111011000000
00000000001100101110110001000011
11111111111011100111000010111001
11111111111010111001101011100010
00000000000111010110011101101100
00000000000011010010001110011011
11111111111011011001111010110100
00000000001010101111011000111111
11111111110100101100011001001101
11111111111010010011011000111011
11111111111111110001110010101110
11111111110100110100010110110101
11111111111101101011110101001110
00000000001110000100110111011110
00000000011000010110100010100101
00000000000110110110100011110101
11111111111010111100111101110111
11111111111110011000010001000000
11111111101111110100111101110100
11111111111011010000000101100110
11111111110111001100110111111010
11111111110010000011010110110000
11111111100100100010111010011101
11111111111101111100001000111101
11111111111011101101111100111101
11111111111001110110101010110110
00000000001011111110101000101100
00000000000110001110110010011010
00000000000011100001001101001110
11111111110101100011111011101111
00000000001100011111010100101100
00000000000100011010011111100110
11111111111111011011101111101010
11111111111000110111111001000100
00000000000000110110100110001001
11111111111111100111111010001111
00000000000001001010111000000001
00000000001001100101001100100110
00000000000110101001010100101110
00000000001001011110000000100110
00000000001101101110110111110000
11111111110011010101010001011111
00000000001000001100111110000000
11111111110101011010110100111001
11111111101110001010010001101000
00000000001010001000100001110001
11111111110101000110101100100011
00000000001100011110000100001000
11111111110111101111101000011101
11111111110111111101010111000001
00000000001111101000111110110101
11111111111110011111010101010100
00000000000110110011011010111100
00000000001000001010111010011101
00000000000011010010111010101001
00000000001100111100101110000001
00000000001110101101000111000111
00000000001101001010111111001110
11111111111010011010011111100001
11111111110111100001111001000110
00000000000100100111011110001111
00000000001000110101110001101111
00000000001010100100110100011010
00000000011011010001101101100101
00000000000111010010001010110011
00000000000100010000010010100101
00000000001100111011111000000011
00000000000110100011001001101100
11111111111101001010001110010100
00000000000111000011010100101000
11111111110111101001001001110011
00000000001101000101000010111100
11111111101101011000101111000001
11111111111110001100000101001110
11111111110111011100100111111001
11111111111100011101110000111010
11111111111100111100010010001001
00000000001111000111101111111000
00000000000010100100111101101110
11111111111011001000111101101111
00000000001010100000010100111001
11111111111110011101001001001000
11111111111100111000001101111110
11111111110101010001011101100101
11111111110000100011101001101100
11111111111011111000100101111101
11111111110110110001010011101100
00000000000011111111111101101100
11111111111111000100111001110100
00000000000011100010111011100111
11111111111000111111011110111000
00000000000001011010010111111010
00000000000000110100000101000000
11111111111110000110011001111001
00000000001000110111110100011001
11111111111011010110011000101010
11111111110100010110000110100011
00000000000010000100001111010111
11111111111001100101100100001110
11111111111001111101001111001000
11111111110111101111101000001110
11111111111100011100011011000100
00000000000011000110000000100101
11111111110010111010011111000111
00000000000011101001101110110001
00000000001001100011101010110011
11111111110001010000011100011010
00000000000111010111000110111110
11111111110101010010000001000100
00000000000110101001110101111111
11111111111111101011000000101100
00000000000101011111001111111011
11111111110101000101111000001010
00000000001001011100110011100010
00000000000000100000001010101110
00000000000011000010101001011011
00000000001101100111110101000110
00000000001111000000011110011101
11111111110001001010111100111101
00000000000100000011010000011111
00000000001000010001010010110101
11111111111001110111101010010011
00000000001110111010110001111010
00000000001110110011111100000110
00000000000111010100110110000111
00000000001000110100110000110111
00000000001101010000110100100010
11111111111001111111110100100010
00000000011011100001010101001100
00000000000110100101100101000011
11111111111011000100000110001001
00000000001101011011010010101000
11111111111011010100111010010110
11111111111111000110000001100011
11111111110010010011100111110011
00000000001000000101111100010001
00000000010010010000101110011010
00000000001000110111111101001110
11111111111101000111110100011110
11111111111101011111110000110000
11111111110110100101011000000000
00000000000111011100010010101010
00000000000010101011011101111101
11111111111011010101010011110000
00000000001011101110010100001100
11111111111111001000111100011100
11111111111111001001100101101011
00000000000000110110011000101001
00000000000010001111011100100101
11111111110101010010000110111101
11111111111100000011111001001101
11111111111011000011101111100111
11111111111001000101000100100101
00000000001101100011111100110011
11111111111110100010011111001010
11111111111001100111100100101101
00000000000111010000001011101101
11111111111001010100110011001111
11111111111101101111011001110011
00000000001001001110101001100000
11111111111110100011000000111001
00000000000100000000100101110001
00000000011001101011111010000000
00000000000100111110100111011000
11111111111001010110101111101100
00000000000111100110010101111011
00000000001010110110011001001101
11111111111111000011100011100000
11111111110111001111111010001001
00000000000100010101110100000011
11111111101110111111101010111101
11111111111011000110111101110000
00000000000111110111001111101011
11111111111100111111011110101100
00000000000101110101000010001101
11111111111110010011101101011011
00000000001001101001000110010010
00000000000110111010100110101000
11111111111011101001010011000001
11111111111111100110000101100110
00000000000001000101100110010001
00000000000100101111000101001010
11111111110110110100111110011101
00000000010000011011100010010100
11111111111111111110000001000010
00000000000001101100010100010010
00000000000100000100110011101100
00000000000100111110100100001001
11111111111011110000101110011000
11111111110111110100111101010000
00000000000000101110010010010101
11111111110111110100110000111100
00000000001110100110110111010001
11111111111000110101010110001110
00000000000110100111111011101101
00000000001001111001000111001110
11111111111101100010100110011010
00000000000011101111111001000010
11111111110111000110101101010100
11111111111010000011001101000010
00000000000110110011111110011110
11111111111001111100101010110000
00000000000001000100100011101110
00000000000011011010000000000000
11111111110010111011010100100000
00000000000111110010101011001011
11111111110010101101010000111000
00000000000011100101001011001111
00000000000010100111111110011000
00000000000000011110000101010000
11111111111111001111011001011111
11111111111101011110101011110101
00000000000000101110001010111101
11111111111011001000100000011101
00000000000000101010000111100101
11111111111010101000010110111111
11111111111100111011111010101100
00000000000011101100001001110110
11111111111000100000111110010000
11111111110110101110001000101110
11111111111110111011100101001110
11111111111010010010000100001101
00000000000010100101100111101000
11111111111101000000100110110011
11111111111000000010011000001111
11111111110110000110110001101110
00000000000010111000100100001001
00000000000000000000011000001100
11111111111010101010000101110010
00000000000010001001110111011001
11111111110111001011001011100111
00000000000011011001101010111001
11111111111110111010100000010011
11111111110111001001101001000100
00000000000001100011011000111000
00000000000000111101111111110010
11111111111100000101101100000110
00000000000101000110110010010101
11111111111110101001011000011010
11111111111000001110010000000000
00000000000000101100010000001011
11111111110111001111010101000010
11111111110111111000001101001111
00000000000100101111110110101000
00000000000010011100110101100101
11111111111011001100111100000101
11111111111110011100111011111010
11111111110110100000101001110111
11111111110110111100010100010110
11111111111011001011111011001011
00000000000001001101101000010100
11111111110110100000010011011101
11111111110110000110111000011000
11111111111011000001010000101110
11111111111010100010011011001100
00000000000100000011100011001000
11111111111100001100011100100101
11111111110110010010011000101001
00000000000100001011111100000101
00000000000101001111111101110100
11111111111100101110111010111101
11111111111011111010111110000010
11111111111101101100100011000000
11111111111001010110010000010100
11111111111001110111000101001000
00000000000100100001101000011101
11111111110111110100011000111110
11111111111101000001110111000011
11111111111100000110000110111101
00000000000011010101100111111100
11111111110111110011010100010110
11111111110110101111111110000100
11111111111111100110101011011000
00000000000000101011000011010101
00000000001000111011110100011101
00000000000000011100010110110010
00000000001110001010110111101110
11111111110111110010101110001110
00000000000001011100001010111100
11111111111011001101111111100111
11111111111000010001110001011100
11111111111000111001011101101011
11111111101110111101100110011011
00000000001001100001000111010100
00000000010001001001111100101101
11111111111100100100000010001101
11111111111010001011000001110000
00000000000000110100110110011100
00000000000011010110101000001011
00000000000111101011010100000001
11111111111111111000001011000011
00000000000011000110110001000001
00000000000110111100011011110000
00000000001001011111111101011110
00000000000100000110011111001101
11111111111111110101101010110101
00000000000000110001001010010111
11111111111111001001101111110101
00000000000010001110011111001010
00000000011011011011111101001100
11111111111110111011101110100000
11111111111000111101110101001001
00000000001010010010110000000111
11111111111010001001101010111011
11111111111101111111010110100111
00000000000111010010010000000101
11111111110110100011011110110111
00000000000111000101010011110100
11111111111010010110001100001101
00000000001001100101100010010001
00000000001011000100111001101001
00000000000100011000001010100110
00000000000110100110101010001010
11111111111111011110001110010010
00000000001101100001101011110110
00000000001001101110110011010000
11111111111101001001111101001110
11111111111001110011111011001111
00000000000111000100100111101010
11111111111101111010100110101110
11111111111010110010100000000100
11111111110111010000011111111010
00000000000101001110101110101001
00000000000011101000001001011110
11111111110100010000100110011111
00000000000011000010111100111010
00000000010100111010000000001000
00000000001111000100100010001001
00000000000010000111101010101000
11111111110100110001100010010000
11111111110011011111111010001100
00000000000110011111111001001010
11111111111111000001110001001001
11111111111000101111101101010110
11111111111101100100011010111011
00000000000110000010101100111010
11111111111010101011010000111111
11111111111101101110101001110110
00000000001000001011011001101101
11111111111101000100101001101101
00000000000100000100001111011111
00000000000100111101001010010111
11111111111100010110101011100001
11111111111001010111001001001000
00000000000101010001111111011000
11111111110100101101111111110000
11111111110101010111101111110100
11111111111011010011110001101011
11111111111000101100001000111000
11111111111000101001011111010000
00000000000000110010001011010101
11111111111110000011110010001001
11111111111000001101100111110001
11111111111011011100010101001001
00000000000101110101101001000000
11111111111011000110111101111001
11111111111111011000100011101011
11111111111001000001011110001011
00000000000100000000010101101100
11111111111101000100000001101101
00000000000011101111100111110010
00000000000100010010000000101001
11111111111100000111110101001001
11111111111000100100110001101011
11111111111011100101000100100001
11111111110101111001101111011011
11111111111001000110110100000010
00000000000101010111101110100010
00000000000000001111001011111011
00000000000101010110011010100011
00000000000101100011111010111111
00000000000011110111101000011111
00000000000001110010101101011010
11111111111110110000000011010100
11111111110110101010001000110111
11111111111011000010110001000010
11111111111010101100111001110001
00000000000100101110110110010011
00000000000000100110010101000001
11111111111110101100100001000111
11111111111001001000010011001010
11111111111100101101001011001001
11111111111100110110101110000011
00000000000000100111010011000110
00000000000101100100110010110110
00000000000100110110001100110110
11111111110111011001000000011000
00000000000001010001000110001110
11111111111011001000011110100101
00000000000110000101000111010001
00000000000010010110110100110100
11111111101101001110000010001001
00000000000100111111010010110101
00000000001011110110000110101111
00000000000111011001111011010110
00000000000001100000111010111000
11111111111101010000000001010100
11111111111101011011001101110011
11111111111011000000101101100000
11111111110110010101100011110110
00000000001011101111011001000110
00000000001010010010110011001000
00000000001011110000011011100100
00000000000101110101010001011110
00000000000110011000110111001111
11111111110100001101110000100001
00000000000100100100100101111010
00000000000110011010010100111001
00000000001010100010011010001001
00000000001010000111001110101101
00000000001011000001000001111000
11111111111100110000110101000001
00000000001001111001010000111000
11111111110111000011010011101010
11111111111010111111111000001100
00000000000001110110000101011100
00000000000101010011100101101111
11111111101100111111000110100011
00000000001011110101110011111011
11111111110100000010101110001100
11111111111100001011101000110000
11111111111000100100111010111011
11111111110100101110101000001001
00000000000000101111110000101110
11111111111000110000010001011011
11111111110110111100000110101010
00000000000011000110100011001000
00000000000101011010010110011010
00000000010101010101001011000100
11111111111101111001100011110011
11111111110000001011100000101011
11111111111100010011000011001100
00000000010100001011100101001001
11111111111110001100001001110100
00000000010110001101001000111101
00000000000101010000110001000100
00000000001011100000001010111000
11111111111000000010000011010101
11111111111101001111100001110011
11111111111010111101001010011111
11111111110011110101111101100000
11111111101011011010100011100011
11111111110111110011010011110110
00000000000010000010100111111000
00000000001000101101010110111110
00000000000000100011100010100110
00000000001111010011101111111100
11111111111110110010011110000001
