11111111111011111101111010111010
11111111111011011111101101011001
00000000000000101110001010100100
11111111111010010000110100010011
00000000001100001011110100010110
11111111111110110100000110111000
00000000000110111110111110111001
11111111111000000100100010111010
11111111111001010111001100110100
11111111110110101110111111000001
11111111111100111000001011000000
11111111110011001001010111001101
00000000000101101010001001100100
11111111111101010100111100101111
11111111110111000001100110101000
11111111111100010101011001011011
11111111111001110011101110011110
00000000000000001110100000011011
11111111111110011100010101011101
11111111111000100000010010011111
11111111111111010001000111101010
00000000000010110010011111011000
11111111111101000110110000111101
11111111111000001111010011001100
11111111110101100010101100010111
11111111111000110001110100000001
11111111111000001110001100011100
11111111111101101111000011001101
00000000000011100010001000100001
11111111111110111101111110111000
11111111110111100011110111101010
00000000000011000011010111011010
11111111110011010110101101011000
11111111111001101010001101001111
00000000000001101000101100000011
11111111111000001110101101010110
11111111110111010111100111111110
00000000000000110110110110011001
11111111110100000001011110000100
11111111101111011110001100101100
11111111110101110000010010110111
11111111111111110001000101001011
11111111111000010011111001010101
00000000000010110010010101010110
00000000000001101010101001000100
11111111111101010001100010110001
11111111111001111000111111000111
11111111111010101001000000010010
00000000000001111100000001010110
00000000010000010100111001110111
00000000000001101001000101110010
00000000000111111110100011001101
11111111111100010000100010001010
11111111110001100011101010110001
11111111111001010111001010001010
00000000000001101100000111011100
00000000000111101100000111001110
11111111110101000011100100100111
11111111111100000110010111100100
00000000000011001001100100010010
