00000000000100100001111110101100
11111111111011000010001010110110
00000000000000101100101001011110
11111111111101101100111010000000
11111111110110111010000111110100
00000000000010101101000010011110
00000000000001111110101111000011
00000000000010100001111101001100
00000000000101010000111000111001
00000000000000110001110111011110
11111111110011101100011110011101
11111111110110110100100001100010
00000000000101111111110011001000
11111111111101110011011100011010
00000000001111111111101100000111
00000000001010000111111100100001
00000000000000100110111111100001
00000000001001011110010110010110
00000000000010100100110011101111
00000000001100111101001101110001
00000000001101001100100000101010
11111111111001001100010001010101
00000000001010111010100010100011
00000000001111001111000000101111
00000000000101011000011111011101
11111111111011111010011110001111
11111111111100110110100110110010
00000000001011110111000110011001
00000000000100110100011001011100
11111111111101111111110000111010
11111111111001110100000000110101
00000000000101100011100111001100
11111111110010000100011000111101
00000000000010011000100100111101
00000000000010110111111111110100
11111111111111100011000011101001
11111111111001010111001110010010
00000000000001110111011011100110
00000000001100001100010101101011
11111111111110111101111000010000
11111111110110111100101101110011
11111111110111010101101100111101
11111111111110101100000011010011
00000000000010110011001000000110
00000000001000011010110110100000
11111111110101100000010000011010
00000000000100001011111101000100
00000000000101001111100111011100
11111111111000011110110111001110
00000000000110111101100101110001
00000000001001000001110101001101
00000000000001111101100111110110
00000000000100100110101001001111
00000000001111011010011110001101
11111111111110011001001010111100
00000000000100111001111001110010
11111111111110000011101001010001
11111111101011111001001000010011
00000000001100111111111110000011
00000000001001000110011111111000
