11111111111101000001001001010100
11111111110011000111111110110010
11111111111000000110101101100111
11111111111000110001011001000110
00000000001000011100110101111001
00000000000010010000000111101110
00000000000100000001100001001100
11111111111000101111000010001100
11111111111011000111100010011010
00000000010000011010001101101011
00000000000111101000101000000001
00000000000110011110101001101110
00000000000001000010110001001001
11111111111100100001101000001110
00000000000011001110000011101000
11111111111001001101101101100010
11111111111011000001110011010110
00000000001010001101100100111110
00000000000111011011101100001101
00000000011101000001111001010100
11111111110010011000100101001010
11111111111011101100101011011110
11111111111111001100100011100001
11111111111011100011101111010101
11111111110100001011111100001011
11111111111111001110010011100001
00000000001000101111101000000100
00000000000011100010110001011011
00000000001111100000010010011011
00000000000101110011111001111101
11111111111001001111101100110111
00000000000000001100110000011100
00000000001010000110111000101101
00000000001001011000000000100101
11111111111010010010000001010010
00000000001111110110100111110000
11111111111110011101011111001110
11111111111110101100011111010111
00000000001010111001110101011111
11111111111000100111001111111001
11111111110111110111000111100010
00000000001110010101110011100101
11111111111001101001011000010101
11111111101010101010000010010010
11111111111010001000110100100011
11111111110000010110000001111010
11111111111010001000011011010110
00000000000011111101110111101000
00000000000000000000011111110111
00000000001001001111111101010111
11111111111110011110110010001101
11111111111111000111001100111001
00000000001000001010001100000101
00000000001110011111101010001000
11111111111001000111101101100110
00000000000011110010111010111111
11111111101111101101001010000000
11111111111110010010111001010110
11111111111011001011111110000110
00000000000011110010101010111001
