11111111110111000101000010101001
11111111111000001111011110011111
00000000000001001001100001110110
00000000000100011000000000000101
11111111111011001100111011001000
11111111111111011110001100001111
11111111111011010011011110001110
11111111111101001001011000101111
11111111111100010000011001101111
11111111111110011001111011111010
11111111111110111110101011001000
00000000000000101000000010001010
00000000000001010001101110111010
00000000000011100110111110010100
11111111111101011000011100011000
11111111111101011110001100110100
00000000000001000011010110011000
00000000000010100110111010010101
00000000000001110001101110000010
11111111110110010101100000011110
11111111110111100111000101011101
00000000000111101011000101000111
11111111110111101010011010101010
11111111110111010010110000010101
11111111111100001110100101110011
11111111111100100011100000100010
11111111111100110111101110010000
00000000000001011001100110000100
11111111110100001000110001101010
00000000000110001010010101101010
11111111111101001111111110101101
00000000000000101111000101001010
11111111111110010001000100010001
11111111111001011011100010100110
00000000000101110000111100010001
11111111111111001011001100100101
11111111111010011101111011101011
11111111111100110000111010011111
11111111111010011010101111001001
00000000000110001111000010010011
11111111111010010101010101111100
11111111110111000111110001010111
00000000000010110110100101000011
11111111111001110000010000011100
11111111111010010000100010000010
11111111111010101000001011111000
11111111111011111011000111100000
11111111111100100010011000001110
11111111111110001101101000101001
00000000000001111101010001011010
00000000000000110110100000111011
00000000000011011110010010111000
11111111111001001101111000111000
11111111111000001011111100011111
00000000000000001110100111101101
00000000000010001011011111101011
11111111111011000101101101101011
11111111111100111010101101010101
11111111111011110111000010100000
00000000000001110111000101010011
