00000000000001100001001111101100
00000000001011000100001100100000
00000000000101100001110011110111
00000000000110010001010001111001
11111111111100110110110000001100
11111111111101000011000110000100
00000000000011000011110000000011
11111111111001000010010011111110
11111111111000111101010101001110
11111111111001001110110111010001
00000000001000001011011011111101
00000000010001000000110110010100
00000000000110101100011001100111
11111111111000101100110000000011
11111111111101010010110100011111
11111111111110000011110000001010
11111111111011101000101110010110
11111111111001101110110001000110
11111111111101110110001011001100
11111111110111000101000111110111
00000000000000011111010011100000
11111111111010001100100101110101
00000000000111010010011110101111
00000000001001111011110001011000
11111111110110111111010100111100
00000000001010100100010110111101
11111111110111100000001010010001
00000000000001011010001111111100
00000000000111010110111100001110
11111111111101111111000111010111
00000000001000000110011101010001
11111111111011000010000010000101
11111111111100001110001010010111
00000000000000000110010010110010
11111111111000000100011000011001
11111111111110011100100011111010
11111111111010011100101001010101
00000000001001111011110111100000
11111111110001110101100110111000
11111111111011011110101010110111
11111111111100000010111100111111
00000000000011010101101000111101
00000000000110100111001001011001
00000000000111010100011111111000
00000000001001100001101001010000
11111111110111000110010110100010
11111111111001001111111110110101
11111111111101001101010101000100
11111111111111101001010000100010
00000000001011100010111010110101
00000000001010110111000111011000
00000000001000001010010001110100
11111111111100111001100011011100
00000000000110010110000001100001
00000000000110100011001111010010
00000000000010001010111010111010
11111111110111100101100111000011
11111111110001001110100111001000
00000000000000100111110100110001
11111111111111000000111100001011
