00000000001110111111101010100101
11111111110001101010010011101111
00000000000100010101110000010001
11111111111001110100011100110100
11111111111000010111001001000111
00000000000011011100101111001111
11111111111110000000001011001010
00000000000110000101111001000101
00000000000000110110111011110011
00000000000011111000001011011111
11111111110100111001000101001100
11111111101111011010010111111011
00000000000011111101100100100111
00000000000001000101000100101010
11111111111000011111011000100110
00000000001000111001001110101100
11111111111011000000010000111110
00000000001010110010110000110001
11111111111010011001110001111100
00000000001011011100101100011011
11111111110110101101110010011011
00000000000010000101000001101000
00000000001100101010001100111001
00000000000011101100010000010010
00000000001001011011011111010001
11111111111101110011101101111111
00000000000001011001011101101100
00000000000111111101100010001010
00000000000100110011110101010101
11111111111100010010010100111000
11111111111000101101011110010000
00000000000010100100101010110101
11111111111110010110010100001100
00000000001110000011010010110110
11111111111001101010111101000001
00000000000100000110011100110110
00000000000011000000111010100100
11111111111000110001101001111001
00000000000010011010001011011011
00000000000100011111001100000010
00000000000111001010001010010001
11111111111001100000000011000101
00000000000000011101001110100110
11111111110101111101101011100001
11111111111010000110000100010010
00000000000001101000010011000100
00000000000001010001000100010101
11111111111011011111101101001000
11111111101111110111101100100000
11111111110101111010100101001011
11111111111101101011001100111110
11111111111110011011111100110101
00000000001000001111110100111000
00000000000110110000101111001111
11111111111010000001001011110101
11111111111110100111010010011001
00000000000101100110001111001011
11111111111101100010101001011111
11111111111111010101000011001101
00000000000001101101111010111110
