00000000001000100100010010101001
00000000000011111010011010001010
00000000000011110011100101111000
00000000000011001111000000110001
11111111110101010010000101100101
00000000001010111010010110101000
11111111111111101101100101100111
00000000000111000001100000100011
11111111110111110101010100010000
11111111110111101000110010110000
11111111111100010101011000111011
00000000000001011010010001001000
00000000000011111101011100011001
00000000000100000001111001001101
00000000010100100010101110100001
11111111111010101010010110010001
11111111110111110000100001010110
11111111111001111100001101110110
11111111110000100010011101011011
11111111111111111010100100010101
00000000000001001100010001101101
00000000000000101011100100010000
00000000000101100010100110110110
11111111111010011010000011101001
00000000001001011100110001111110
11111111111101110110011011100101
00000000000011110100000010010110
00000000001001101101111110101101
11111111110101000100101000011010
00000000000101101111111011001000
11111111111110011101011001010110
11111111111011100011111110110001
00000000000000000111100100001101
00000000010000110111000111111001
00000000000000111100011000101011
11111111110100100111010011101000
11111111111111001011100101000001
11111111111100100100100110010000
00000000010011101001010110110010
11111111111010001101011011101010
00000000000001100100111001100111
00000000001010010010000010010011
11111111110111100000101010111101
11111111101111000001100111000111
11111111111110011011110111011010
11111111111000101000101001110111
00000000000111001000110101101100
00000000000110001001101100100101
11111111110100010001110100001111
00000000001110101100010001011111
00000000000001011001111000001101
00000000000110000101101010001100
00000000000100100001011001011111
00000000001100111010011000100001
11111111111101011101010110101000
11111111111100011111110001110001
00000000000010001101101100011011
00000000000110000110111010001111
00000000001110010001011001101011
00000000001000010001111100101100
