11111111110100011010010000110000
00000000001010101101110101001111
11111111111010101100011011001101
00000000000011000010111001001011
11111111110000101101100111011011
00000000000000101001000011010100
11111111110111011011001101111000
00000000000111110111010110100010
11111111111001100100011100010010
11111111111010010110111111100000
00000000000101011101000101010001
11111111111010100100100110111110
11111111110110110100000001000010
11111111111001100110100011110110
00000000011010111000010010110010
00000000000110011010100110011001
11111111111100101111110010011100
11111111111101001011101101000000
11111111110001110011100100110010
11111111101111000111001010110111
00000000001011100001100101101110
00000000000111110101001011011010
00000000000111010001000010111100
00000000001010000100010000101010
11111111111101001101110111010110
00000000000100111011011111011100
11111111111011011010000110101101
00000000001101101100100111111010
11111111110110011111011000010010
00000000000011100010111111010001
00000000000101100100011100111101
11111111111010110000110000101011
00000000000100111000001101011011
11111111111001001001000110110110
11111111111100001011110001001000
11111111110110110000010000010000
11111111111110101000010001111101
11111111111010100000100111010111
00000000001000111010111000100001
00000000001000101000100100000110
11111111111010100010000101110001
11111111111110100100001110000011
11111111111111010110110000011010
00000000001010101101001000010010
00000000001010110010010010000101
11111111111100011101000110000111
00000000000000000111111011010011
11111111111011101010000000100011
00000000000101111001010010110111
00000000001010010001000110110010
00000000000011010000001000000011
00000000000011111101110110010010
11111111111110000000110100010111
00000000000011111010010001110110
00000000001001011100110011100000
11111111110101111100110100010111
00000000001001011110110000010001
00000000000111001101010000000100
11111111111110000001000100011010
00000000000100110101110010100101
