00000000000101010011000110011000
11111111111010011110100011111110
11111111111110110010111100000011
00000000000100001101110100010010
00000000000110111011000101010111
11111111111100000011001010010011
00000000000001010011010100110111
00000000000000111100110010000000
11111111110111110001100100100100
11111111111110110100110110110000
11111111111110111100100101010101
11111111111010000101111101110011
11111111111101000000000000010110
00000000000001000010111011100101
11111111111000001001011001111100
11111111111101010111101111110101
00000000000000001110000110001111
11111111111101110010010011100011
11111111111000011111100101000010
11111111111011101110000010110001
00000000000110000011000111010010
11111111111000100000111110101100
11111111111110000101111111101001
00000000000110101001001001101111
11111111110110101001011001001011
11111111111101110101011110100111
11111111111000110011100000011101
00000000000000110010111100100100
00000000000101010101000010011101
11111111111100100001111011101111
11111111111111010100011000110110
11111111110111111000100111101000
11111111111101100001100111000110
11111111111101100110110011001010
00000000000010101010000110010001
11111111111110000011111111111101
11111111111101001101100011000011
11111111110110110100001001010000
11111111111001111010110111100100
11111111111001000111010001000011
11111111110110111101101011111100
11111111110110101001011010000011
00000000000111001000000001011111
11111111111001101000001111101001
00000000000011010110110100001110
11111111111011010110011001111101
00000000000101111011000001110011
11111111110111111010011000001110
11111111111101010011011001100000
11111111111000110101100101000110
11111111111111101000110111110100
00000000000100011011111011110000
00000000000000110001000100010101
00000000000001111100000111001110
00000000000001100100100101010111
11111111111001111101000111101000
11111111111000101011011110100100
11111111111000000111111110001110
00000000000011101011001001011100
00000000000000010000001001000101
