00000000000110011110010011100001
11111111111000110110010010101001
00000000000101111110000111010110
00000000000010010111111100110010
00000000000111111100010010111000
11111111111111111101011110000001
00000000000001100110011111011101
00000000000001010000110001111000
11111111111110100110000001000001
00000000000110100010011010100001
00000000000100100001001010101111
00000000000110000010101000011101
00000000000100000110100000001000
00000000000001111111000011111101
11111111111000011011111111000101
00000000000011000111111100111011
11111111111011000010010110000011
00000000001000011110100000101000
11111111111100100000111010000000
00000000010010011001001100011010
00000000000010111001101011110111
11111111111111011000001110110110
00000000001010001101111000011100
00000000001001111011100001010100
11111111111000010101110001101111
11111111111110010010111000001001
11111111111010000011011010101010
00000000001010000100001010110001
00000000001110010100101010000000
00000000000001101010001101101110
00000000000001100110111011001111
11111111111001010100110101011001
00000000000000100100101010110101
00000000000000000100110101100111
11111111111011111000111101101100
00000000001011100001100101110111
11111111111111010100101111100101
00000000001000011001010000000010
11111111110001000110101011010010
00000000000011101101001011011100
00000000000110011010000101001010
00000000000000101011101010011011
11111111111001011000111101110100
00000000000101001100111110111011
00000000001011111100000000011110
11111111110111000000010101101000
00000000000100010101111111101110
11111111111100110101101100101010
11111111110010101001101000101100
00000000000111010011110000011011
11111111111110011001100111010001
11111111111011001001111111101101
11111111111110001101101011001111
00000000001100110100000101111100
11111111111000001000110101110111
00000000000100010011100001000111
00000000001111001011100010011010
11111111111001001101110000011010
11111111111100101100000010100001
00000000000011011101110101101100
