00000000000000011101110111010000
00000000000100110000110100010110
11111111111000110000010100110000
11111111111110010101101110010000
11111111111101000100010100101101
00000000000000010110110111011000
00000000000001101101101011011101
11111111111011111100101000101101
00000000000101110011111011001101
11111111111110111000000001110001
00000000000101011101011011101001
00000000000001010110010110111111
11111111111001011011010111010010
11111111111100111010110100010011
11111111111010001001101011101100
11111111111011101000001000100111
00000000000010100101001101100101
00000000000101101101011101001111
11111111111111000101001011101011
00000000001111011110011100011000
11111111110110101000101110111100
11111111111000101101010100100000
00000000001111000110010110100001
11111111110001100001000010001011
00000000000000001110100110001011
11111111111001010010011100110010
00000000001000111101110010011010
11111111110011110011001110110100
11111111110001001100100000011011
00000000000110100110110001100001
00000000000011010001101010111010
11111111111100111011110010111011
00000000000111100010011110010111
11111111111101110010110111110000
00000000000101000111010110111000
00000000000011111100101111001010
00000000000011000101100111110101
11111111111110100011010111000100
11111111110110001100001111011101
11111111111000000111010010111000
00000000001010010000001111111010
00000000010110010001110110010000
11111111111011111100101100111111
11111111110101110100100000111001
11111111101110101110101000000100
00000000001001010100101110011100
00000000000000000001000111101010
00000000000011100001101000011000
00000000000111001101101001110111
11111111110111100101011110110101
00000000000110110000010001001100
00000000000011011001011101111110
00000000000100001001110011100010
00000000001010100101100110000100
11111111111001101110001100000011
00000000000001110000000010110110
11111111110111100111000111011111
00000000000010010010101001101110
11111111111110011111001111011111
00000000000010011110001100111010
