00000000000100111001011011111010
11111111110010111111111000011010
00000000000011111100000000110001
11111111111110110110110010111111
11111111111110001110111111001000
11111111110111000011010000001011
00000000000110010110011000001101
00000000001011101111111000100010
00000000000000101010000010100000
00000000000000011111000000111000
00000000001011101100000010101110
11111111110111101101111010110101
00000000001000011101000011111100
11111111111111000010000000011101
11111111111101101111001001001100
11111111111010100100011111010101
11111111111110000101000110111111
11111111110101101000101001001100
00000000001100010000111110011101
00000000001001101111101111010110
00000000000100011010111110110000
11111111111111000101110000101110
00000000001001000011001011011110
11111111111001100011101010000110
00000000001101110001011010001010
00000000001000100010100000100110
00000000001010010100111000110110
11111111111101000110011110100110
00000000000010111000010101010010
11111111111101010000100001000111
11111111111100101100111111111001
00000000000100111100011010111001
00000000001011001011011011010101
11111111110100010101100111111000
11111111111101100010111101110011
00000000001000011000010010110100
00000000000111101000011111110111
11111111110111010010100011011110
00000000000010000111111110000101
00000000010010001111110001001000
00000000000101110100010100000111
11111111110101100001110110111101
11111111111101101011001000010100
11111111111100001100101010100010
11111111111010010001001001110010
00000000000110110011101100100101
00000000000101110010000000001100
00000000000101011010111101010110
00000000000000001100110111110010
00000000000001110111101101000000
11111111110101100100100101011000
11111111111111001010111011010000
00000000000111111101110000101011
11111111110101010111111100110110
00000000001110110010100110001011
11111111111101010011001010011100
00000000000101100101011101001000
00000000010011001001001101111011
00000000000101011110110111000111
00000000000010101010100101011110
