00000000000000010111101111101010
11111111111001011010101001010100
11111111110111111101100011101101
00000000000100001000110111100010
11111111110111110111001010100100
11111111110110010110011111111000
11111111111010000011011101110100
00000000000100110100111000001000
11111111111000011101100011011010
00000000000110101000110000100111
11111111111110101011010010110011
00000000000100000010011100010100
11111111111101011111011101010010
00000000000010001000011000000111
00000000000000001001110101000100
11111111111011111011011100111101
00000000000100101011111000110011
00000000000100100100100101100000
11111111111010101111111001010011
00000000000100111010011000101100
00000000000010110100011110110010
11111111111100111011110011001011
11111111111100011111001001011100
00000000000001011110110011001001
00000000000100111011000000000110
11111111111001111101000110010011
00000000000000111010100110011010
11111111110110010111100011001110
11111111110110111011110001010010
11111111111111110001011101000111
11111111111001110011010110110110
00000000000101111001000001001001
11111111111111010010110001111110
11111111111110100011000011111100
11111111111010101111000110101101
11111111111110101101001010010011
11111111110110100111011101000111
00000000000011100111101011010001
11111111111011101100110101110010
11111111111101011110111011100001
11111111111100010010110110010011
11111111111010011110001011101010
00000000000110001001010100110010
11111111110111001111010011101100
11111111110110111110001100000110
11111111111100001101010111000100
11111111111011000100001111101010
00000000000011001000101011110101
11111111111101100101001000001010
00000000000001100001010100010111
00000000000001111000010010010000
11111111111100101100110110001001
11111111111000111001011011001011
11111111111010110010001001100100
11111111111100010110011000110010
11111111111100001110001010100110
11111111111101011000001010111110
11111111111010111101010000000010
11111111111101001110001111100101
00000000000101100110110010011101
