11111111101000001010101011010010
11111111111000001110001110111010
11111111111110001100111110001110
00000000000001010010100001101111
11111111111011000010101010010001
11111111111010010101110001010100
00000000000100001110110110001100
11111111111001111011111000010100
11111111111000001001100011011010
00000000001110110110010010101101
00000000001100101110011001011101
11111111110111101110100111001010
00000000000011000110011011110000
11111111111010100011111010100011
11111111111110010110111010100110
00000000000101111110000010011001
11111111110111101000100101100000
00000000000101000100100111100101
00000000000100000010000011111100
11111111110111110000110111000000
11111111111100101010011001001100
11111111111010101000111010101111
11111111110101000010010101001010
11111111100101001110101000101010
11111111110111001100010011111011
11111111110100010001100100011011
00000000000011000111010011100110
11111111111100010100111010110100
00000000000111110010001101110100
11111111111100001001110101000001
00000000000101010011001110011011
00000000000110011111010100001100
11111111111111010100000110010001
11111111111000000101011011010101
11111111111100101010100111111001
11111111111101101100101011100011
11111111111011001111001101000000
11111111111100100100011000001111
00000000000001000011010111110000
11111111101111001101111101110001
11111111110011000100001101000101
00000000010011000110010110110111
11111111111110010110010111001000
11111111111111101110011001000110
00000000001000101000000011101000
00000000000010011001011111010001
00000000000111101101111001111111
11111111111110110011111000101010
11111111111001100001001111001011
11111111110010000000010010110111
11111111111101100001010001000100
11111111111101010110011110111010
11111111111111000011010100000101
11111111111011110011000111100100
11111111111111110100000101010100
11111111111011110001111001011011
11111111111101101000011110101110
00000000010000101000111011101011
11111111110101110111010000101000
11111111111100011001100000000011
