11111111111111101011100110011010
00000000000100111001010110101011
00000000001000110110011011001000
00000000000100010011010000101110
00000000000110110010000100011100
11111111111001011111001111000111
00000000000111000111111000111011
11111111110110101101011010000011
11111111111011001000110110111010
11111111111101010001100000001011
11111111111110010010100110010001
11111111111110011011110101010000
00000000000111011100101100100111
11111111110111101111101010101110
11111111111000010001101101111001
11111111111100001101111000001010
00000000000010101011001100101000
11111111111010111001010111000110
11111111111111011001011001100000
00000000000101010100110100111011
11111111111111110111110010101001
00000000000000000110111111100011
00000000000100110110010101010000
11111111111101111001000100000111
11111111110111111011010100111111
11111111111110101111011110000101
11111111111011000101001110100000
11111111111010000010100001110101
00000000000100111111010110101100
11111111111111110111110001001101
11111111111100000011000110001010
00000000000110011111001100011101
11111111111101000001111001110100
11111111110111110100110110100101
11111111111111100001011111000011
11111111111110101100110101000110
11111111111110110001010110011010
00000000000011111100010111010001
00000000000101010011001001100011
00000000000000011001101101101001
11111111111010011011110011010101
11111111111011100111100010111010
11111111111001100000111100000101
11111111111000100001111001001011
11111111111001101010110100100101
11111111110111100000100110100010
00000000000001010111000010111111
00000000000000011101101011101111
11111111111100001010110010000101
11111111111110010111111110110110
11111111110101100010001111101111
00000000000110011011010000111110
11111111110101100110011010110110
11111111111001110111111001100110
11111111110110101000110000010000
00000000000101100011110101100100
11111111111010001110111011111001
11111111111001011011010111110100
11111111111001100100101010111110
00000000001000001000110100011010
