00000000000001000111111111111000
00000000000010101110010101001100
00000000000010100010001001100100
11111111111110110011100001011001
00000000000110111110101011111010
00000000000001000010110000000011
00000000000010110101110000000010
00000000000111110011111011011010
00000000000010111011110001001011
00000000001000010011001111001000
11111111110010001111000100010110
11111111101010101110111111011111
11111111111011010111011001101011
00000000000110100111000101110010
11111111110110100110000000010011
00000000001011000110001100010100
00000000000101110110010011001000
00000000001110110010010111011111
00000000001000100010100010100001
11111111111100001100001000000010
11111111111101110011101110100010
00000000000111001010010010100010
11111111110011110010100010101111
11111111111100000101101100100010
00000000000101101100110001111101
11111111111001011100101000110111
11111111111110011010001001110010
00000000001010101111101010111100
00000000000110110111011011001010
00000000000100100011100100111101
00000000000111001001110110111000
00000000000110001100100000100010
00000000000010010001001001100111
11111111111111111110001101110001
11111111111101011101001101001000
00000000000110110111101001110010
00000000000000000111011011100000
11111111111001000011111101101001
11111111111111000101001001111101
11111111110010010110111011010010
11111111111111111101100011100000
11111111111111010110001100110010
11111111111010100110000110100111
00000000000010110010001110001001
00000000010011011110100011010101
11111111111101110101001011001101
00000000001010001111011011100110
00000000000100110100110011011010
00000000000110101000001010000101
11111111110001110010010011111000
00000000000100000001111000101110
11111111111001001100101000001000
11111111110101010110100111100010
00000000001000110100101110001001
00000000000001011101000101110010
00000000000101011010111000001000
00000000010101101110010000001101
00000000000100110001100100101100
00000000000110000110001001000110
11111111111000000110001100101110
