11111111111111000000100011100000
00000000000000100010011011000010
11111111111011111011110101100100
11111111111011111101010110000010
11111111110000110110101000101101
00000000001011011110011001111101
00000000001000001110111100110010
00000000000100100000100110111001
11111111111011010010101110011101
11111111111101110111111001011111
00000000000000010100101101010100
00000000000101000110101110100010
11111111111000110000101100001011
00000000001000111011100011001011
00000000000011110011111111010100
11111111111010111010101111011001
00000000000011001111010001110000
00000000001111010110001011101100
11111111111101100010110110110100
11111111110101011011111010101111
11111111111100101001100000111000
00000000000100000010101010001001
00000000000101000100000011001000
11111111111011011011000101001100
11111111110100001110010001110001
00000000000111111001111101000000
00000000000001101010011110010110
00000000001000111100100101000011
00000000000011011101001001111000
00000000000000110011101010111100
11111111111101111100101000100110
00000000000010100001000010101001
00000000001100111001010111110111
00000000000000111000001000110100
11111111111101001000100011010101
11111111111111100100010011001100
00000000000101110011001111101000
00000000000001011001000011000111
11111111111110010111000001011110
11111111101111101001111010000111
11111111111111100001011011000111
00000000000011010110010111011000
11111111111110111101011011111010
11111111111100111111111100111101
00000000000101011010111100111100
11111111111110001111001110111100
11111111111110111111101101101101
11111111111010010011100011011000
00000000001101110011001110111110
00000000000001011111101110010000
00000000001100111011001111101100
11111111111100100010101001101011
00000000000000111010101110011101
11111111111001110111111000010101
00000000000001100101100110011000
00000000000011011010011110110011
11111111111010101110100110010100
11111111111000011110111011111001
00000000000100101011001001111101
11111111111011110011001011100111
