00000000000001100111110110001000
11111111111111100010100010001010
00000000000001011001100010101010
00000000000011101001010000001011
00000000000011110000001110110111
11111111111110001111011101011101
11111111111111101001010011110001
11111111111111101101010100111000
00000000000001110111001100110001
00000000000100010010000010100110
00000000000110111010100001010111
00000000000001011001011010110100
11111111111011111111001101101101
11111111111101101101101000100000
00000000000010111000000100101011
00000000001101011001101111010111
00000000000001000001011100010111
11111111111111101110011001100010
11111111111001011001010100100111
11111111110100001010100111010110
11111111111000100011010100100010
11111111111001001101000111100101
00000000000010111101000101111101
11111111110011011010010001011010
11111111111101000101000110111111
00000000000111111110101000011100
11111111110010111001010000110001
00000000001101100101110110111011
00000000000111011111000100011100
11111111111001111001001110100010
00000000000001000010101111011101
00000000000111001111111101000011
00000000000010111011010001110110
00000000001011111010011110011100
00000000000111100001001101000001
11111111111110010011001010010111
00000000000110010111001010111101
00000000001001001001000100001010
11111111111101110111000100101011
11111111110100100101111111100000
11111111111100010011100000011100
00000000100000001010100101101110
11111111111011100001010111100001
00000000001001001110010110110001
00000000001010010100111101011001
11111111101110011011111000011100
11111111111100101100100101110001
00000000000010111100100100111010
00000000000111111110000101000010
00000000001101111111011000001111
00000000000011100010100110111010
00000000000100011101111111101000
11111111110001111100111111000011
00000000001011010101111111100011
11111111111110011111010101000010
00000000000100000111010010101001
11111111111101101001111111101001
00000000000001111000011100111000
11111111111110010111011101101011
00000000000001100011001001001101
