11111111110100101010001101010000
11111111111101111101010111110110
11111111111010100010100110111100
11111111111001000010111001111001
11111111111100111001000010010110
00000000010001001110100111100110
00000000000001110111110000000001
11111111111001110011110110010010
11111111110001101011011010110100
00000000000010100010001000101111
00000000000011101000011100111000
11111111110111001001101111011100
11111111111000010101110001001110
11111111111010111011110010100101
11111111110110101111011100001101
11111111100111111000010100001101
00000000001011111101011111101001
11111111110001101011111001101010
11111111111101111101100011010011
00000000001101111101011010010100
00000000001010011001000110111010
11111111111010001001010011110010
11111111111001101011111011101000
00000000000001010010100011000101
00000000000010110001010101100110
11111111110101100100101100001101
11111111110111111111111001101111
11111111111110111001110010001010
11111111110101100010011010001110
00000000000001111100010010110101
11111111111110001010111111010000
00000000001111101010111011101011
11111111110110110001100010001100
11111111111100011101000100101011
11111111111001000100101011001000
11111111111100000001111001101010
11111111100111000100101001101011
11111111111000011011010011101101
00000000010000110000110101011110
00000000001000000100101011000100
11111111111111010011010101011111
11111111111100010010000101000110
00000000000010101101100101001101
00000000000000000001100111111110
11111111110001001011000111110100
11111111111110100010111000111011
00000000000100010111110011101010
00000000000011000010001100100111
