11111111111000001101111001100110
00000000000100110001100101011111
11111111111000111100100010010110
00000000000100100100001100111001
00000000000001111010100110100011
00000000000110011010101111001111
00000000000010000110011100100111
00000000000010010001011010100101
00000000000111000101010010010011
00000000000101101001101100000011
11111111110110000110110000101010
00000000000101110111001110101111
11111111111001100000100100101001
11111111111100101101100110101110
00000000000101111001110000011010
00000000001010001011111011101101
11111111111111100001101001000111
11111111110100101001111011101101
11111111110011011111001010111100
00000000000101100001111001000011
11111111111111110111011001010111
11111111110111111010111100010011
11111111101010001101001011101001
00000000000101011000100000011001
00000000001001111001000000100001
11111111110001000000011110100011
00000000001010110100101101111011
00000000001101010110011001110011
00000000000011000010000010000010
11111111111010100010100010001101
00000000000011110000000111000011
11111111111011011010011101101011
00000000001000000000111000000110
00000000000001010110000100100111
00000000001110001001101000001111
00000000001101111011101010111101
11111111110010111110010110101001
11111111100111101111000110010000
11111111111001001101110011111101
11111111110101101010001101100110
00000000000100000000001001100011
11111111111101000111010000001100
00000000000110001011101111111000
11111111111001011101101000101010
11111111111101101000110001010001
11111111111111010111111111010010
11111111111101000101010111010010
11111111110110110010110100011100
