00000000000000000000000000000000
00000001010001000111001101001010
00000000000000000000000000000000
00000000000000000000000000000000
00000100011001010101011100010000
00001010100001111001111111000000
00000000000000000000000000000000
00000000000000000000000000000000
00000000000000000000000000000000
00000110111000000100011000011000
00000110010010111000100100000000
00000000000000001101110100101110
00000000000000000000000000000000
00000000000000000000000000000000
00000000000000000000000000000000
00000000000000000000000000000000
00000000000000000000000000000000
00001001100110101110110001110000
00000000000000000000000000000000
00000000000000000000000000000000
00000000000000000000000000000000
00000101110101011010111111000000
00000000000000000000000000000000
00000000000000000000000000000000
00000000100100010110100100111000
00000001111100001101111100010110
00000000000000000000000000000000
00000000000000000000000000000000
00000000000000000000000000000000
00000000000000000000000000000000
00000000000000000000000000000000
00000101110001100110111010111000
00000000000000000000000000000000
00000000000000000000000000000000
00000000000000000000000000000000
00000000000000000000000000000000
00000000000000000000000000000000
00000001000001010110101001110010
00000000000000000000000000000000
00000000000000000000000000000000
00000000000000000000000000000000
00000000000000000000000000000000
00000011011110101110100001011100
00000000000000000000000000000000
00000000000000000000000000000000
00000000000000000000000000000000
00000000000000000000000000000000
00000000000000000000000000000000
00000000000000000000000000000000
00000101000010100101101110000000
00000000000000000000000000000000
00000000100110111011111101110010
00000000101010001101010010010000
00000000111001101000100001000100
00000000000000000000000000000000
00000000000000000000000000000000
00000000000000000000000000000000
00000000000000000000000000000000
00000000000000000000000000000000
00000010010110100010101001111000
00000000000000000000000000000000
00000100010111110000100110100000
00000010101011011011110011100000
00000000000000000000000000000000
00000000000000000000000000000000
00000100100010101001000101000000
00000000000000000000000000000000
00000000000000000000000000000000
00000000000000000000000000000000
00000000000000000000000000000000
00000000000000000000000000000000
00000000000000000000000000000000
00000000000000000000000000000000
00000000000000000000000000000000
00000001101101111100001110100000
00000000000000000000000000000000
00000101001001110011001010101000
00001001100011010101111011010000
00000000000000000000000000000000
00000010100001100000110010110100
00000000000000000000000000000000
00000010100111000111010011110100
00000100110101000001001011111000
00000000000000000000000000000000
00000000000000000000000000000000
00000000000000000000000000000000
00000000000000000000000000000000
00000011001101001001001100011100
00000000000000000000000000000000
00000000111110110110001001110001
00000000000000000000000000000000
00000000000000000000000000000000
00000000000000000000000000000000
00000000001001110001000010000010
00000110011110000110000111001000
00000101110111001101100001010000
00000000000000000000000000000000
00000011010011011100101011001000
00000000110110110000011101110101
00000000000000000000000000000000
00000000000000000000000000000000
00000000000000000000000000000000
00000000000000000000000000000000
00000000000000000000000000000000
00000000000010100001101001000000
00000000000000000000000000000000
00000101110001011101000111001000
00000010011001110100000101111000
00000000000000000000000000000000
00000100100010001000011111010000
00000000000000000000000000000000
00000100101011011001010110001000
00000000000000000000000000000000
00000000000000000000000000000000
00000100101101110001110001001000
00000000000000000000000000000000
00000011001011110110101000011000
00000000000000000000000000000000
00001001111110010101011100100000
00000010101001100101011000110100
