00000000000101000110111000000010
11111111111110001110010010011110
11111111111110010110101111101011
00000000000010010011111001010000
00000000001001001101000110011111
11111111111100111001011111001010
00000000000101111011010110110011
11111111111101011110111101100110
00000000000011001011100010111010
00000000000110011100111000011011
00000000000001000110100000001010
00000000000011101001011001111100
00000000000100101101001001101100
11111111111011100010010000001000
00000000001010011010011000001101
00000000000101000110100000100001
