00000000000011100001101100010001
00000000000101010101101000011100
00000000000111100110101110111100
00000000000111100100010100001001
00000000001000011101111100000010
00000000000111000100000000000010
00000000000100011100010101000100
00000000000001110100101000000000
11111111110101001011110001111000
00000000001010101011100001100100
11111111111000100011010001101000
00000000000001010010101011001001
11111111111101011101101011001010
11111111101110101010111111001011
00000000001011001000101101110011
00000000001000011100001110110001
11111111111011111000101011101111
00000000001100101111101001011111
11111111110001010001010001000110
11111111101101001010010010100101
11111111110110001000000100110001
00000000000111110101000110111011
00000000000111000111010011101001
11111111111010111111010011110011
11111111110011100000001011011111
00000000000011111010000110101100
11111111110010111011010010111010
00000000000110010001000011100011
11111111110011111111000111100101
00000000000101010000100010110011
00000000000011111000111010000001
11111111111011000110010101111100
00000000000100110111111110001111
11111111111100111101000100110000
11111111110100000101100111100000
11111111111100110011110111000010
11111111111011010101110001001000
11111111111001111000110000010010
00000000010000111011000101100101
11111111111000000010101010110011
11111111111110110111010001111101
00000000000101001110101000110111
00000000000011001111111100110001
00000000000111110101100111001101
11111111110111100101100101100010
11111111111000100000010110100000
11111111101111001000001111011110
11111111110111011001111001001110
11111111110001001100000101011110
00000000000001011001010001000110
11111111111001110111101100001100
00000000001100111001010101001111
11111111110001011001010010001101
11111111101101101011010011111000
11111111110000101000010101001001
11111111111100100100011110101011
11111111111011001000011011111011
00000000001110111001000010110001
11111111111101110100001010001000
00000000000001100000101100110011
11111111101111110111101100100011
00000000010000001010111110100000
00000000001010011110110111001110
11111111110010100111110011000011
11111111110100000011010111111001
00000000000010000011100010010000
11111111111101101010101011000111
11111111111111101010110110011010
00000000010000000011001001110110
11111111111110000100001100001111
00000000000110000000011101000000
11111111111001101100011011100001
00000000000101001101001001110111
11111111110100100111100110000101
00000000000110001001100010100111
11111111110111111110111011010111
00000000000010000111001011010100
00000000000101101000010101111010
11111111110001111110001101111100
11111111101101001000011001101110
11111111111001010101110110110111
11111111110111101000111110010000
00000000001100010000110100101110
11111111101010001100111001110111
00000000000011011010010100010100
00000000000111111101100010001001
00000000000110100100100000101100
00000000000011100010001101100011
11111111111101010010101001011010
00000000000010110000011001000100
00000000000000011100001000001000
11111111110110100001101111111001
00000000000111110101100000011010
00000000001000111001111110011010
00000000000011001001011001110010
00000000000110010101101011011110
11111111110000111100110101110111
00000000000011110001110110011100
11111111110110001011011111100000
11111111101000010100000000101011
00000000001010000000010011100101
11111111110111100000111001000100
11111111110111100110000111000110
11111111110000010001010010100101
00000000001010000100001001100001
00000000000000101100101100101100
11111111111010110001000010011001
11111111111110100000110101101010
00000000000110101111000000101011
11111111111111010010111000100110
00000000001100111000100001001000
11111111111010001110010011100001
00000000001000001110010100001110
11111111111100100010000000111010
00000000001000101101001111000101
11111111110110011111110110001000
11111111111101000100011011100010
00000000000111000101010100100101
00000000001110110110010110101011
11111111111100011111110101111011
11111111110100100001001100011011
11111111110101110000000110001101
11111111101110001100111100100010
00000000000000001110101101100101
00000000000101110001001111111000
00000000001111011001010101011111
11111111110111000110000000110101
11111111111101101001001011001000
11111111110111010100110100010110
11111111111110100010111010000110
11111111100100100111010010101101
00000000000100011100001100100111
11111111111100011001110000111111
11111111111010111000000001000111
11111111110111000110100110001001
00000000000110010100000011100101
00000000001101000101110111101001
11111111111000011000111110111111
11111111110100011000110000001010
11111111110011100001100011000100
11111111111011100001110010110010
11111111110110100111000110101010
11111111111011011001110000010101
00000000000000000000100111011110
11111111110100101010001101010000
11111111111101111101010111110110
11111111111010100010100110111100
11111111111001000010111001111001
11111111111100111001000010010110
00000000010001001110100111100110
00000000000001110111110000000001
11111111111001110011110110010010
11111111110001101011011010110100
00000000000010100010001000101111
00000000000011101000011100111000
11111111110111001001101111011100
11111111111000010101110001001110
11111111111010111011110010100101
11111111110110101111011100001101
11111111100111111000010100001101
00000000001011111101011111101001
11111111110001101011111001101010
11111111111101111101100011010011
00000000001101111101011010010100
00000000001010011001000110111010
11111111111010001001010011110010
11111111111001101011111011101000
00000000000001010010100011000101
00000000000010110001010101100110
11111111110101100100101100001101
11111111110111111111111001101111
11111111111110111001110010001010
11111111110101100010011010001110
00000000000001111100010010110101
11111111111110001010111111010000
00000000001111101010111011101011
11111111110110110001100010001100
11111111111100011101000100101011
11111111111001000100101011001000
11111111111100000001111001101010
11111111100111000100101001101011
11111111111000011011010011101101
00000000010000110000110101011110
00000000001000000100101011000100
11111111111111010011010101011111
11111111111100010010000101000110
00000000000010101101100101001101
00000000000000000001100111111110
11111111110001001011000111110100
11111111111110100010111000111011
00000000000100010111110011101010
00000000000011000010001100100111
11111111110111100011110111001010
11111111111111110101111011001010
11111111111001001110100010100100
00000000001001001011000111111110
11111111111110100110000111101001
11111111110100110100010100000100
00000000000011001000111110111101
00000000001000010111101111111111
00000000000110101001010101110111
00000000001011001101000110101010
00000000001011111100100111000011
11111111111001110011000110000111
11111111110101010010010101011010
00000000000101000001000011111100
00000000001011011010101001010010
00000000001100011101011000000011
11111111101101011101001010001001
11111111011111111110000110000010
00000000000110110011110010110101
11111111111101110001101011110011
11111111101011111111100011111011
11111111111110111101101001010011
11111111111010111101011000000111
11111111111111011010001010100110
00000000000011000111100001110110
00000000001000100011001111000101
00000000001110111000011100101001
11111111110100010011001000110110
00000000000111001000110110010001
11111111101100110000010111100010
11111111110001010000111110010010
00000000000001100101101000111100
11111111111011010110010001100001
11111111110101110100101111101010
00000000000011000011001101100100
00000000001100001000100100001100
00000000000000101000110110101011
11111111111100000000111100101001
00000000000100000011000111101010
11111111111011101001100110111111
11111111101000001000011100110010
11111111111111111101001010000101
11111111111010111000011100010111
11111111110010101000000101100110
11111111110011100100001101111011
11111111111100000000100111011011
00000000000111111101011111101010
00000000000100010000101100101000
00000000000110111010000111010010
11111111111000011001111000111101
00000000000000001100110001001011
00000000000001000101011101101101
11111111111110010110110011000010
11111111111011111111100101010000
00000000000110100000111011001010
00000000001000011101111010001110
11111111110010101001000100001000
00000000001001111101110000110011
00000000000101100100100110101110
00000000000111100101110111001111
00000000000111101000011110001011
00000000001100000001101000100110
11111111111000110110110100100101
11111111111111001100101111001110
00000000001100001110101101100011
00000000001010001101110111100001
11111111111010111000000000111010
11111111110111011000001011101010
00000000000110110011011101000110
11111111110010100111011000011110
11111111110000110111010000010011
11111111111110100111100001110010
00000000000010111011100000000111
00000000000010011101111101000011
11111111110000000010010111101001
11111111111101000001010111010000
11111111111111100000001001100011
00000000000011011011010100010100
00000000001010110110011011011110
00000000001010000010101111101101
00000000000000101101100100101110
11111111111101101101100000001011
11111111110101100000010101110011
00000000000100000100110001111101
00000000010001000010100100011110
00000000000101110010011010101110
11111111111010110011101100010010
00000000000000010001000100001111
11111111110100011001111010010101
11111111110110110001111000101100
11111111110001100001000111100001
00000000001011110110110011001011
00000000000100010101111110110110
11111111111111101100010100010100
11111111111000001111010001101101
00000000000000011001000111000000
00000000001011000101000010001100
11111111111011111111100100111011
00000000000001101011001110111110
00000000000010101001001011000110
00000000001011001010001100100011
11111111110111111110110111000000
00000000000100010001010001011110
00000000001010101100101010111011
11111111110110111011111100011011
00000000000110110011011000111100
00000000000100010100111110011000
11111111110101000010000110000101
00000000000011111100101101101010
11111111111000100101001001101111
11111111110011000010011100110100
11111111111101011000011010011001
11111111111000001111101000000010
11111111111001111001000101101010
11111111111000011101010110110001
11111111110001100001101101001010
11111111110111110000000001100001
00000000010000101010010010110001
11111111111100110000110001011111
00000000000000001110001001111100
11111111101111000100110111011111
11111111111110101001100000111011
11111111111100111001000101011110
11111111101011110110011001101101
00000000001000001111010110011101
00000000000110001110111111110010
00000000001001011000001011110001
11111111111100011010001010001011
00000000000110011100000010001110
11111111111011011100000110100110
00000000000101101110100101111110
11111111110010001100000001100011
11111111111101101111001100111000
00000000000011010111001110011110
11111111101111111110111100111110
11111111111010110111000111101000
11111111110001111000100101000111
00000000000011111110000000000001
00000000001000010001010001010100
11111111110110011001110111100011
11111111111000100110011010010010
00000000001111001111100100101000
00000000000010111100001100010000
11111111111001001100110111110000
11111111111101000000110111001101
00000000000101111001001011100101
11111111111000110010011101001001
11111111110111010000100100111111
11111111101100111111001000100101
11111111111000101001111000110010
11111111110111010001101010010110
00000000001011011101110001011001
11111111110100011100010100011000
11111111101101001010100110100100
11111111111011101100000000000001
00000000000101010100111000111011
11111111111001110010011001000011
11111111110111000100100010001101
11111111110110000100101011011011
00000000000111110010110010010101
11111111110000111101001011111110
00000000010010000101001100110001
00000000001010100010000101001110
11111111110110010100101110111100
00000000001101101111100001101010
11111111101011101111000101001111
00000000001001000111001100110111
00000000000011010100110011110100
11111111111011101100100011101101
00000000000001011010101011110000
00000000001101100110000100111111
00000000001100011001100010101000
11111111110111010110001010011011
11111111111101111010100011100110
11111111110001001100001111000010
00000000000010111000011110101010
11111111111100011110101101111011
00000000000011111100100001101100
00000000001000100110111110110111
00000000001000100000000111001100
11111111111010001111111100010001
00000000001000010010000010011110
00000000000000011011101001100011
11111111110101111100110110100000
00000000001101001100011101011101
00000000000001100100001011111111
11111111110000111101100110101111
00000000000011101100111010001011
00000000001000011111101101011000
11111111110001011100111110101011
11111111111111010101000011001011
11111111111011011111111100111100
00000000000101101100010001101011
00000000001010101111001111101001
11111111111111101001110011001001
00000000010000000101101001100010
00000000000100111110101001001110
00000000000011110010001000111000
00000000000001110011000111100011
11111111101110110001101000000111
00000000001101010001011110001111
11111111101010111000111000001101
11111111110110001111111001010011
11111111110111101010000100010011
00000000000000100100011111001100
00000000000000101111001010100001
11111111101110011010010010000100
00000000000010011000011111011011
00000000000000010111111001100011
11111111101111001011111010011101
11111111110110001001101001100000
00000000000110001011111111111010
00000000000111010111010110100011
00000000000101010111011101010111
00000000000000011011110001101111
00000000000100011011111101010011
11111111110111110100001001001111
11111111111000110010001011100000
11111111101111101110001011011011
11111111110100101010101010001000
11111111111010100011101100001000
11111111111101011001101100110101
11111111111010010110101000110100
11111111111101100011111001110000
00000000000110000100111011011011
11111111111100010000010111100110
11111111101011100010110011001111
00000000000110001111010111000011
11111111110010100000011010000110
11111111111001110110001001010011
11111111101010000010101010010101
00000000000100110100100000011011
00000000001011110101111010000111
11111111110110001000010010000000
11111111111000100010111111001010
00000000010010001100100110111111
00000000001001000101011010000000
00000000001010011100111110001011
00000000000011011010111000110101
11111111110110000111100000111100
11111111111000001101111001100110
00000000000100110001100101011111
11111111111000111100100010010110
00000000000100100100001100111001
00000000000001111010100110100011
00000000000110011010101111001111
00000000000010000110011100100111
00000000000010010001011010100101
00000000000111000101010010010011
00000000000101101001101100000011
11111111110110000110110000101010
00000000000101110111001110101111
11111111111001100000100100101001
11111111111100101101100110101110
00000000000101111001110000011010
00000000001010001011111011101101
11111111111111100001101001000111
11111111110100101001111011101101
11111111110011011111001010111100
00000000000101100001111001000011
11111111111111110111011001010111
11111111110111111010111100010011
11111111101010001101001011101001
00000000000101011000100000011001
00000000001001111001000000100001
11111111110001000000011110100011
00000000001010110100101101111011
00000000001101010110011001110011
00000000000011000010000010000010
11111111111010100010100010001101
00000000000011110000000111000011
11111111111011011010011101101011
00000000001000000000111000000110
00000000000001010110000100100111
00000000001110001001101000001111
00000000001101111011101010111101
11111111110010111110010110101001
11111111100111101111000110010000
11111111111001001101110011111101
11111111110101101010001101100110
00000000000100000000001001100011
11111111111101000111010000001100
00000000000110001011101111111000
11111111111001011101101000101010
11111111111101101000110001010001
11111111111111010111111111010010
11111111111101000101010111010010
11111111110110110010110100011100
