11111111111110111110001110010000
11111111101100010110000011110001
11111111100000111011111001110101
11111111101111101110110011110110
11111111111111001110101101100110
11111111101110001011000000000000
11111111011101010100100110010001
11111111100110101110011011111110
11111111110110010000111101110010
11111111111100111100000001110000
11111111101011001000110011100111
11111111100010001000000001111111
11111111101000100010010110010111
11111111110110101000111000000010
11111111110001111000011010111000
11111111101101110100000101011101
11111111101011011000000110000000
11111111101110110010100101111011
11111111110111110101010110111111
11111111111100001010110110101100
11111111101110111100110110100000
11111111110101010100001111011000
11111111110101010000001101001111
11111111111111110010101010101001
11111111111010101111110111100010
11111111111010100101110011110001
00000000000001001110111010001111
00000000001010010110111101100010
00000000000000101100011110010101
11111111111001111100100000111010
00000000000101011100110100010101
00000000001011110000101000101101
00000000000010101011100101011111
11111111111100101000000110011101
11111111111010111101100100000010
00000000000101000000110110010101
00000000000011010100101100100110
00000000000010000111110000010110
11111111111010011101011001110000
00000000000010100111011001010000
00000000000000100001100101011011
00000000000101100111111110111010
00000000000001011010100101010010
11111111111110001010101100100100
11111111111011110110101111001100
00000000000000101010000101110010
00000000000010000110110001000010
11111111111111001100000100110001
11111111111111001001010111001101
00000000000011111111100101101100
11111111111110101111100010001000
11111111111010110100111111001011
11111111111001011011010000100111
00000000000011111100111100011001
00000000000100111111000111001011
11111111110111000001100000011100
11111111111101011100101011101011
11111111111111000101111110101001
00000000001000100000100101100000
00000000000011010010111100001011
11111111111011100000111011111100
00000000001000000001100110111100
11111111111111101110100011001010
00000000000011011000001101110001
11111111111101101101000100010011
11111111111110101001101101101111
00000000000001101001110111011010
11111111111111010011001111101010
00000000000111110110101111110100
00000000000001101001000110010010
11111111111111111100100001011010
11111111111111001010111111110000
11111111111111101110011101000111
11111111111110010000110010000011
11111111111110111011111000001001
00000000000010101001111001101011
00000000001100110011000100010001
00000000010001111001101000110001
00000000000111110011011110110101
00000000000000100000100010000111
00000000000011110111100001011100
00000000001100011101011011101011
00000000001000011000010111100100
11111111110100100000010101101001
00000000001100001010110001110110
00000000001001010010011110000000
00000000001000100000101101110111
00000000000000011011011101101111
11111111111011000100101101000000
00000000001110111010010111001000
00000000000111001100010100110111
00000000000110110100010100001111
11111111110110101110011011100000
11111111111111001100010100010110
00000000001000000000110101000011
00000000000111010010001100001001
11111111111110101010100011100100
11111111101011010000101010100011
11111111111001000001111011110011
00000000000101010110011101000000
00000000000100001110110110100101
00000000001101001000110111111010
00000000000111111001011100110111
00000000000001101000001011011101
00000000000010111001010001001000
00000000000111000110111111110000
00000000000100010001000110000100
11111111111011001101100100000000
11111111111100010001010000100111
00000000000111001110110010011110
11111111111010110011011101010101
11111111111000000101000111011001
11111111111011011000001101100000
00000000001010001010000010011010
00000000000011111001111100001000
11111111101110000011000100010101
00000000000001111111110001001011
00000000000011001100100110011100
00000000000111100111000100000001
11111111111101101001000000011101
11111111110011011101011001110010
11111111111101000010101100010011
00000000001100011110001000000111
00000000000110000110100010010111
11111111111100100101000101110001
00000000000111100001001010001000
00000000000110111110111111011000
00000000000000110001111110010100
11111111111001111011000110001111
00000000000011111010101100000110
00000000000110011000111011010001
00000000000010010100011111111000
00000000000010100111110111110101
00000000000000100101011010100101
11111111111000010100111101110011
00000000000110001010100110000000
00000000000100001100111001111000
00000000000010000001000001101111
11111111111000010011000110001110
11111111111110110000101001111011
00000000001011010111111000001100
00000000000010000101111000100111
11111111111000100010001100110001
00000000000001001100010010011010
00000000000001011101010001001001
00000000000101000100011111001100
00000000000000110011101000100110
11111111110111011011001001001101
00000000000000111111000101100010
11111111111111011001100010001000
11111111101111110101111101000001
11111111011001111001100100000010
11111111101010001110011101011111
00000000000010111011111000010101
11111111111101111111010000100110
00000000000000001000000001011111
11111111100111010010111001110101
11111111100110101011000110010111
00000000000000000011011011111011
11111111111100010101000101000111
11111111110111110101001101110110
11111111100101101011010001010001
11111111001111110100010111100101
11111111101000110010100011101001
11111111111110000010101000001010
11111111111011010101010010000010
11111111111000100000111101011011
11111111111001101101011000011010
11111111111001111101110001111111
00000000001010000101001010111100
11111111110011111110010111101010
11111111110101011110100001111000
11111111111101010000110111001000
11111111111011110000111011110000
11111111111101101111011110001111
11111111111101111010110010101100
00000000000111111000010111110001
00000000000010001100010010000100
00000000000100101111000010011001
00000000000001000110110001001111
00000000000101000000010000011110
11111111111110011111010111001111
11111111111010110011011100100100
11111111111100110000110001100001
11111111111010111101001011001110
11111111111100110010010100101111
00000000000101100110011111010110
11111111111110011000100110101110
11111111110111011001011101110101
11111111111100101010101110101010
11111111110110101010101111110101
11111111111111001100000001011011
00000000000011010111010000111001
00000000000101100111010000011000
11111111111111111000101001011110
11111111110100001001001110111110
11111111111000001010101010111100
11111111111111101111101011110001
00000000000110101001110010001110
00000000000000001011101011001000
00000000001000000100100101100001
00000000001010111001100000011000
11111111111111010101101101000100
00000000000101100110111110100101
00000000001000010111001110111010
11111111111010111001101000000000
00000000000001100011011111011110
11111111111001110110010001011011
11111111111110101111000001010011
11111111111110101011000011010111
11111111110111001100001100000011
00000000000001100101100110110110
00000000000000000001000110100101
11111111111011001010001000111100
11111111111110010101011100000110
11111111101100100110111001000101
00000000000110100000110100001110
00000000000100111011100101101101
11111111111000000111011101110110
11111111111010001000100111100001
11111111100101010101000110000010
11111111110110000001001010110001
00000000000011010000010001001111
00000000000010000111000011001110
11111111111001000011010001111101
00000000001100111110001110001111
00000000001001000000011101001111
00000000000101000100100010000111
00000000000101000100010101110100
00000000010000110100011000010110
00000000010101101000110000111001
00000000001000011110000111101101
11111111110010101001111100000000
00000000000010110001110100010010
00000000001100111000101010101000
00000000010001110000011001011100
00000000010000000111010110011110
11111111100110110100100111100101
11111111111010011110101010010111
00000000001010110110111101110011
00000000010001110010000110111110
00000000001100111001010111101011
11111111110011011110100010000011
11111111111100100111000000000100
00000000000110111100000110101100
00000000000001011011111001111011
00000000010001010100011100000011
11111111111101011110011110110110
11111111111000001100001000101001
11111111101111101101100001111001
11111111111101011101101001000111
00000000001100001110011100001010
00000000001000110011110001001000
11111111110110010000000101011111
00000000000001111000000110111000
11111111110101010101100100110010
00000000001101101101110000011001
00000000001001111100101110101001
11111111111101001010110101000001
11111111111010101100100001011010
11111111101010100000001001011001
00000000001001010100110110100100
00000000001110001100101111000000
00000000000100100001011010000100
00000000000001001110101011000001
11111111100100000010101001010011
00000000000001001100101010001000
00000000001111100001110111100011
00000000000100100111000011101110
11111111111110000110011110111110
11111111110010100110011100001011
11111111111101110001001010001101
00000000000101100011111011010000
00000000001010000000000000000000
11111111111101000010000000100001
00000000001010011100101010111111
00000000000011110111011110100101
11111111111011001101100100110000
11111111111011100110000011001100
00000000000101011101001000101100
00000000001100101100111100111011
00000000000011011111001111001000
11111111111000101101000000011111
11111111110101011111011111011000
00000000000000111100011100101011
00000000001001101000001011110101
00000000000101010010011011010100
11111111111111111101101110001111
11111111110101100001010010101100
00000000000000001000110010100101
00000000000000101001110010011100
00000000000110000100101010000011
00000000000101000010111000111100
11111111111110111000000011100100
11111111111010000010000011000010
11111111111100100001000111101111
00000000000000000010111101101010
00000000000010001101111010011101
11111111111111110110010100001000
11111111111101101000000101001101
11111111111101010010001100011001
11111111111010110000100101010100
00000000000010011001100101000110
11111111101100001100101100110010
11111111100010101100111101000101
11111111110111101100000110101011
11111111110001110001010000000101
11111111101011010111111011001000
11111111011100111110011001011001
11111111111000100110110101000100
11111111111101111100010111110000
11111111110100011101111010011001
11111111100100100110010101111100
11111111110110101100000100100011
00000000000101010010101010011010
11111111110100011100011111101011
11111111110100011000101111010001
00000000000001101110001100010001
00000000000001111111001010111000
00000000001010010010101110100111
00000000000011111000000001101001
00000000000001111101000110000010
00000000001010010111001011011111
00000000000010110101100101011011
00000000000101000101101011010001
00000000000010110111000010101010
00000000000010011000010000101011
11111111110101011101101011010000
00000000001001011000110100101000
00000000000101000110110001111101
11111111111000001010001101110100
11111111110111111010110100100001
00000000001010101010010001001010
00000000001101011101101001100010
00000000000001101111011001001101
11111111110101110011110111001100
00000000001001110110110001010110
00000000000110101010110100010000
11111111111100101101000001100100
11111111111110110001100011000011
00000000001011000100001111101100
00000000001101101000111010100010
00000000000001000001010110100011
11111111111100110000111001110111
11111111111011101111101000110001
00000000000011010011011111101010
11111111111101011001110010100001
11111111111100011010111010001011
11111111111001000110110010011101
11111111110111000110000010100101
00000000001000101011001001010010
00000000000010000000000000000011
11111111111000000000101000001001
11111111111101111001101111110000
00000000000100010111000101000101
00000000000011000000011011101111
00000000000000000110001100011000
11111111110111101111010010111011
11111111111110100111100011110100
00000000001010000011010111111001
11111111110101101110100110011000
11111111110111110100100000000110
00000000000000110100100000001000
00000000001011110111101100011100
00000000000101011000110110110111
11111111110110100010110001001101
00000000000000111111110100100011
00000000001110111100011000111100
00000000000111010010001101001110
11111111111011010010111101101110
00000000000110100110011100111110
00000000001010100111010101000000
00000000000100001101101100010100
11111111110111011101001011111011
11111111110010011100111111111000
00000000001100011000001010001101
11111111111000110100100001000001
00000000001000101011000001001011
00000000010010100100110111010010
00000000010100000110111101010111
11111111110101110100110011011011
00000000000010001110100011001010
00000000001010110101010001111101
00000000001111001010000101010010
11111111110100111001011111010011
11111111111010111101101000110100
00000000001010001101010000110011
00000000000011000101110010000100
11111111101011011001110000110111
11111111110011000010010111011011
00000000000101010100011110001101
11111111110110110000111010110010
11111111100010010111011110110101
11111111111001111001010110101010
00000000000000001110010100101000
11111111110111001110010010111111
11111111100101010011110111100000
11111111011111111011101010011010
11111111110010011011110110100000
11111111101010011011001111000101
00000000001010000101001111111001
00000000000010110010110101111111
00000000010001000010001010100100
00000000010011100101100000000100
00000000001001110100100101110011
11111111111110101010000101010010
00000000001111001000010100001111
00000000010001110011111000000101
11111111111011111110011001110110
11111111110110000001001010011011
00000000000111110010100111001010
00000000010001101010111011110111
11111111111001011101110110110000
11111111110100100000011111110001
00000000000101010001100000111101
00000000001110101010111110111001
11111111111000001010010110110101
11111111101010001111011000000101
00000000001010011110111011111100
00000000000110101000111101101011
11111111111000011011110110011101
11111111111001011110100010011010
11111111111111001000001011001001
00000000000111110100000100100100
00000000000010101101000101110111
11111111111100101001010011110110
11111111110111010010000111010110
00000000000000101110101010001000
00000000000010110010001110101011
11111111111110111110111011101011
11111111111101110111010010100110
11111111111101101101100101101111
00000000000001000011100001001001
00000000000101110010100000101110
00000000000010010100111101010001
11111111110101100100110011010100
11111111111011110100010000000000
11111111111101101100101110000011
00000000000001011011000001010010
11111111110101111011100110010110
11111111111010111010110001011001
11111111111111010001100101111011
00000000000101110101011110100100
11111111111110000001100110110010
11111111101100101011001101011001
00000000000100111101011101110101
00000000000000011110010110011111
11111111111001001100101101011000
11111111110011001010011100111110
11111111101101000000111011001110
11111111111110011010000111111101
11111111111011001001010101100100
00000000000010110011100011000010
00000000001010111010100111101010
00000000000001000010101010100110
00000000010010100100100011011110
11111111111110100000110110001011
11111111110000001111100011110000
00000000000010110001110001101100
00000000001010101100111110010010
00000000011000011111101110011000
00000000001110111000101011001001
11111111111101101010010100101111
11111111100111110111101011110011
11111111110010100010101000110000
11111111111111000010011101100001
00000000001001011000011101011001
00000000000001100101110101110110
11111111110011000100001110100101
11111111111100101111110011100111
11111111101110101100110100110100
11111111110011011001010011000100
11111111111111000011010110000001
00000000000111001100010111011011
00000000001011110000001010001100
11111111110110001000000001110111
11111111110110110101000010001001
11111111111001000001000010100001
00000000000000000010110000110100
00000000000101000111011100011101
00000000001001001010101101010111
00000000001101001000101000011000
00000000000111100101010000000110
00000000000101000011111100110000
00000000000110000001000100010011
00000000000100000100111001101010
00000000000100111100010010011011
00000000001011101010101100111010
00000000000000110111001111000100
11111111111000010001010101101111
11111111111100110111010110110011
00000000000000110011110011011100
00000000000100011100100000010001
00000000000000010110010110111100
00000000000010001101011011100101
00000000000101001100001010010111
11111111111011001000000000010100
11111111110110110010101000101000
11111111110111101101000010000101
11111111111111110110001111110011
00000000000000000110000111110110
00000000000000011001000001011101
11111111111011010100100010100011
00000000000001110100110011100110
00000000000000000011001110111111
11111111111101011110011111111011
11111111111110010001110000001111
11111111111011000010101000000000
11111111111011110000111001000101
00000000000001010101000101111110
00000000000000100000000011001101
00000000010000000110110110001001
00000000001101100111001110111111
11111111111001110000101100101011
11111111110111111111000101001110
11111111110110000001100011101101
00000000000010010001000010001000
00000000000110101111000010100010
11111111111100011110101100100001
11111111111000101101111000010100
11111111111000011000010111100010
11111111110011011110101010100010
11111111111101101011110100001000
00000000000100001110110010101000
11111111111101111111100110011100
11111111111110110000001101111111
11111111111011101110000100101001
00000000000111011111011100111011
00000000010000100100001100001100
00000000000100011100101110101010
11111111111100101000000100111010
11111111110001110010001001100010
11111111111111100000001001000011
00000000000001110011101010000001
00000000000100101000100000111101
11111111111111001001010010010100
11111111110011100001101001001110
11111111110100111000001100010111
11111111110101101011011100000110
11111111111000001001111010001111
11111111110010001011111001001010
11111111110111001101011100111010
00000000000100100001111101011010
11111111110001001010111001100100
11111111100010101111001110001100
11111111111011100001110101000010
11111111101101010111111110101100
11111111111100110101010011101011
00000000000001111011010000001011
11111111101001010011000001101001
11111111111000100100110100000010
00000000000000110001110101100110
00000000001001111100100101011100
00000000001100100010001001100100
00000000001000101011010100000000
00000000001001101000000100100111
00000000010010110001000101110011
00000000000100001110100101100101
11111111111001011101111100110110
00000000000001100111010001011011
11111111111111000101001001111010
00000000000001100001000110000000
00000000010100101100011011111000
00000000001000111111110001000100
00000000000000000111101000000010
11111111111101010100110110101011
11111111101110011011111001001001
00000000000111111010011111011011
00000000010100011100100110100110
00000000000000010011001110010111
00000000010011011101000111000110
11111111111011100001100101101001
11111111100111011100011100111000
00000000001000001011100100100000
00000000000111001010111000111101
11111111111110111001100010101010
11111111111001010100110011001001
11111111111001110110101100010100
11111111111111000100101010111000
11111111111101000110000101001001
11111111111101111010000101000101
00000000000000011101010000001111
00000000000101000101010010000001
00000000000011110111001001101001
00000000000001011000101001100100
11111111111110001101010000110101
00000000001101011001001111110001
00000000001100010111010011111011
11111111111101001000010101001011
11111111111001001100111101101011
11111111111111011101110110001100
11111111111110001100100011100110
00000000000101010100011001001101
11111111110110011110101001011100
11111111110111101100111011111100
11111111110111011011011000101001
11111111111101110100001110100101
11111111111111010001010110010111
11111111111100101011101111001101
11111111111000010100001011101110
11111111110100111111010011000111
00000000000011010010011110110101
00000000001111001000111101100110
00000000001111001001000101110100
00000000001010011110011010001101
00000000000101001000100111000110
11111111111000100000100100100111
11111111111100001011010111011111
00000000001111100000001011111000
00000000001111100101111001110011
00000000001110110000110010101100
11111111111110010100101011111100
11111111101101000000110101101111
11111111101101100010101011111011
11111111111000110110101010101010
00000000001011101010110110100111
00000000010100111101010001101011
00000000001000010010010010110110
11111111111010100010001100011010
00000000000011100110000000110000
11111111110110100101101001000100
00000000000110111101000010011001
00000000001110001101110100111101
00000000000110111011010001101011
00000000001011011000100011000011
11111111111000010000110001111010
11111111110110100011010100001000
11111111111101000101000101111100
11111111111011011001001010011000
11111111111000001001100010100010
00000000000011011001100011010110
11111111111011010011100100001001
11111111110111000001000011111011
11111111110010000010011001110101
11111111110110011011100101100011
00000000001001011001011111101001
00000000000110100101101011000101
00000000000100111101111101010011
00000000000010001110000001101101
00000000000010100011110101011101
00000000000011100010001101001010
00000000000011011010101111101000
00000000000111001011010010011100
00000000000110000011000010101010
00000000001000110100101001001111
00000000000101000001110011000110
00000000001010011010111011000110
00000000000011010011010001000100
00000000000010111100010111000000
00000000000110011010101100010010
11111111110101110000010100100000
11111111111110011110111010010001
11111111111000011011010011010111
00000000000100011111110000111101
00000000000100101000100111010011
11111111111001111001001110100100
11111111110000000100110101000000
11111111110101001010000111111100
11111111110101101001101110001111
11111111111100110001110110000001
00000000001010110010001011110010
00000000001001110001011010000011
11111111111101001101100110001101
11111111110100001011110000111101
11111111110110000000111100100011
00000000000011101101000111100011
00000000001101101100010010010001
00000000000011001000010101000101
00000000000011110110010101110001
00000000000111100101111100101001
11111111111110100111010110101011
00000000000010100100001010100010
00000000000110101010010000001001
00000000001011101101010110000111
00000000001011111010010111110000
00000000000000100110000010111101
00000000000010000010001100010000
00000000001001010011100010000011
00000000000111101100101100000001
00000000000001101101101101001110
11111111110011100111000010111010
11111111110011011101111101001100
11111111110110011010000010101000
00000000000110111011001010111100
11111111110111110001111110101101
11111111110101111000100000110000
11111111100011110011011111001110
11111111100101000000110001100010
11111111111000010011010011011011
11111111110101001100001100011111
11111111110110101010001110101100
11111111101001001110000011111011
11111111101010010110011001101110
11111111101110110010101101000011
11111111110101101010011010100111
11111111110011000101011101101011
11111111110100000111101111001000
11111111111011101100000111001101
11111111101110011000001100001110
11111111111101011000011000100000
00000000001010110111001010010001
11111111110111111010111100101001
11111111111100010111000100001000
11111111111010101001010001111001
11111111110101110100110111000111
00000000001011010000011101010000
00000000001001100101010101111000
00000000000000000110001101001110
11111111111110001101100100111110
11111111111101101001101100001101
00000000001011010000110011111111
00000000001001011111010111010010
00000000001110010100111011000100
11111111111111010001000000111111
00000000001010110001001100010011
11111111111100101011100011101010
00000000000111101010011101010001
00000000010000010101100111111001
00000000010010100010111001000000
00000000001111101011011011011000
11111111111011100101110100000000
11111111110101100111101111100010
00000000000000100010100111110111
00000000000111111110110101010110
00000000001100000000001010110101
11111111110110110000110001100010
11111111110101110101001111100100
11111111111000001111001111100110
11111111111110100111101010111101
11111111111111010101101110011100
11111111111001001010010000000010
11111111110101101111111100011011
11111111110011100010001110101100
11111111111101010111000110110011
11111111110111010100110110110000
00000000000101010001110011011000
00000000000001100011111110101111
00000000000001000110101101100111
00000000000001110001010110001011
11111111110111111011011000010011
00000000000011000100110011000100
00000000001010010110001001010010
00000000000101011100001111100101
00000000000011010001110011111100
11111111111100101010100100100111
00000000000010000101110100010100
00000000000110000101010011010101
00000000000001110000101100100100
00000000000110001111111101000111
00000000000111111000011100111010
00000000010010000101011100101000
00000000001001000101111011110011
11111111111000011000111000001011
00000000000000101101010000000101
00000000001011000010011011001111
00000000001010001100010100110000
00000000010001101111010101110010
00000000011000100111101011100111
00000000010110001101100010100001
00000000001011000110101111011001
11111111101110101101010110011111
00000000001110101011100001010110
00000000001100100011001011000001
11111111111000001111101111110101
11111111101001000110110100101100
00000000000000111010011100010110
11111111111001101000110110101110
11111111110111110111001101101101
11111111111101010000001010011010
11111111111110010110000001100110
00000000010100011111001010111001
00000000000100111010110000101100
00000000000100011100001001100111
00000000010000000011101010000110
00000000001100010001101111001011
11111111111110010111010111011001
00000000000011110111000100010010
00000000001101010101111110000111
00000000001100001100011110111010
00000000001011101101101111000000
00000000000101101010001101111011
00000000000011011011110001110011
00000000000100110010010110011101
00000000000101101101010110111111
11111111111111001000011111000000
11111111111001010010000101011110
11111111110110011110110110011000
11111111111110001111101110000010
00000000000100110001011111100011
11111111111110001011010011110100
00000000000000001001000010101101
00000000000001011011000011000010
11111111111110100111000110011100
00000000000011001011001010111000
00000000000010010010110000110100
11111111111101110010010101011110
11111111111110110101111001100000
11111111111100110001100000101110
11111111111111000110110110011110
11111111110111001110001011001010
11111111111001110100100100111101
11111111111011001011100110100111
11111111111100011111010100100010
00000000000011111110110111001111
00000000000110111110001011011100
11111111111111111010101000000010
00000000001001010111011101011011
00000000001111001011000101001001
00000000001011101110110110010001
00000000000101101101110000010101
11111111110101010010101011001001
00000000000000011011000101101111
11111111110110110101010001101110
00000000000010000101000011000000
11111111111110010011011101100001
11111111111100111100000101000011
11111111110011011000001100010101
11111111111110101011001011000001
11111111111110101011111001100111
00000000000000110111101010100010
11111111111011110100111011101111
00000000000100011101111111000110
00000000000000001111110010100111
11111111111111011001110001010111
00000000000001100000111101100001
11111111111011100101001001001100
11111111111101010001010001111010
11111111110111010011011110001111
11111111101111010001001001111000
11111111110101100010111010101100
11111111111111111110110100000100
11111111111100110010010100000100
11111111101000011100100000110011
11111111101000011010000101001011
11111111101110100100100000011001
00000000000010001001101011011101
11111111110000011110101001110000
11111111110110101100010000111011
11111111111110101011101101000101
11111111111111000101111101111011
11111111111011110100010001100101
11111111111001010011010110100011
00000000000101100011101110100100
00000000001101000011101101101100
00000000000001010100000001111000
00000000000001111000111010010011
11111111110110111110111100101011
11111111111110100111011111011011
00000000000011111111110000001001
00000000000010100100011001011001
00000000001011001111001001110010
00000000001101110000001011100010
11111111111111111101100011100111
11111111111101110111110010010000
00000000000001100011010101010010
00000000000010000111111001101010
00000000000110101100111001111110
00000000000100001000000010101111
11111111111111110110001010001110
00000000000010111001111100010011
11111111110001110100011011010010
11111111111000011110001001011100
00000000000011110011010101010011
00000000000010000010101101100111
11111111110110001110010000010010
00000000000011100110010011100110
00000000000110010011110100101110
11111111110101001010000000010110
11111111110100100101110011000100
11111111111010111010100101100000
00000000001000111100010011100000
00000000001010100111000000101001
11111111111111001001001001110111
11111111110011101010010111111010
00000000000001000111001011010101
11111111110101001000001010010110
11111111110011001001011100000000
11111111111010010101100010111011
00000000001001010111111010110011
00000000001101011011100111010100
11111111111110111111010011001111
11111111111101110011010000110001
00000000001000111011000101000011
00000000001000000010111000110001
00000000000110001001110110100100
11111111111101100111001001111111
11111111111101111111101000001010
00000000000010100001010000011011
00000000000110010111111101010100
00000000000011110111010010010110
11111111111101000111111000011000
11111111110111101101101110011010
11111111111111010001000101101011
00000000000011101001101111001110
00000000000110000001100001000110
11111111111100101001000100011100
00000000000100110100110000010001
00000000000010101001010010011101
11111111111001100100110001000000
11111111111010010001100100011011
11111111110001011111010101000110
11111111111001001101010010000100
11111111111101110000100010101010
11111111111000001010000011100011
11111111101000001111100110101001
00000000000111101100101011100011
00000000000110100011101001111001
00000000001001001111101000100011
00000000000100101100011110101010
00000000000100110101111111001111
11111111101101110010010100111001
00000000000011001100000111000000
00000000001010011011011111000001
00000000011100011100110110111010
00000000011101001100111110000111
11111111011001101111010001010011
11111111101010001010010010110101
00000000000010110100011010001010
00000000011011100010111100000100
00000000010111000011010000000010
11111111111001110111001110100000
11111111101110101001011100100010
11111111100110010000110001011100
11111111100110110000011000011100
11111111100111101110111101001111
00000000001010110110011001111101
00000000000100000011011101011111
11111111111110110010111010101101
00000000000100110101111000000110
00000000000001010101111101110001
00000000000010010100111010010011
11111111111001011101010000010000
00000000000100101100100111000110
00000000000110110111010001001111
00000000001000001001011000011111
11111111110100110111010011000101
11111111101110111011010110110111
11111111101111111011101100010110
11111111111011100101100010011000
11111111111110010010101000110010
11111111111101100000011101110011
11111111110101111111001101100011
11111111101110000001011110101110
11111111100111000101111011110001
11111111110011111111111110100001
11111111111100010001101010110111
11111111111111101000000111100111
00000000000111100010111101100000
00000000001100111111110011100011
11111111111111011111000100010001
00000000001011101001000001111111
00000000000110011010101010110011
11111111111111000011011010111101
11111111111011010101010110000011
11111111111010111110001011011000
00000000001000010000001101100001
00000000000101111100100010110001
00000000000011110001001000011000
00000000000110100011011011100011
00000000001101110100000100001011
11111111111101011000100111111101
11111111111001010011100000000111
11111111111000010011011011000000
00000000000100011111011010000101
00000000010100011110110111111111
11111111111000110101100000000101
11111111111010000100100011101001
11111111100010101011111010100101
11111111100110001001000010111011
11111111101101000100101110100011
00000000000111100111001000010011
00000000000011011000010110110010
11111111110100011001101100101100
11111111111100100100110101001110
11111111111001100001011010000000
00000000001000110100111000011100
11111111110101100010101110001001
11111111111011000100011101110000
00000000000011001111010111100010
00000000000001001011110111110011
11111111110110010001001011100110
11111111101111110101101111000010
00000000000010111111000111101010
00000000000010100100010001101000
00000000001010111100101101100000
11111111101101101101011100101010
11111111110000101001010111101111
11111111111010110100101100000010
11111111111110111100111011001000
11111111111011110010110100011110
11111111111111000001000011101000
00000000000011011111000010110101
00000000000011111110000000111010
11111111110100101001110011010101
11111111101011100001001101110011
00000000001011010101100010101000
00000000011101000110101001010010
00000000010011111110000100100111
00000000000111110101100100111010
11111111111100111011110000111010
00000000000000111000110010111101
00000000000100011001010000000000
00000000000101100110001100001100
11111111111101110111110100000101
00000000001100110111101010111110
11111111111011111100011011101100
11111111111011110110010011110110
00000000000011010010011011100111
00000000000111011100111111100100
00000000000011111101010001001000
11111111111110100011110101110011
11111111111000101101001000100010
11111111101011001010001001101110
11111111101001010101001001110101
11111111101000110000001110110001
00000000000010100111101001110011
00000000001110010100101101010100
00000000001011100011001010101110
11111111111110100011011011000000
11111111110010010111110000010110
11111111111111111000100110010001
00000000001101010101011011101111
00000000010011000000011110010010
00000000010101000110011100010111
00000000001000000100001101010111
00000000001101001010100111101011
00000000000111000100111001011010
11111111111011010100110010101101
11111111110111011001111011000110
11111111111011011011110111100110
00000000000111110111111110001110
11111111111110111010011010110111
11111111111110010011100111100110
00000000001000011100110111011101
00000000000111100100100100001011
11111111111010111010001010001001
11111111101011011101110111010111
11111111110001110001000011111001
11111111111101111010111000010111
00000000001011001100010010101110
11111111110100001101101101011101
11111111100110101100010011101111
11111111100100101111001100000010
11111111101010001101011101111000
11111111110010010110101001110010
11111111110110010110100000110100
11111111111100111010101000001100
11111111111010111001011110011110
11111111111011111001010110100000
11111111110101011101100010111000
11111111101101110011011000010001
11111111101011011011001110011011
11111111101111001001110110000001
00000000000100011000011010111000
00000000000100000010111101000111
00000000000110000100100011011000
11111111111100110000101011010110
00000000000111010101100110101110
00000000001111111100011100010111
00000000001010111011110101001010
00000000011111110010001000000010
00000000100000001101001010101110
00000000011001010101110101011001
00000000010010101110000101101000
00000000001001111101010011010101
00000000001001101101001011110110
00000000010111011101000100010011
00000000010010101001001100011001
00000000001000010000011000101111
11111111111101100101101011100001
11111111111010110010101001110000
11111111111100111010110010010111
00000000000000111000111001101011
11111111101110001111001100110000
11111111100000111011111100001111
11111111111001011101111110101000
00000000000011101110011101100111
00000000000010100100110000100010
00000000001000010110100001010000
00000000000101011010110010001000
00000000000111011111011001000110
00000000001011101111001110011100
00000000000110110100100011100101
00000000000100001000110001111100
11111111111010011100101111100100
11111111111011110001101100001101
11111111111011000100010111111101
11111111110111100001100101111110
11111111110010111100000111100010
11111111110000100010100111101100
11111111111001100000111001100000
11111111110101000001110111011111
11111111110110001001010101011111
11111111100111101000001000011100
11111111101110111110110100111101
11111111111101011111110110110111
00000000000000111100000101110010
00000000000001001110111100000110
11111111110100000100001010010000
11111111111000101101000010010010
11111111101110100101111111111100
11111111111010111111111111111010
00000000000011011001011100111110
00000000000110111000000111110100
00000000001010110101001010000110
00000000000111001011010110110101
00000000001001100010100101111011
00000000000101101110011111001001
00000000001010001111111101100111
00000000000001001110000010000111
00000000001001011110110100110100
00000000001101100100011111010010
00000000000111111001101000101100
00000000000110111001010001010101
11111111110110011011001000111010
11111111110110001001110010101100
11111111111000000001101111001100
11111111101111001011111001110011
11111111101000100011101100010101
11111111100000001111011010010110
11111111110101001000011011000110
00000000000000001101111101110010
11111111101101100010110010001110
11111111101010101110100010011100
11111111110001100010110010010100
00000000000001110001000101111111
00000000010001101011100101101110
00000000001100110100100000001100
00000000000100010000001111100110
11111111110100100110110001011100
00000000000100100101101111011000
00000000010011110110101110001110
00000000001011000011011111001011
00000000000010010001010000100010
11111111111001110100111001110101
00000000000100101111010100111100
00000000000111101001101011010001
11111111111111111001100100101011
11111111101110001010000010110110
11111111111000010000111100101000
00000000001000010111101101001110
11111111110010101011000011001101
11111111100010011000101100100011
11111111110000111001101011110101
00000000000001100110101100100110
00000000000101000111010011111010
11111111111110001001110100111111
11111111111010000101100110111000
00000000001010111101100001010110
11111111111111110101101000011101
00000000000000100001101000010111
00000000000000000111010010010110
11111111111101011111111101000110
11111111111011111111101101001011
11111111110101011011100100110010
11111111111000110001010111100001
11111111111111000000001110110111
11111111111001110100000101011111
11111111111011111011101011110000
11111111110011100111011110010011
11111111110110100100100110000001
11111111111001011110001101001011
11111111111100100110100011010001
11111111110001011010110101010110
11111111111110101111100110010111
00000000000001011110110110000000
00000000000100000110010101000101
11111111111101011111000101111111
11111111111011100000100010111110
11111111110111110001100100000101
11111111111110101111001000111001
00000000001000000011100001100111
00000000000010011011100110011001
00000000000100001010111010101101
00000000000000111011000110101000
11111111111001011001110010100001
00000000000111001100011010011111
11111111111110111111001011001011
00000000000110110001010010101110
11111111111111000000001100111001
00000000000101001001111111010011
00000000000011110000000001100011
00000000000101111001101110111101
00000000000101111111010001010010
00000000000000100100100110111110
00000000001010010100100010000000
00000000000101111110110110010111
00000000000010101010010111100100
11111111111000011101110011001001
11111111101101001000111100011100
11111111110100101110000101001001
11111111110100000010010000001101
11111111101011000110111111111111
11111111100001001100100100100010
11111111100111001111000010010111
11111111111011100100111101011110
11111111110100111010000000000101
11111111111000101011111011101100
11111111110110000000101110000001
11111111111010010001011111101011
00000000001101101110000011100011
00000000000110100011000101000001
11111111110110011101110011011000
11111111101010101100011100000101
11111111111111001001110001000011
00000000001100000011101111101100
11111111101011110011000000111110
11111111011110111011111111101001
11111111111000010001010001001001
00000000001001100100100111100110
11111111110110111110110111110011
11111111100101001101100010111010
11111111110101111100011100100010
00000000001000010111101000110011
00000000001111011011001011001100
11111111110111010100100100110110
11111111101111100101111110110000
11111111111010110100011001011100
00000000000111000101011001100010
00000000000101011101101001001010
11111111110010100111011111100011
11111111111000011111110100100101
00000000000100110000001001100010
11111111110101011111111111111101
11111111111010001110100011110111
11111111111011001011001110100001
00000000000110110000101100011000
00000000001000011000111110000001
00000000000000101000001101111110
00000000000100100011101011010001
11111111111000100100001001001111
00000000001001011000010100001001
00000000001001110110011010001100
00000000000110010101011000110000
11111111111111100000001111001001
00000000000010000011011111111000
00000000001010110001000100011110
00000000000100110010000010010110
11111111111100011100000111101000
11111111110010100001100101110011
00000000001001011101011011011011
00000000000100101011000001100111
11111111111110100100000110110010
11111111110010000001110011000001
11111111110100001011000011101000
00000000000110011101111000110101
00000000000011000001001100100111
11111111110110100100110011010001
11111111110001101110111011101110
11111111101110011110111100111110
11111111111000110000111010111100
11111111111100111111011001111001
00000000000000100101010110110010
00000000000110001100101111000000
00000000000110010111010101000001
11111111101101110101111010010111
11111111110100110110101011000110
11111111111110011101110110001001
00000000000110111001101011011100
00000000000100100010001100110010
11111111101111010010010101011000
00000000000110000000111100111101
00000000001101100010110101111000
00000000000110001000111111101011
11111111111111011011111110000010
11111111111001111010100000110101
00000000010000111010111101110101
00000000001101110000000110011111
00000000000110001111111010100000
11111111110001000000011011001000
00000000000101101100010000111110
00000000001101011001000001000100
00000000000111000110111100010000
11111111111001101000110110101101
11111111101011110011000111010011
11111111111110000111111011010111
11111111111110111101101101000110
11111111111101101000111001011001
11111111110011000010011100011101
11111111110000000001011111001010
11111111111101011001011010010000
00000000000101100011111000000111
00000000001011001010001010111101
00000000000011100000110010010011
11111111100111111111101101111111
00000000001100010110111111000101
00000000010010111000000111100111
00000000010011100110111110001001
11111111101011111110001011000111
11111111110010011100000110010111
00000000001011110100111101100001
00000000011000010010010100110110
00000000001010111001000010101110
11111111100001110101001011000011
00000000000101010101100010000101
00000000001010111001001010000000
00000000001010001010110111101000
11111111111110001000100011100111
11111111111100001100111100110010
00000000000110100010110110011100
00000000000100000011101110110110
11111111110111000001011001110000
11111111111100111110110100101011
00000000001000000000111110100010
00000000000100101000011011110001
11111111111101010101000100111010
00000000000000000010111100100101
11111111111010000010011011011100
11111111111111101011101010010000
00000000000010111100010100101110
00000000000001101101001010001000
11111111110010110111000111001111
11111111110110001011000111110111
11111111111010100001011110101011
00000000000100010100000100000110
11111111111000011101001000111001
11111111100110110000001011110101
11111111110001010011000000001010
00000000000111100000101001100111
11111111110101011100000101101111
11111111111010101111111001101011
11111111111111001001010100001001
00000000001000011111001101101010
00000000001000001111111110101100
11111111111010100001111001011110
11111111111101111100101101001001
00000000001010011000001111010111
00000000001000011011010011000010
11111111111101100111110011010010
11111111110110001000111100100001
00000000000011101101000010001010
00000000001001000011110000110000
00000000000100100101000100000001
00000000000100011011011100000011
11111111111011001010100100111010
00000000000010110111100101011110
00000000001000100001000001000000
00000000000011111100000011110010
11111111111001101100011111000010
11111111111010000100000100101110
00000000001111100100100110000000
00000000001011011001100110010100
00000000000100001101100000110100
11111111110001110111001110001100
11111111110010010111011111101000
00000000001111000110001110001101
00000000000000111001100010000110
11111111110111011000010010110001
11111111101001100000110100111101
11111111110101101000010101001110
11111111110011101110011001000011
11111111111000110100010100110111
11111111111101011111101000101110
00000000000101110110101011011111
11111111111001000100111010110100
11111111111110100011110001111100
00000000000110110110110010110000
00000000010000011000101100111100
00000000000010001111010101011001
11111111100011111100101000010100
00000000000000110000111111000010
00000000000010000010100100111011
11111111110100010010001011011100
11111111110101011101010011111011
11111111111011101100001010101111
00000000000010010000110011110001
00000000001011010110100100011011
00000000001101001101010001110011
00000000001011100111110110100110
00000000001111101111001100001111
00000000010000101100001110001111
00000000001100011010110000011000
00000000000111010101111110011101
00000000000011111010101100001010
00000000000100101101001011111110
00000000000000111111011101000110
00000000000111101110011101010000
11111111111101110000010001010100
11111111111001111000111000101100
11111111110110110011001100001110
11111111111001110001100111010001
11111111110100100110100000111011
11111111111001001111110000000000
11111111111111100011000010111011
00000000000001011100011100001101
11111111110111011101010001001111
11111111111110111110111110100110
00000000000110001011111011010101
00000000001001011011001001111001
00000000000110001010011000010001
00000000001110110001100001100101
00000000001100111111111110101010
00000000001010000110110011001011
00000000001000110011111000011010
00000000000110010011000001101011
00000000000000011101101010110101
11111111111101110011110000001001
11111111111111001111111100010111
00000000000100100011100111011011
00000000001000110111111010110101
11111111110101111100000100100010
00000000000101100000110110000001
00000000000100110000101011101010
00000000000100100001001111000011
11111111111110010011101001111100
00000000000101110111000000010100
11111111111111110000000001100101
00000000000000001101010001110010
11111111110000000011010011110001
11111111111010111111000010001010
11111111111000000001101000001100
11111111110011101000001010110011
11111111110101000110100001011100
00000000000010100011010000010110
00000000000101100001010111110000
11111111111101001111000011010001
00000000001000010100010001110110
00000000000111101000001110100110
00000000001000110011001110011110
00000000001001101000010001010001
00000000000101000010100101001011
00000000001010101001101110101010
00000000001000010010011100101000
11111111111100011100001000000011
00000000000100011110010000111010
00000000001101100000101101111100
00000000000010101001010000100010
00000000000000101011011100001001
11111111111100010011100001111101
11111111111101010111001100110001
00000000000010110100001101110001
11111111110100101001001010101000
11111111111001011011100101111000
11111111111110101011101111100010
00000000000100011101010101100001
11111111110110001101011011001001
00000000000000000111111101000001
11111111111110100111010100100100
11111111111100101000010111101001
11111111111010100011101111110101
11111111111100001101001010111111
11111111111111111011000100100111
11111111110011110110001000010110
11111111101010011011100001001111
11111111110001111100101010100001
11111111111110010000001001010101
11111111110000010100110110011000
11111111110010011111000001101010
11111111111001010000001110101101
11111111110011110000001101010111
00000000000110111000000101111011
11111111111111001001110101011001
11111111111111110011011111011110
11111111111011110110010101000110
00000000000011111011011011100111
11111111101010000010110001101101
11111111111100100001010000100111
11111111111111101101101010110100
00000000000010110011111110110001
00000000000111011101000111001011
00000000000111000010101100100010
00000000001000111000101010101100
00000000000000011100001100011011
11111111111111010110001010111101
11111111111010010100010100111001
00000000000111101010111101101111
00000000000100101101010111101110
11111111110101100100110010000100
11111111111110011011110100100010
00000000001000001000010101100101
11111111110101100110000010100100
11111111110111100001001111111110
11111111111111100000100000101101
11111111111111101001110111111100
00000000000000100001110010011011
11111111111011111110011111101000
00000000000010100111111100010101
00000000000000100000100101101100
11111111111100001010101110000111
11111111111110101010110000001011
11111111111111111111101100100010
00000000000011001100100000001100
11111111111011101111100011001000
11111111111001000010010011110000
11111111111010010100111111100101
11111111110001100111111000100110
11111111111100000001100101011110
11111111111111000000111110110000
11111111111110010000000001001100
11111111111111011111101110100111
00000000000001101001010011011111
00000000000100010000000111110111
00000000000111100001010000110000
00000000001000100000011011000010
00000000000010010101111100111010
00000000000010001010001011110011
00000000001001101110000011010010
00000000000001111001110000111010
11111111111111000111101110101110
00000000000100000101010010010010
11111111110101001001110101111100
11111111011111100000000101001011
11111111011011100010010110011010
11111111110111011110110101001010
00000000001101000010001000010101
11111111101110111111101111100000
11111111100001010010000001100100
11111111011000110110001100100111
11111111110000111011100000110011
00000000000011100100011100010010
11111111110100110100000101100010
11111111110101011011110001000111
11111111110010111111110110001100
11111111110111110011100010011011
00000000000111000010100001011011
00000000000100010100110110110101
11111111111110101101000011011011
11111111111001110100100110100001
00000000001110000101000010100000
00000000100000001010101000110111
11111111101111101001100010010011
00000000000000000010010000011001
11111111110110110101010100011001
11111111110111111000101011011010
11111111111010111011001001000000
11111111111101010010010100001111
00000000000110100000000101011011
00000000001011111011000110110100
00000000000001101100001110100111
11111111111100101111010010100011
00000000000100001101110101000111
11111111111110100011111100110110
00000000000000111000001000011110
11111111111111101010110011010111
00000000000110001111011111000000
00000000000011101011110111100000
11111111111011100000110011001100
00000000000010011110100110110111
00000000010000110100100011001000
00000000010001110101001101111110
11111111111001001001001011010010
11111111111100101111111000000011
00000000000000010011100110111000
11111111110111001001101000001111
11111111111010010111110010101010
11111111110110000000001001011110
11111111111100000110001010011011
00000000000011100010010111111010
00000000001011100001110011101011
11111111111010100011001001010001
11111111111000011111111111110000
11111111110110111111011011001101
00000000000011011011101000000001
00000000000110001011100011000110
00000000001011100010101100010100
11111111111100000101111111010100
00000000000110100000011100110111
00000000000001110001110110000100
11111111111001110010011011111100
11111111110111100011111100101110
00000000000111010001101010101110
00000000000101000001110111001001
11111111111111111111111010001001
00000000000011000001110110011000
00000000001011101101100011001100
00000000000011000001011111110111
00000000000110110101111100110010
00000000000000001101101101000111
00000000000000000011011101110000
00000000000100001001000110100111
11111111110010000000011001110111
11111111111101111010010110100000
00000000001001001000101001011110
11111111111101110110111000000110
11111111110110101101111000110100
00000000001100101111100011000111
00000000010000000001011100011010
00000000000111100100100111001000
11111111111001001111000101010100
11111111110000110000000100000111
00000000001010111010010101111100
00000000001010010110111011110010
11111111111011000001011001111011
11111111101000000001101011111110
00000000000011000110010111111110
11111111111011010100110011111000
00000000000111100000100001010011
11111111101001010011011001001000
11111111011011101101100001001000
11111111101110111110011100010110
00000000000001011010111110101010
00000000000010010101111001000000
11111111110111100111110010111111
11111111011000010110010100011111
11111111100101011001100101111011
00000000000010000010111000011001
00000000000111100011111001011111
11111111110100000110111000110011
11111111100110101100000110110011
11111111101010101111111100011001
11111111111010011001110000110001
11111111111110111110101011010001
00000000000000110011110011101001
11111111111111011000101111101011
00000000000001010011010110101110
11111111111011110100100011011010
11111111111010111001010010100101
00000000000010011000110101001101
00000000001010011000011100000101
00000000001000001001010010101010
11111111111001100011101110101010
11111111110101001110111111110011
11111111111111000100111011000001
00000000000100000100011110000011
11111111111100111010100111100000
11111111101101010001011110000010
11111111101101010010011101110110
11111111111100001101110001110101
11111111111011011000001111111101
11111111110111111111101100100111
11111111101111110111000011110100
11111111110100100110101101110010
00000000001100110101010010110011
00000000010111101100011010101011
11111111111100111010100100001101
00000000000001011000110111101001
00000000000110010110111000011110
00000000000111101000111011100111
00000000000001100100111010110100
11111111111110100000111011001010
00000000000101100010011111011010
00000000001000111100101101000010
11111111111101101100111110111111
11111111110110111101010100011000
11111111111010101011011101100101
00000000001011000101100011011011
00000000000110101111111111001100
11111111111110110110001001100011
00000000000000011110011110110111
00000000000101001001001101101110
00000000000011011011111010001101
00000000000011001100111001001011
00000000000101110111101101000110
11111111111110011111010111010111
11111111111110001001000110010110
00000000000000010100011101110111
00000000000000011001001000100010
00000000000001000100100010110100
11111111110111010000100100101100
11111111110010001001000000111011
00000000001100000111101010000000
11111111111101000001000011011000
11111111101001001101001100011110
11111111111001001101001000010101
00000000001110011010111110011100
11111111111001000110010110011110
11111111101011110001001010010011
11111111011011000010010001101001
11111111100101011000100010111111
00000000000001110111110101111010
11111111111001000111100101000011
11111111100100110101100011111111
11111111101000111010001111000101
11111111100100100110100110100110
11111111110111010000101010010110
00000000001001111111000100000110
11111111111011100010010100101010
11111111111101000000011001011001
00000000000000001010000000001011
00000000000101101101011010000010
11111111111101100111010111100111
00000000000000000001111101100100
11111111111110110011010111011001
00000000000010100010110000110111
00000000001111000010001101011001
11111111111001001001000011100110
00000000000100111010011111110001
00000000001001000101100101110011
00000000000010001000000010001111
11111111111111001011100010000111
11111111111000000111100000000001
00000000000111111001000010001110
00000000001000000111001001011111
00000000000010010101111110001001
11111111111001110100000110110101
11111111111100111101010100001010
11111111111110000001110010111101
11111111111110100101100000000001
11111111111011011110111000111110
00000000000010001001001100101100
11111111111100011110010011100010
11111111111111101110011111111111
00000000000110110111101000111100
00000000000010110110111100100110
00000000000100100111000110001101
11111111111100100001010100011010
11111111111010100110101010101010
11111111111101011011011101111011
11111111111001110100100000110100
11111111110111111110111100011001
00000000000000010000000101011110
11111111111100000101101010011100
00000000001000111101100100000000
00000000000111001010100100100100
00000000001010000100011110010110
11111111101110110111100010101000
11111111111111011011100011101011
00000000001011001001010001001010
00000000000110010101101010010101
11111111111111111110000011101010
11111111111010111001001111100011
11111111110111101000101011011101
00000000000011011011000101010100
00000000000101100001110101100100
11111111110101100001001010011001
11111111111111010111101001100110
11111111111001100000100111100101
00000000000110101101110001110111
00000000000110101101110110000111
00000000000011100111000111001101
11111111110111111111100000001001
11111111111010100100001011000001
00000000000000100001001101000101
00000000000001010101101100001101
11111111111001111101000000001111
11111111111011110101011010010100
00000000010000001110111101101111
00000000001110110110011000101101
00000000000101100100000010000110
00000000000011101000001011001101
00000000000010101101010101101101
00000000010010000111010010110111
00000000000111101110010100110100
11111111101111000101100010111111
00000000001011001110000011000001
11111111110111001100110111011010
00000000001011110010011000000001
00000000000010110010111110011100
11111111011011101101110000000111
00000000000101100011010000010110
11111111110111100100001110101101
00000000000110110011001110100111
00000000000111000010010110010001
11111111011001011110001000010011
11111111111011110110011010011111
11111111111000001110011010010101
00000000010000010000010010010111
00000000000110000101000110101111
11111111101000011110101000110100
11111111110111110101001001010001
11111111101100101110100011101101
11111111110101111111101010010001
00000000000011010001101010000010
11111111111111111111110110001000
00000000001000010110000011000101
11111111110101110010100111100000
11111111101111010101001000011110
11111111111100110011110100010110
00000000000001110000111000000111
11111111111000001000100110100001
11111111111000000111100110110101
11111111110100011110001100000111
00000000000010101111101000110001
00000000001100000000000011100001
00000000000011000000111101111110
11111111110000101010100001110001
11111111110001111000001101010011
00000000000010110110000111001001
00000000001101101100011001101000
00000000000011010010100111101101
11111111111001000010001000000111
11111111110011010111110100111011
00000000000010010001011101110111
00000000001001110000010100101111
00000000000001110010010000010000
00000000000000011011000010110010
00000000001011011100101111011101
00000000001100001100000111001000
00000000000000110000100110010010
11111111111110010010101111000100
11111111111100011011111011101001
00000000000011100011000001001011
00000000001011000111010110111011
11111111111100011100111110111001
11111111110101011010010000011011
00000000000001111011010110111100
00000000001001110101111101011001
00000000000110010001001000001100
11111111110011101111101000110110
11111111110001111000101010011001
00000000000001100010101011011010
00000000000000100101101001010101
00000000000100111001010110100000
11111111111010100010011010100101
11111111111011111110100101101000
11111111111000101101011110001111
00000000000001010001010110000011
00000000000011101001110110101010
11111111110111101110110011110100
11111111110011011001000111010000
11111111100111111101010101101010
11111111101100110000000010110001
11111111111001110011100101000111
11111111111110100011000111001000
00000000000010010111000000010001
11111111111100100000010010010001
00000000000011100000001011001101
00000000000011010010101011101111
00000000001001110011000100101010
00000000000000110100111111110111
11111111111001111101110111100000
11111111111111101110111010100001
00000000000000101100110101001000
11111111110100100101010111011111
11111111101001101001101000001111
00000000000100101000000000110111
11111111111000001010011010010000
11111111101001101111110111001000
11111111101110000100001001000101
00000000000101011010101111011011
00000000000001001111011010010111
11111111111111011100101001101001
11111111101110101001111011110110
00000000000001110010001101010000
00000000000111010110000111001010
00000000000000001001000010010000
00000000001000101111000111001100
00000000000101010100111000010010
00000000000000110000000011011011
00000000000000110010110011100010
11111111111110110001110110000000
00000000000011111000100111000110
00000000000000110001011011111110
11111111110101110110101011111011
11111111111101100001001000100011
00000000000100011100001110000100
11111111111000011101101010000100
11111111110100111010001110100100
11111111111101010101001100101011
00000000001001100110110011111111
11111111111111000011010000011001
00000000000010101100000100000001
11111111111110111001010101101110
00000000000010001000110000010101
00000000000000010001111100011000
11111111111110010110101100001000
11111111111001100001001100100100
00000000000000100111001110110001
11111111111100010000100111001101
11111111111011000000001011100111
11111111110110111001101100011010
00000000000001000110010010101110
00000000001001111011000001011101
00000000000101101001000000001100
00000000000100101101100001110100
11111111111100110101101110001001
00000000000111111111110110111010
00000000000111100100100100011000
00000000000001010101010010000101
11111111110010000010011100000110
00000000000010111001000111111110
00000000000100111001001000100110
11111111110111110001100101100001
11111111101011111001011100101011
11111111110100011001000111100001
00000000000100111110010111010001
00000000000101101000000010100001
00000000000001101111101110000110
11111111111010111101010011110110
00000000001011111110100111011010
11111111110111000010110001010001
00000000000011010010111110100111
11111111111011111010011101011001
11111111111100110001101101011101
00000000000010111011100001101110
00000000000010101100110000010111
11111111111101111111000111001011
11111111111111000011011000101011
11111111110011100100110011110110
11111111101101000111110111100001
00000000001010111001010000010110
11111111111101101010010001000110
11111111110100100010011011010101
11111111111001010010110100000100
00000000001001000101010101010000
00000000001010101111100010110010
11111111110110010110001100111001
00000000000110101010111000001110
00000000001110010001001110001001
00000000010011110101001010010001
00000000001111100010100100110101
00000000000010111111110110011100
00000000001111001111011101101011
00000000001110100101010101101000
00000000000111101000101101101011
00000000010001010111101100000011
11111111111101101110101101110100
00000000001101100000011000010101
00000000010000000010110100000100
11111111111100101111100011110101
00000000000000110110101111001101
00000000000101110001110010110110
00000000000010000110001000000101
11111111111100100011011100100000
11111111111001110000010111000010
11111111111000011010110110010101
11111111110101110110110110101110
11111111110010001010110101001101
11111111110111101100100110110100
11111111111000101011100101011000
11111111111101101010101110010101
11111111111100000110000011111111
00000000000100001111000011100110
11111111111111100110011011100011
11111111110110110110011101110000
11111111111001100100010011111001
00000000000011101100100110100001
00000000001000011000111010111001
11111111111000101010101001110110
11111111101100111111010110110111
11111111101111011100010000010111
11111111111101011000111110111110
00000000000001110011100101110101
11111111110001101110101000011011
11111111111011111111100000101110
00000000000100110000111001000111
00000000000100001110101101111000
11111111111110010000011011111001
00000000000100110111100000101010
00000000000101111000011010110110
00000000000011111010111101011100
00000000000110001001110100010001
11111111111110110110111101010110
11111111111011011010001000110111
00000000000011011111001110000001
00000000001000101001111100011101
00000000000010101001010011110100
11111111110100010001111000110001
11111111110111000010010010111100
00000000000100000110010001000010
00000000000101001111111001101010
00000000000000111000100010101100
11111111111100110001001011001001
11111111111111100010011110010011
00000000000011101000111100011110
00000000000110111101111010001100
00000000000111101001101100001101
00000000000100110110101000111000
00000000000001100100110010000010
11111111111011011000001011000010
00000000010101011110111010101000
00000000001101111000010110011111
00000000001110010111100010100110
11111111110001101011100110100011
11111111010111001011010000011111
00000000001010100000101111001010
00000000000001111101111101111001
11111111110011011011000000000100
11111111110010110000001111011110
11111111101000000011100000010000
00000000010100011100010110110011
00000000010000111100001011010010
00000000000110101010100011111011
11111111111110100011111001011001
11111111110111110000100111000011
00000000010001010110010101000011
00000000001000111000100101100000
00000000000100101001010010110100
00000000000111100110010111100110
00000000001010101111001000101001
00000000000100011101010101101000
11111111111011010111110101001100
11111111110101011010001011001100
00000000010101101010011001011001
00000000100111100101100110010010
11111111111010101001111000001100
11111111111000100110011001111101
11111111111000110010100101011000
00000000000011011000000100101110
00000000000011101100010001010010
00000000000011111111110110100001
00000000001000100010011110010110
00000000001000010001111101110111
00000000001000100110111110111011
00000000001011101111000100001000
11111111111010110101000011101011
11111111111001000000100001100010
11111111110110001101110010101011
00000000001000000001001101001001
00000000001010001110100100110001
11111111101100101110100011010000
11111111101110010011111001001000
11111111110000010010001110001000
00000000000000010001010000000001
00000000000101000110010000110000
11111111111001001011010011110100
00000000000011110100000110011001
11111111110101111110011000001110
11111111110111001010101111000000
11111111111101001010010111011000
11111111110100111010000100111011
11111111110110110001011001011000
11111111101101100100101001111001
11111111110000101011111111100100
11111111111001111101101011111101
11111111111011000001010000100101
11111111111011101010000011000010
11111111111111010100101100010110
00000000000111101111001010101010
00000000000110011101111101101111
11111111111111111010101100011000
00000000001000011111111010001101
11111111111111000001101111101000
00000000000011000110110111101100
00000000001000111100100000101111
11111111110100011011010110110101
11111111101100111001011100011111
11111111110010011101001011101010
11111111111010110000010000010010
00000000010101011000001111111010
11111111100100011001110100001101
11111111101001101101001111111010
11111111110001011001100110110100
11111111110011111110010101100010
00000000001001000010011111011001
00000000001000010010101111010100
00000000000101010001001101100111
00000000010000110011100110000100
00000000001011011001101100000101
11111111111100001000101000011000
11111111111011001000000001101100
11111111101110111000001001011001
11111111111000111111000001100001
11111111111001100011101110001001
11111111111011001110111011110000
11111111101011001001100100100110
11111111100100111101100100100101
11111111101111001111100010110011
00000000001100000011100100100001
00000000000001110011011110100000
11111111110000101111100110110101
11111111110110001011101100011010
11111111111100100011110011101011
00000000001100000101000110110110
11111111111100100010010110011110
00000000010110010001100110001011
00000000010000001011010111010010
11111111111010111100010011010111
00000000000000011111010000111100
11111111111000010001011001000101
11111111111001000101011111101001
00000000000000101101011011011100
11111111111011000001100000100111
00000000000011011001001101101100
00000000001000010010101001010101
00000000000111101001101010111100
00000000001100111110000010001101
00000000000011111000101000101010
00000000000001010011110100100001
11111111111101111110101101010101
11111111111011000011100011000010
11111111111010000110000111100100
11111111100111001100111100000011
11111111101110100010001000111111
00000000000001010001010110011000
11111111110111101111101000001101
11111111110110001011011110110110
11111111100110100101101000111001
11111111100110010101010001111001
00000000000101011000101001111011
00000000000010000101100111111010
00000000001000100100011001111011
00000000000001000011010000010000
11111111111001010101001000110110
11111111111010000111010101101000
11111111111000111110111000101001
11111111111000101111001000101110
11111111111101001101001101100011
11111111111100101111001101001110
11111111111010110111111110111110
11111111111000100100100001101110
11111111111111010011101010011011
00000000000101000111101011000000
00000000010000000110111011010001
00000000001100000101011010011110
00000000000000000100001010001101
00000000000010111110000011100100
11111111111101110101101000101111
00000000001010011010110101100011
00000000001111111010111001011000
11111111101111101010110101110101
11111111101111000000110100101000
11111111111010001000111100100110
00000000001110010010010001000110
00000000001110000101101110001011
11111111110101010100111011111111
11111111111101101000001111000111
11111111111110000011011000100111
00000000000011100100111000110110
00000000000010111011011111110011
00000000000011000001000001110100
11111111111010101011000100111011
11111111110110000101011110101101
11111111111111110010010010101001
00000000000100111001011111000110
00000000000000000110011101111000
00000000010111011001011101111110
00000000011001111001011000000111
00000000010101111000101011001010
00000000010010100110001000001111
11111111111011100110110111001010
00000000010000000110111011001110
00000000010111100100100110111101
00000000010100111110001000101110
00000000000110100101001001111000
11111111111110011011001000111111
11111111011100001000000101000001
11111111011111101111111011110010
11111111101110110011110010111110
11111111110000000001010101111101
00000000001100011010111110011100
11111111111111110000100010100100
11111111111100011110100000101011
00000000001110100110000011101100
00000000011011101111100011100001
00000000000010010111111101001100
11111111111111100001000101110001
00000000000001001110010000000111
00000000000100101101011110010011
00000000000111010110001011110011
11111111111010100001010001100110
11111111110111001011001011001111
11111111111000001000101100111010
11111111111111110010010110000011
11111111111100000101010101111011
11111111111110000111101101011100
11111111101111110001100011000110
11111111101011011000010100010010
11111111101111000011111100111000
11111111110111100001110000001101
00000000001010011011011000011101
00000000001001000001111110100110
00000000000011101101110010110001
00000000000100100000010011000000
00000000000100001111110110001101
00000000001010000010101111010101
00000000000001011100011101111001
00000000000111010000010110000100
00000000000011001110100110101010
00000000001000111011010100110010
11111111110110110010001111110100
00000000000011010000110111000000
00000000000101110111011100110000
00000000000111110010011001000010
00000000001000011000100101110011
11111111111011110101001000100001
00000000001001011001110010000101
00000000001110001011011000100100
00000000001010101010111110001000
00000000000111000100011100011111
11111111111110010101100110111010
11111111101010101111010101111101
11111111100111110000101010001110
11111111101101011001111001110000
11111111101100001011100111110101
00000000000001111111010101101010
11111111111001001011111101101001
11111111110011111101011100110001
11111111111010011011111100101100
11111111111010111000010001000110
00000000001010010100000111101000
00000000001011010101101011111110
00000000001001100011100010010000
00000000000010101010101001110011
00000000001100100011110110110101
11111111111110100001111000001001
00000000000100111001101111001100
11111111111110000101001000001010
00000000001000100011011001100111
00000000010010011010111011110001
11111111101001110100111010000101
11111111101101100110010101100100
11111111110110111101011011000001
11111111110111101110011110001000
11111111110110110001110010100101
11111111100001011100110001100010
11111111101110111111000100001001
11111111111000001000111101010110
11111111110101010001101101010000
11111111110101110100100101011001
11111111110001111111101001101001
11111111110101110101010110000100
11111111111111101100101101001101
00000000001000000111000001100101
00000000000011111101001110010101
11111111111011010101001010010111
11111111111101101111011110110100
11111111111111100101010001111010
00000000000001110011000011011100
11111111110011101111100011100111
11111111111110111110110111111111
11111111111111101101011001110011
00000000000110001101001111101011
11111111111101000100011000010100
11111111111101110101000011000110
11111111110000011110100101001100
11111111110000001100110111110100
11111111111010100000000100001001
11111111110111000101110100000001
11111111111010001011111110111010
00000000001001111000111110010010
00000000000000010100011111100111
11111111111010101101010101000011
11111111111010110000100010010111
11111111111111000011011000101110
00000000001010001100010101111110
00000000010000111011110001110001
00000000000101011111011000100110
00000000001010001101000110111011
00000000000011111101110011100100
00000000000010000011111001111000
00000000001001000001001000101000
00000000000110000110010010010101
00000000001000011001011100011010
00000000000110110111011010010000
11111111111100111000100111110100
11111111111100100001101001010100
00000000000000000001101000100100
11111111111110100110101001011111
00000000000011100001010010110101
11111111110011111011111110101011
11111111111001010001011100000110
11111111111010110101011000001110
11111111111101101110010101100101
11111111111010001011110101100111
11111111110110011001010101100000
11111111110101100010001000100010
11111111110010100101111001001100
11111111111001111011011000000100
11111111110101110110100101010111
00000000001001000011010111000101
11111111111010001111011010011010
11111111111000001010111010011010
11111111110111100100011100000110
11111111111110111011011101001001
00000000001011111011010111011100
00000000001010001001110100001100
00000000001001110011111010010000
00000000001000001100101010010000
00000000000101101101001100000110
00000000001100000011000001111010
11111111101001111010111011000001
11111111011100100111110111100011
11111111111111001100000001100110
00000000010101000111111100111110
00000000001001011100011100010011
11111111111110101011010110110111
11111111100000100101011010000010
11111111011001000100001010111001
11111111101101000010110001100100
00000000000101100100010000011001
00000000001000011000100010011110
00000000000010001110010101100010
11111111110100100000001101010101
00000000000001100101101110000100
11111111111110110111110010010000
00000000000101111011000111011100
00000000000100011100000100100001
00000000000100100101010100011010
00000000000010101010010111010001
00000000000011001111111110111011
11111111111100010011001001111001
11111111111010110111011100011110
00000000000001000111001001010010
11111111111101011010110011010110
00000000000101111010100100101111
00000000000111110111001011011011
00000000000111011010011001011101
11111111111101000111111100101000
00000000000010000101100111101011
00000000000000100110100101011010
00000000000101100111101000001101
00000000000010110100011101101000
00000000000100101110010101110000
11111111111011110110011101100001
11111111111010000001011001101101
11111111111111110111010000100100
00000000000110111000101001101011
00000000000111010100100000101011
00000000001001000110001011011000
11111111110111011001110110111011
11111111111010011001000011000110
11111111111110100001011011100011
00000000001100110010011010101001
00000000000110001111001100001111
11111111110010100111001010111010
11111111110001001001000110011101
11111111111010001011001001011111
11111111111111101000111011011111
00000000000101110100110111010100
00000000000010100001110001110111
11111111111011011001100100100111
11111111111011101101011000011001
00000000000100010100001001100100
11111111111101010011001000100111
11111111111100111110101010001111
00000000000010100010011001000011
11111111111111110001010000110101
11111111110110100111111010101011
11111111111010011100100000111011
11111111111100001101101100001000
00000000000010110110011011001111
00000000000110100101100100000010
00000000000111100110001000100011
11111111111000110000000000001010
11111111111001001101000100100101
11111111111010011000100100000000
00000000000001110010011110110001
00000000001101001001010010010001
00000000001001010111110100011000
11111111101111001101101000010001
11111111110000001010101000000101
11111111101110000100001101110100
00000000000010010101010110011000
00000000000110001110110100010110
11111111111101100110100110110110
11111111111101100001000011111101
00000000000101101101110100110110
11111111110100011001101110110011
11111111111001001111011001010111
00000000000101111010111011011111
11111111111010110010111101101010
11111111110111110100011011001101
11111111100111010000011100011100
11111111110001001111011101111001
00000000000011000110011100010011
11111111111011111010011010101010
11111111110100001010111011001010
11111111100100010000010101001110
11111111100010111110011010011011
11111111111010101110010001100101
11111111101010010101111110001001
11111111111010010100001010001011
11111111110011010100101111110011
11111111001011011000001110111111
11111111111010111100101110111110
11111111110101000000001001100110
00000000000111101101100011100110
00000000001110111101010010010001
11111111101000000101111000100011
11111111111100011111111101110111
00000000001001100010000010001010
00000000000111010010001110001101
00000000000001110011111000111000
00000000000010000111110011001000
11111111111100111011111001110000
00000000000010011000100110110100
00000000001000010100110010011100
00000000001100110001011010100110
00000000000100010110000001001001
11111111110101100011001011110101
11111111110110110101100010101001
00000000001000001000000101010011
00000000010101111111001110101100
00000000001011111000110011001010
11111111110110000011000110111000
11111111110110101000100001110010
11111111110110011000101010110010
00000000010000000100011100001001
00000000010010111011100011011010
11111111111100111000111111110110
11111111111010001000100100111010
11111111110111010011101110000101
11111111110001000110100001100000
00000000000010110011001110010101
00000000000001101011000101010001
00000000000110100100000110010001
00000000000110011001101010011000
11111111111111110011000011111000
11111111111101011111000001110110
00000000000110011101000011010111
00000000000110010010010110010111
00000000000001001010000000010110
11111111111010111011011110001101
11111111111010011100011111100000
11111111111111100010011010100110
11111111111110111000100000101101
00000000001001101011001111100001
00000000000111010010011111101011
00000000000001111000011001111001
11111111110101011101000100010001
11111111111010100100010101000111
00000000000111100001110001110100
00000000000101110010110011010100
11111111111110101010000100101101
11111111101111111101000001110001
11111111110001101010101101011110
00000000000010000000000100101010
00000000001000010100001001110011
00000000000010100011111010011100
