00000000000000111110111111010010
11111111111100111111100010100001
00000000000011011101101111110011
11111111111100100111011100101100
00000000000011001100100001111100
00000000000010101100101000011001
00000000000010000000111011111101
11111111111011011100000111011111
11111111111101111111101011111000
11111111111111011011010001110100
11111111111100111111101010111110
11111111111110001101100011010011
11111111111100101110010100110111
00000000000010110110111110010010
11111111111110101101100000001011
00000000000000101101101100000101
00000000000001010101111010001100
11111111111111010011111000010100
00000000000000001101110011001111
11111111111101011101000110110000
11111111111111001111100010000001
11111111111101011001101000111111
11111111111111101101001001111111
11111111111111000000111010101010
00000000000010101101111010011110
11111111111110100110110001010011
11111111111101110110110001000110
11111111111111000000011000010110
00000000000011011110001011001100
11111111111101010000011101111101
00000000000011011001101000001110
11111111111111110011000110100110
11111111111111010001001101010010
00000000000001000001100011111100
11111111111111111010000110001011
11111111111101100001111010111010
00000000000001000001001101010101
00000000000001110111011000101100
00000000000001011001000110101010
00000000000010010111001110101000
11111111111101011110011111101010
00000000000001011001100101101101
11111111111111010101011100000111
00000000000010001100011010110000
11111111111100101111000100100010
11111111111111111011011111100101
11111111111011111000000100101111
00000000000000011010010001100110
11111111111100111100001100011110
00000000000001100110100010111100
00000000000000101011100110110110
11111111111110101111111100101111
00000000000011001101110100001110
11111111111101011110010100100010
11111111111110110110100010010110
11111111111011101100001000110011
00000000000011001001010100110100
11111111111101000000101010110000
11111111111100011001010101000100
11111111111100001110011010110100
00000000000001001111111011010011
11111111111101000001001100100000
11111111111111001111100100101010
11111111111110010101100000001111
00000000000001100111100111011001
11111111111100001010011101001010
11111111111100111111010101100001
00000000000001111111000111100100
00000000000000010110110111111101
11111111111100001100111101101101
11111111111100000001011111011110
11111111111101110110110100110101
00000000000011001011011000101010
11111111111110010010100111001010
00000000000001111101001110110001
11111111111111101000011110001100
11111111111101010100010000101001
11111111111111001101011100001010
11111111111100101000000110011100
11111111111100110000101110011001
11111111111111001111001100000011
11111111111011110101101001000001
00000000000000101110001010111010
11111111111011101100111001101111
11111111111110110010100100010011
00000000000000101100111001101001
00000000000011011110110010101101
00000000000001111000010000100010
11111111111011110110110011111000
11111111111110100000101010011111
00000000000001101110000111110001
00000000000001111110101110000100
11111111111011101010111011110001
11111111111101101100011111101000
11111111111101111100010001000101
11111111111111010100001011110001
11111111111111111111110001000010
11111111111111100101101011001101
00000000000011000101101000000100
00000000000000110000010000110001
11111111111110101101110000101101
11111111111100010111100100001101
00000000000011011100000010001011
11111111111111011100011100100110
11111111111011110110111001100000
00000000000010101010010101011011
11111111111100010110111101011000
00000000000011010100011010001010
00000000000010000000100100101100
00000000000000010010110100011010
11111111111111101101010101011101
11111111111111001110000100101110
11111111111100001101110001010111
11111111111011111011001001011010
11111111111100010111100000101100
11111111111110101110011010010000
00000000000001001100110010011001
11111111111100001111101010111111
11111111111110011001001010011000
11111111111110110111011101000100
00000000000001011011010010100011
11111111111101100100000100100101
00000000000010001011011111110101
11111111111011100011111111011101
00000000000010000100110101011010
00000000000001011110110110110101
00000000000010001001000001101101
00000000000001001001100110010111
11111111111110010111011010001100
11111111111110000101110100001111
00000000000000110110101001100011
11111111111100100110001001101000
00000000000011111110001011000110
11111111111101101110001000001001
00000000000011110011011111111011
00000000000001001101100111000100
11111111111111000100111001011010
00000000000000001011110000110101
00000000000010011010001110101100
00000000000000001010110111110011
00000000000100000010001111101101
11111111111100000001100111111111
11111111111101110100001011010001
11111111111111000111111111110010
11111111111111011001100101100100
00000000000011001011000010101011
00000000000000001110010101111111
11111111111110110001100100011101
11111111111110000110011010100101
00000000000100000010111001110101
11111111111110011100001001111011
11111111111101001011000110000000
11111111111101001111101000100000
00000000000010110100000010000111
11111111111110011000001111100101
11111111111101101100011011010111
11111111111111000110000010110110
11111111111101111010101100101100
11111111111100000011011100010110
00000000000001110101010101000111
00000000000011000111100010001001
11111111111110110101100011010101
11111111111111110010110110110011
00000000000010011000001101000100
00000000000011000100110000010110
11111111111111010001100111000010
11111111111111000110001010100110
11111111111100100001110110100000
00000000000000000001111001100010
00000000000001000011010101011111
11111111111110011001110001010010
11111111111011011101001111000000
11111111111100100100001000101010
11111111111110010001101101011111
11111111111111110000100000110010
11111111111101011110011100010000
00000000000000000001010101010001
11111111111011111010101010011000
00000000000001000011110110001101
00000000000010110111000001010110
00000000000001001011110111011101
11111111111110001101010011110111
00000000000000001101110010101000
00000000000000110000101010000001
11111111111110100101001001000000
11111111111110001001010111101111
11111111111101101011010001101101
11111111111110100010111100010101
11111111111100000001100011000010
11111111111100111000111101010001
11111111111011100111101011011111
00000000000000010000101111010010
00000000000001110110100111010100
11111111111110001111001111111110
00000000000000000010010100010101
00000000000001111001011011111000
00000000000000110010000110111001
00000000000010000101010001101100
00000000000010000111010100100011
11111111111111100111000001100100
11111111111111100010101010001110
11111111111101100010010001110110
00000000000011011010101000001010
00000000000000010010011000001110
11111111111101011000010111100011
11111111111101010011110101001101
11111111111111101000110010001111
11111111111111101011100110101000
00000000000000101011011010100111
00000000000001110001101010010010
11111111111011011110001100110110
11111111111110101110101100110101
11111111111011111110000011000010
11111111111111100010101101111011
00000000000001001000000111000011
11111111111111000000001000100101
00000000000001011101000000000111
11111111111101011100101101001001
00000000000010000100000111100001
11111111111100101101100010011110
00000000000011001100011101111001
11111111111011101110010001000100
00000000000010110001011011111011
00000000000001011000011110110111
11111111111111011110011010010001
11111111111101101111101010111011
00000000000011000010110100011110
11111111111101100110100110001010
11111111111100001011100100100110
11111111111101111011101100101000
11111111111100000010111001101000
11111111111100000100100101111000
11111111111100101010001000110101
11111111111101001111011001111011
11111111111110000110000000000111
11111111111100010010010001010000
11111111111111001010100010100100
11111111111111000110100110000001
00000000000001110001111110110111
11111111111011110111001111100110
11111111111110100001101000100011
00000000000000001011010110010011
00000000000001100111001100100110
00000000000010000010000100101110
11111111111110100011100001010011
11111111111100100111001110001110
11111111111110111010001011111000
00000000000010111010011011111011
11111111111010110111101101001111
11111111111110100010011010100111
