00000000000111101010001101001100
00000000001100100110100110110000
11111111111101011011110101010000
11111111111001110010000111010100
00000000001011100101100110010001
11111111111101000100010010100100
00000000000010010110100110010001
00000000000111101001000111111100
11111111111111101010001101101011
00000000000011110101010011001100
00000000000001010000000010100011
00000000000000110011110001100000
00000000000010001101011001001101
11111111110001100010011000000011
11111111111001011011010110100001
00000000000101101011001011011001
00000000001000011000101011110110
00000000000101100101110011001011
11111111111111001100000011101011
00000000000100111100000001000011
00000000000010001010001010100111
00000000000111100000110101110010
00000000000011110011110100001101
00000000000001000111111011010110
11111111110000011110011101000001
11111111111100000101111100111001
11111111111010111100110010001000
00000000000110010101110101010001
00000000000010110111101010010100
00000000000000001011010111000110
00000000000001000101111011000010
00000000000000111110100100101011
00000000000111010001001001001010
00000000000001100011101000001010
11111111111110111011100110111011
11111111111011110101100110010001
00000000000101111000011100100100
00000000000111011111101101001111
00000000000001000111110101011011
11111111111101110010101000000101
11111111110010100101111000100110
11111111111011010101111110010101
11111111111101010100111001000000
11111111110100001011100100110110
11111111111011110101011100000000
11111111111001011011001010011001
11111111111001011011111110010100
11111111111111010000011110000110
11111111111111000001111011100011
00000000000100000100010011001101
00000000000000001100011101110111
00000000000110010011000111111110
00000000000001011111101010001101
00000000000110101101111100100010
00000000001100000011110011101101
00000000000010101010000000000111
00000000000011010101101001111010
11111111111011110100110000110111
00000000000010000000010100101001
00000000000011011001001011100111
11111111111110110000110110011111
00000000001000011101011111101001
11111111111101011100111011110011
00000000000101101000100110010000
00000000000001101110110011000101
11111111110110111101111001010111
00000000000010110010100001010001
00000000000011100001011111111111
11111111111010101101110100010000
11111111111010111010011101101101
00000000000010011111000100101010
00000000000011111111100101000110
00000000000111100011011001110000
11111111111111011110111011010100
00000000000100000010001010100011
00000000000011110100101011010010
11111111111111110111101010111001
11111111111101010011000000011100
00000000000010111001100101000000
11111111111111001101000011001011
00000000001000000001110001110111
11111111111111101100100110011001
00000000000100000001001001100000
11111111111111101010011000111011
00000000000100111111011111110111
00000000000001011111001001100110
00000000001000110100111000111101
11111111111111011000011101101001
00000000000010011000011011010001
00000000001111010000111010000001
11111111111001111011110000101100
00000000000011100000100111001110
00000000000111001110100110110110
00000000001001110011001011011000
00000000000100011100100101011000
00000000000111110100000010110110
00000000000010000111111101010110
11111111111111111101001111111101
11111111110110000111111000110111
11111111101010110010011111011001
00000000000101111010111010100001
00000000000000001100001001000101
11111111111111000011111011011011
00000000000000011111101110010000
00000000000000001011110000110000
00000000000111110100011011110100
00000000000010101101110110001110
11111111111000110000100101101100
11111111110111000100110010101011
11111111111110011000101101100101
11111111111010011111011001001000
11111111111111101001101100011110
00000000000100100100010111011111
11111111111100011111100100101111
11111111111100001101011110101110
11111111111101000101101000100111
11111111111111110110000000000100
00000000000111111100100101110111
00000000001010000100101110110110
00000000001000011011100001101000
11111111111111100110010111110100
11111111111110010111110001000111
00000000000000000011011000111000
00000000000010111110010011010111
00000000000000111000100001011011
00000000000001100011001100001001
00000000000000110101100101000000
00000000000100110101111010011001
00000000000100001101100000011110
00000000000001000000111110001010
00000000000001101011001010101001
00000000000001010100111001110000
11111111111100111010101110110100
00000000000001000011011100011001
00000000000001010101010000100001
00000000000010000010000111001010
11111111111110011111101010010101
11111111111110011100110101001101
00000000000101011000010000110110
00000000000010110001111100100111
11111111111101110010010011000101
00000000000001000010110010111001
11111111111011011101101001001111
11111111111110011001001111000101
00000000000001011011101000100111
00000000000101100010100010011111
11111111111110001011010001101110
11111111111011001010110011011111
11111111111101100011000001111001
00000000000001110100000111101010
00000000001000011011010001010011
00000000000110010110101111001010
00000000000100001011111010111101
11111111111100110010101100110101
11111111111101100000101011111011
00000000001110011000000101010100
00000000001101000100100001100110
00000000000100010110110110000000
00000000000101010111111100100000
00000000001100011000101100101000
00000000000011001000110101000100
00000000000000110101110110010110
00000000000010001010110011010011
00000000001001000010100010100110
00000000000101110100110100101111
00000000000001110000110010000110
11111111111011010001101100011110
00000000000101100110100111100010
00000000000101010011001100111001
11111111111000011100000011111101
11111111110100000000100010010100
11111111110111000110011100101101
11111111111011100110000100001110
11111111111001111010000100101011
11111111110001110011001101111010
11111111111110001111100011010110
11111111111100111000101000100110
11111111110111000100011111110111
00000000001110001000001111011010
00000000010001111101011000001000
00000000010001111001101010100011
00000000001110110111000011001010
00000000001000100010111110111010
00000000010001100111100011011011
00000000010101111011000010000110
00000000010001101000010010110100
00000000001000011111000110111101
00000000001000011100111101001111
00000000000011110111110011001111
11111111101101010001100111011010
00000000000111100110110010000101
11111111111000011110101000000101
11111111110110000110110100000011
11111111111100000010001101111100
11111111111000101100011010011100
00000000000101110110010001010000
00000000001011001000011010111101
00000000000100001100011001101011
00000000000101011101010000100110
00000000001010100000010001111110
00000000000011000000000001011011
11111111111010100101011111110101
11111111111101010001011111111111
00000000000000111011110110000011
00000000000111001010000110110110
11111111111100010100011011110101
11111111111010100001101001110011
00000000000111001110101010001100
00000000000001111101001110001101
11111111111110010111001101101011
00000000000100001110111100111010
00000000000000001110100101000011
11111111111001011101101011011000
11111111110101110001110110010010
11111111111011010011011001000011
00000000000001011010010010000101
00000000001101101111000000011000
00000000000000100101110101011100
00000000000001010101101000111111
00000000010000010001101100000001
00000000000010110000000000000011
00000000000001110011010100100101
11111111110110101110000010010100
00000000001000000111110101010010
11111111111101000011100001100001
00000000001000111010010111001110
11111111111111011001000000101111
11111111110100010100010011001101
11111111101100111011001101110000
11111111110111101001001100111001
11111111111110011110010001000101
11111111111100010011101101010001
00000000000100001111010100010001
11111111111010011000010010011000
00000000000111100001101111101010
00000000000100110001111100111100
11111111111010011110001101010110
00000000000011010001101111011111
00000000000001101000101101000011
00000000000001111010011010010111
00000000000100011001000110000101
11111111111001110100111010000000
00000000000010000001110010110010
11111111111101010101111011101100
11111111110111000111110010001101
11111111110010011100010110101101
11111111110000101100011001111010
11111111110011011001000101101011
11111111110100010011110001100101
11111111111001110011101011001110
