11111111111100011010111110111001
11111111110111100100100110000011
11111111111101100111011110101110
00000000001011000000011001111111
00000000001000010011011000001000
00000000000001101110101111011001
00000000000110111000010011101111
00000000000110001011111100000000
00000000000110101110000000111111
11111111111100100111111000100010
11111111111111010100010011000111
00000000000001111110011000011101
00000000000001101000000000101110
00000000000011111000100100111000
11111111111101111011000000010111
11111111110100110111000011011011
11111111110110010111010010010011
11111111111100110011001011111010
11111111111110100000001000010000
11111111111011101100001000010110
00000000000010010100010000000001
00000000000001010001101000001011
00000000000001111101011100010111
00000000000001011110000100001110
00000000001001011000101000011100
11111111111100010101111010011100
11111111110101010111000000011011
11111111111111111011010011110001
00000000000100101101100001111000
11111111111011100111110110001101
00000000000101011101111111110111
00000000000111011010001010000011
11111111111100100111010111001011
00000000000101001011001000010010
00000000000000100000000101001111
00000000001001010101000101001100
00000000000001011001000000101010
00000000000010111011110010100010
00000000000110011000010010011110
00000000000010111111111011100101
00000000000100001001111100100111
11111111110110111000010000111000
00000000000101011001100100010111
00000000000100010000111100011100
00000000000110010010001000101110
00000000001101100011111001110111
11111111111100010010100011000100
11111111111111010111111111011001
11111111111001000111001010110110
11111111110111010010110000011000
11111111111001100100100010010110
11111111111100000010011101011001
11111111110111100001010110111111
00000000000001101110000000111001
00000000000011011001100001100100
00000000000111010010110101101010
00000000001001000111010110110011
00000000000101110101101011111011
00000000000100101000010000101101
11111111111111011111100100110000
00000000000101010100001111000101
11111111111010011001110001000011
11111111111011011011000000010010
00000000000101110001100000110011
00000000000010000110101011001010
11111111111101100000101000001110
11111111111010000001110011100110
11111111111110011001011100111100
00000000000011111011111000101011
11111111111101000100101111100110
00000000000001010011001111011101
00000000000100100001100000110010
00000000001111011110110111101101
00000000000110010011001000001010
00000000000111100111111110100000
11111111111100010110100100010111
11111111111010001111010001101101
11111111111111000100000001010001
00000000000100011000110010100110
11111111111101010111001000111101
00000000000101010011001000011010
00000000001000110100001010111011
00000000000100011100000000101001
00000000000111010100000101000100
11111111110100111111110101110010
00000000000100011001000111100010
00000000001111100101011110110100
00000000001101100001111001110111
00000000000001001101110100011001
11111111111100011000110110011110
00000000000101111000001001000100
11111111111100101100100100011001
11111111111100011101110110001111
11111111110111010011011000101011
11111111111101010000111101111010
11111111111111100110100100010100
11111111111101100111101001000010
11111111111101001100011101010011
11111111110111110100011110000110
11111111111011101100100100111110
11111111111011111010001011011010
11111111111010101100010101001000
00000000000000100111100011110100
00000000000101001011101111100011
00000000000001111100000100110110
00000000000011101110000111000000
11111111111100010001111100000111
11111111111111010000100000010011
00000000001001100100000111100000
11111111111111110011011001111000
00000000001001001100111111101010
00000000001010101101001001100110
00000000000100101111110111101101
11111111111010001011101001101010
11111111111011001111010100011100
11111111111101100100111110111000
00000000000000000000011000101000
11111111111010111000000000011011
11111111110010100011010010111111
11111111111010011000100011000010
11111111110110111100010011001010
11111111111000010011010101000010
11111111110011010000111101110111
11111111111100001000010100100010
00000000000000110101101001001011
11111111111110011011110010010000
11111111111100001100011011011011
11111111111100000100111100001100
00000000000101001011100011100001
00000000000001101101011000111111
11111111111101111011100000011010
00000000000010011111001001011011
00000000000001001101110111001101
11111111111110110100010001000000
11111111111111111001001001001111
11111111111110010010000011111000
00000000000101011111111111001001
00000000000111000100000101010101
00000000000000110011110110001110
00000000000011011001111011000001
00000000000000101100000100000101
00000000000010100110101111110011
11111111111111010101110110011000
00000000000001101010000011001100
11111111111100110000010011001110
11111111111110111110110001111001
11111111111101110110111100101011
11111111111111001110000001010101
11111111111110000111011110011101
11111111111100011101101110011100
11111111111101110001011101101101
00000000000011000001001010010110
00000000001010000010100010100001
00000000000100101110100110011101
11111111111000011110100010000110
11111111111110011101001001000001
00000000000010110100101101110010
00000000000000000011101011000111
11111111111010111110000110000010
11111111110100100010010011001100
00000000001010010001010101010100
00000000001001010000110010001110
00000000001110010111110001110011
00000000000111000101011111010001
00000000000010010010111010011101
11111111111110101001001101010111
00000000000011110100110100101110
00000000000001010010000001110000
00000000000000100000001110001000
00000000000001100101011100100110
00000000000101010001111010111111
11111111111011000001000101001101
11111111111011101000111011001110
11111111111001111101000000001111
11111111110111111101110100111010
11111111111011111100110110110111
00000000000111010011101001111100
11111111111111111011100000010000
11111111110101111110000101010100
11111111111010000001110000100010
11111111111011011110110001101011
11111111101011100111000000111111
11111111110100000000110110100000
00000000000001101110010100101011
00000000010100000101001010111100
00000000000001101101111001111110
11111111111000000101100101111100
00000000000011101001110111011100
00000000000010100011111011000011
00000000001011100001010100111011
00000000001110011101010100100101
00000000010000000011100011010001
00000000000011001010110111110100
00000000001000001010010110011101
11111111111100000111110000001001
11111111111011100101001000101101
00000000000111001111010001001100
11111111110100011100100010010000
11111111110011011010011101101001
11111111111011000100100100001000
00000000000001100000101110100011
00000000000011010111101101111100
00000000000110010100110101110010
00000000001000101000101000001001
00000000010010001001011110111000
00000000000001011101100110011000
11111111111110000010001000011111
00000000000101101010110101100000
11111111111110011111111101001000
00000000000110000000111011101000
11111111111111110110000101011001
11111111110101010111011001010101
00000000000110000111010100011010
00000000001001011010001110111110
00000000000011100100101100001100
00000000000101001001110001001010
11111111111011011100010111101111
00000000000001100101111100111010
00000000000100101011010011101010
00000000001001101001111100001100
11111111111101000100011100000111
00000000000110111000000001000101
00000000001010100011010110000100
00000000011000001110001001111100
00000000000101111101010000010110
00000000001010000000110001110110
00000000000011110000010010010111
00000000000111010010010111011100
00000000000100111011110110010111
11111111111001010000110110111111
00000000000100100010001111000100
00000000000011101000011100011100
00000000000001011000111000011011
11111111111100000100000010011011
11111111111000001101110111100010
00000000000110001010101011110000
00000000000101110100100110001011
00000000000101010110001011011100
00000000000111010010111000000100
00000000000001110110010011010000
11111111111111001011100101010110
11111111111101111000110111001010
11111111111100010111110011111011
00000000000010110110000010110000
00000000000000110011110111000111
11111111111101011100100110100110
11111111111010010001010011101011
11111111110111100000010000100000
11111111111010111111011011010011
11111111111001011001011110001001
