11111111111111101000010101001100
00000000010010100100000000101111
00000000000110101011101111001110
11111111110111100100010101011011
11111111110100001001101011011110
11111111111100110110111010100100
11111111111000010111011101011100
00000000000010001010101100101111
00000000010011101011111011001100
11111111111100011101010001111110
00000000000101100010000001110001
11111111111001011111001100101001
11111111111001011101000110101100
00000000000011000111101110100101
11111111111001001101010001010000
11111111110001001000000000011001
00000000000111110100101011101111
11111111111100011010010100111100
00000000000101001100101011100100
00000000001001000110111010110110
11111111111100000011011110101000
00000000001101101110000111001011
11111111111101000001101010001010
00000000001100011100100000101110
00000000000100111010011011100010
11111111111100000001011010111001
11111111111011100110011001000110
00000000000000101100001101011110
00000000000101010000100001101101
00000000001001001010101111100011
11111111100100110101101101011110
11111111100111001000010001110010
11111111111110101110100010000000
00000000000011101101010011101111
00000000000000111100001010011110
11111111101110101010010110111101
11111111111110011111111110101010
00000000001110111001000010001011
11111111111111111010100100111011
00000000010010100010101010111111
11111111110010110100101101111010
00000000001111010110000010011000
00000000000010110000110111011001
11111111111000110111100001101001
00000000000010000110101001010100
00000000001100110010110001001110
00000000001001110011011001101101
00000000000011001001111010101001
00000000000010011010100011001001
11111111111000110100111010110110
00000000000000010010011100000101
11111111101011010110100000100011
00000000001011011101000011100111
00000000001010001001101111010010
00000000000010011111010000000101
11111111110100001001000010011110
11111111010100101110100110000011
11111111111101001011100110011111
00000000001001000001001100100101
00000000001000111000101100000101
11111111110000001111011111010010
11111111101010010100000001010100
00000000000111111100111001011111
00000000001100001111010110101101
00000000000110001000100111100100
00000000000111000000111101111111
00000000000000010010000101111101
00000000000001001001101101010010
00000000000100000110011001011001
00000000000111011000010111101001
00000000001000011011011000001100
00000000000100010111101001101011
00000000000001101110011001001010
00000000001000001010100001110010
11111111111111001101000001101000
11111111110011011001111001001111
11111111111110001000011110110101
00000000000001011011100011010100
00000000000110101101101000000100
11111111111010101100111010111000
00000000001001011010111100100001
00000000000010001101011100101010
11111111110011011001110011101000
11111111111000111010000101011000
00000000001011100100111011111010
11111111111001011011011000001001
11111111110011110100001110111011
11111111101100011011101100001000
11111111010100000000010111101110
11111111100100001100110101101001
00000000000000011111100000010110
11111111110011101010111101100100
11111111100011100110111010101101
11111111011011011110001100011111
11111111101110010110100100111111
00000000001000101011001110011111
11111111110101001101011000000000
11111111110100011010011110011000
11111111110010110001100001100110
11111111110001111011000000000110
11111111101110001101010110110011
11111111110111010100010000100000
00000000000111111111101001100001
00000000000011011000101100001100
11111111111000001100001011000100
11111111111111101100110001011100
11111111110100000101110010010001
11111111111100101111100100111110
00000000000001101101010000010010
00000000001001000101011111100100
11111111111000011111010011001010
11111111110001001001110110101011
11111111110101110011110010010000
11111111101100111110110011101010
00000000010000010001101101010100
11111111110000000001000111010010
11111111100100111010111010111111
11111111101001101000011111100001
11111111110000010011111110001011
11111111101011010100101010100100
00000000000110000010100010011010
11111111111101001110000110011001
11111111110010100101011011011011
11111111110010011001000110100011
11111111101110111010111010011011
11111111111111001100110010000111
11111111111010011100101101011010
00000000000110100110101110011111
11111111111110010111011010100100
00000000000001111100011101001001
00000000000010000110010110000111
11111111111111110001111001101000
11111111111110110100000101110110
00000000000010000110001010001011
11111111111110110001011000000100
00000000000001010101100011001101
11111111111011001110100010010101
00000000000001010111001110101001
11111111111101010100001101101001
11111111111110100110001000011101
11111111111100110010111100101010
11111111111010011101111111011100
11111111111101110111111011110111
11111111111101000011010001010000
11111111111111010001011101010101
00000000000000001101101001010110
00000000000011010100101000000001
11111111111110000110001101000100
00000000000010110101100000111011
11111111111110010111001000000100
11111111101110100101001101011011
11111111110101010101100001100011
11111111111110010111101010100001
00000000000010101101001111010010
11111111111010110001111011010010
11111111110100001011110000011110
11111111110101110111011000101001
00000000000100101010110110100101
11111111111101100000001001101000
11111111101110010111111110111011
00000000001001001011000010101100
00000000000111001101010110111001
11111111110100110101110101101011
11111111101111110000001111100000
11111111111111111001011010000011
11111111111110001011110000101000
11111111110001111011100100010010
11111111101001110011010000001010
11111111101100100001001000111001
11111111111111000111011011010101
00000000000011011010001000111001
00000000000001110111000010010111
11111111111010110101010100000110
11111111110111000001000011010011
11111111111100101110110000010001
11111111011001001001100001011100
11111111110000111101110100000101
00000000001011101111010110001010
00000000000101101110101000100010
00000000001010010000001101010011
11111111111010011101100110110111
00000000011000100011100110110101
00000000001011100101100110101011
00000000001100001110101111101001
00000000001011001001100111010001
11111111111111111010010011100001
00000000010000001011010100100001
00000000000001111111100100011001
00000000000011010001000000001011
00000000010101110001100010101010
00000000000111100111101010000001
00000000001000101111110001001110
11111111111100011111111111000111
11111111101111101001011100001001
00000000000111100011000001101010
00000000001001110111100101010001
00000000000000111111101000010100
00000000001011100110001111010000
00000000000011110110100100001111
00000000000001010101100100010011
11111111101101110011001101010011
00000000000001010101101001101101
00000000001011101010010101100111
00000000000110101101000000001100
11111111111011001010110010101111
11111111101010111010100000101010
00000000000101000011011000101100
00000000001000000100110000111010
00000000010011010100010010011100
00000000000100010101101001111010
11111111110101011000110000111001
00000000000001111101101001110110
11111111111101111110101011101100
11111111110011001100100000111001
11111111110100001110001110101101
11111111111110111110010000010011
00000000000100011111101000010111
00000000000011100111000110101101
11111111111100011111111110111111
11111111111000100001001110010011
00000000001000001000011000011001
00000000000101100110100000001101
00000000000001001000000101010000
00000000001101010110010111111001
11111111101111001011011001110100
11111111110100100000101100011011
11111111111100111001101011111011
11111111111110010111001101100111
00000000010011111001000010001001
00000000011000111100110000101010
11111111101011100110010111000001
11111111110110001111000011100001
11111111110100011001000100001010
11111111111001110000010010011000
11111111101110010011110100000110
11111111111011101101011011011101
11111111111010010000001001111111
11111111101011111001011101010101
00000000000010100010110000110111
11111111111101010001001110001001
11111111111001110101011111000010
11111111111100110110011011000000
00000000001001111110000001111000
00000000000010000000010100000011
11111111111011001110100110101011
11111111111100110000101101100101
11111111110110011000000111000000
11111111111111110000110011101000
11111111111001111000011010010111
00000000000011010010110101111001
