11111111111111111101110000101011
11111111111101001100111010110010
11111111111100100001000011000110
11111111111100101101010000100111
11111111111100000111011000001001
00000000000001110101111100111000
00000000000001010001110000011100
11111111111111000010000000110010
00000000000000000100110111011100
00000000000010100100101010100001
11111111111100001001100011001010
00000000000001001111001101110101
00000000000001010111001101010101
11111111111100110010011010010001
11111111111101010010000001000111
11111111111101110001001000001011
11111111111100101101000110000010
11111111111100011010111000000001
11111111111111111000101001001110
11111111111100000101010001011110
00000000000001001011100110000100
11111111111100101000011001101100
11111111111110101011101101010110
00000000000001001111110000000010
11111111111111011110000000111010
00000000000001011010100010011111
11111111111011110000110001011110
11111111111110111110001100100001
11111111111110101011110010111100
11111111111011111101111001000101
00000000000001110011100110001111
00000000000000000010110110010011
00000000000000011110101001101010
00000000000011000101110110010100
11111111111100111010101000001000
00000000000011000011011111111110
11111111111100111010011100011010
11111111111111000110110111010001
11111111111100100110110011001001
00000000000000110010101000010110
00000000000010100001010000001011
00000000000001101001100000101011
11111111111111110010010010010001
11111111111100100010100100010100
11111111111100111111001111011000
11111111111101001010010110001001
00000000000010001011101101101001
11111111111011011010111110110110
00000000000000010000010000101011
11111111111101110011010010100100
00000000000000010101100100011100
00000000000000000010001101111100
11111111111110110100101010001111
00000000000010010001001111010001
11111111111101101100000101101100
11111111111011100000100001101001
00000000000001010100101111100101
00000000000001000100110001101010
11111111111111101001111100011110
11111111111011011001110001010001
00000000000011000100101011011011
11111111111100011101111010000010
00000000000010011111000111101001
11111111111101100110100101001110
11111111111110100010101100101111
11111111111110011001110001100000
11111111111111001010111010110110
00000000000010101111100001111010
11111111111111000011111000101000
11111111111111100100101101000011
00000000000001010100011110010110
11111111111101000111111001000001
00000000000000101111110010011010
11111111111011011100011100110100
11111111111100111101100001100010
11111111111111100001100100111000
11111111111110001000101011101000
11111111111100000010101100111101
11111111111110010110011001100101
11111111111111010101110110110000
00000000000001011100101111011111
11111111111111101011001110000100
00000000000010010010000011110001
00000000000000111011111111101010
11111111111011010001010000010010
11111111111101011101001100010111
00000000000010100110111001110001
11111111111101111000101001110000
11111111111011011001100011010100
11111111111100101101100100011111
00000000000000101011010001111101
11111111111100101000111100110001
11111111111100100001100100110101
11111111111011111001001011001111
00000000000011000001010001111011
11111111111101011111011110110100
00000000000000001010111010001000
11111111111110011101011011111000
00000000000001100110111011000001
00000000000000000110001110110010
11111111111011101000100110111011
00000000000010001010010110110001
11111111111011010111010100101000
11111111111101101110000011010110
11111111111100111110010100110110
11111111111110010000000101011000
11111111111111001011000100110001
11111111111111001011011000111110
00000000000000011000101000001001
11111111111100101111010011111001
11111111111111001101110011110101
11111111111111010011100011011011
11111111111100000000111000101010
11111111111101100000100111011001
00000000000000101011110011001001
00000000000010011010010111111001
11111111111111101001110110010000
11111111111111011101001000001011
11111111111100001010010001000000
11111111111100001010011111011011
11111111111111010110000010010000
00000000000010111100110000101100
11111111111111110001010111101001
00000000000010101001000001100001
00000000000010111001100101011011
00000000000001011110010001111010
11111111111111101000110110111111
11111111111110100110110111011111
11111111111101010111101111010101
00000000000000001011000011011000
00000000000001000101110010000111
11111111111101001011011010001011
00000000000001110101100111010001
00000000000000100100011100101000
11111111111110100011010000001000
11111111111101001001101001000001
11111111111101100010011110110001
11111111111110011000010110010001
00000000000000000110100111000000
11111111111100010011001000011110
11111111111101001111111101111001
11111111111101011001101011011010
00000000000000010111101101101111
11111111111110111111110100001001
00000000000011010011101110111010
00000000000001110101000101110011
11111111111100010010110011001010
00000000000011001000011111000000
11111111111101111011000010101100
11111111111110000101100110100001
00000000000001100001100000010000
11111111111011010100011001011001
00000000000001011010111011110011
11111111111101001111011001011011
11111111111100001100110110101000
11111111111011100110010111010001
11111111111011101111101110110101
00000000000001110111010111000111
00000000000001011010100010110011
11111111111101010000101101111000
11111111111111110010001100010110
00000000000010001001101000001110
11111111111011110011001110101110
00000000000011001100010000000111
11111111111101001000111110111110
11111111111011101001110000011010
11111111111011011110000110011110
00000000000010011111010010101110
11111111111110000111010010101110
00000000000011010011011001000010
11111111111011101110011111010011
11111111111110011101011101010010
00000000000000001100101111111101
11111111111100100010110110010001
11111111111111101001111110010010
11111111111100101010001011010111
11111111111111111101000010011101
00000000000001001111110011101101
11111111111111111011011000001101
00000000000000001111111010011000
11111111111111111101100111011110
11111111111100000001100101011011
11111111111111000000101101100001
00000000000000100011010101110111
11111111111100101101100010100010
11111111111111001100101011100010
00000000000010000100001001001110
00000000000001011000100110110010
11111111111101011001100011100011
00000000000010100111000111010000
11111111111111001111010001011110
11111111111101010000010101101111
00000000000011000100011110000100
00000000000000001101000010100110
11111111111110100100110110001101
00000000000000101100000010100100
00000000000011001111111000110111
00000000000001000111000001100100
11111111111110111001111100011001
11111111111110001101000111101101
00000000000010011000111000110011
00000000000000000000000010110000
11111111111110101000111011010110
00000000000001010101001111000010
11111111111110001000100001100000
00000000000010001000000101101101
11111111111011011011000011110111
00000000000000110100001010001110
00000000000010010011011100010101
00000000000000110010110111010110
11111111111111011100011011100000
11111111111111101101111100001110
11111111111011101001100111001100
11111111111101001111100110111011
11111111111100101011010001000111
00000000000001010000101000110000
11111111111111111110010010000001
00000000000000000000110100101011
11111111111100110101110110001101
00000000000000111011000001011101
00000000000001101001000111001010
11111111111111000001111001110000
11111111111111110100101110011101
00000000000000111000001100100000
00000000000000000010110010111001
00000000000000011001000100001011
00000000000010110000110001010100
11111111111100110011001000111110
00000000000000110000010010000010
11111111111100100011100110101011
11111111111111010100101111010100
00000000000000100011101101101110
11111111111110011010001001010000
00000000000001010010001001101100
11111111111100110111000101001100
11111111111100011000011000111010
00000000000011001101101011010111
11111111111101000100100001100001
11111111111101111111000001010110
00000000000000000110011001100000
11111111111111000011000101101101
11111111111111100111010111100100
11111111111111000101001111111100
11111111111101001000100011100010
00000000000010010111100010111001
11111111111101001000000110111110
00000000000010100000010011101000
00000000000010111111110010011101
11111111111111110111001000010101
11111111111110110101001010000100
