00000000000010000001000011000000
11111111110101110111111001101010
11111111101110110101110101110000
11111111111110000101011011010011
00000000001111101110001101101110
00000000001101101111011100100001
00000000000101111010111101111000
11111111111000110100111111010101
00000000000010011100101010011100
00000000000011101001011010000000
00000000001101000110010000101111
00000000001101110010001011010100
11111111111111001000100011101110
11111111110110111000011000111100
11111111111011010010001011100010
00000000000110101101001110100110
00000000000101000000010000010010
11111111111110111010011111101111
11111111110111011100000110011011
00000000000000101101101101110101
00000000000100011010011010001101
00000000000011111000100001010110
00000000000010001101110011010110
11111111110100010010100110100011
11111111110111111011010000000101
11111111111110010110101010011110
00000000000000101001000100001110
00000000000001100001001100001111
00000000000001011011000011100001
00000000000001110001010001101110
11111111111111001011110000110100
11111111111011001001000100111001
11111111111011101111010101000100
11111111111100110001111011010000
11111111111011011010011000011100
11111111111111001101101111010001
00000000000011111010100010110011
00000000000010101100001100111001
11111111111110101011100100011001
11111111111100001111001010000111
00000000000000101000011010110001
00000000000101001010001000001000
00000000000000110101010011001111
11111111111001111110000101111011
11111111111011001110100111010111
00000000000010011001001000011110
00000000000000010100110011110110
11111111111111100001111100011111
11111111111110001111001010000011
11111111111100010000100001100001
11111111111100000001101011000001
00000000001101110100100111010100
11111111111011001111011100000001
00000000000000010000011110110101
00000000000100100001010110000001
00000000010011000100010001010100
00000000010100011001011011010111
00000000000000000110111110100100
00000000000011011101111010001101
11111111110111100000110000101100
00000000001011101010000100010000
00000000000010100001101111010010
00000000000000001101110010111101
00000000000101000100100110110111
11111111111000100100000101101110
11111111110101010001101001101000
00000000000110111101010101111101
00000000000000011011110101000101
00000000001001111100110000010110
11111111111000100110000001110011
11111111111010110010111000110001
00000000001110101100111001110101
00000000000110001000011101011001
11111111111110011001101111011101
11111111111001100010011111111011
11111111111010100001100000011011
00000000000011000010000001011000
11111111111100001011010000000001
00000000000010111110100101100000
00000000000101101111001100010111
11111111111101011000000111001111
00000000000011010111001111101001
00000000000010101111000001001111
00000000001000010011001100010001
00000000001001100011110100011101
00000000001000110011001101101111
00000000001011011011011100101101
00000000001001000001011111100111
00000000000011000011011010010000
00000000000010110110011001010100
11111111111110000100100011111000
00000000000101001010000000010100
00000000000000110001101111111110
00000000000010011011100000000000
11111111111100000101011101111000
11111111111010101010111011010011
00000000000110000000011011111101
00000000000010100000111111110110
00000000000001000101101011010101
11111111111001011100001100100110
11111111111001011010101011010111
00000000000001111001001111011100
11111111111000110100110101101001
00000000000001101001111100000111
11111111111111011001000010000100
00000000000010101110110010110100
11111111111111101111001001100110
11111111111110100011110100011101
11111111110110100010100010011001
00000000000001101110111001111111
00000000000101110010111111010000
00000000001001101100010100001111
00000000001011000111001010001010
11111111111000001010001111111100
11111111111110100110101111010100
11111111111000100010110111101001
00000000001000011000111100111001
00000000000100110011100110111111
00000000000011111101000000100111
00000000000100011110101000100110
11111111110111101111010111100101
11111111111101001001101111101100
00000000000010000110110110011000
00000000001011100111001100000111
00000000000000011011101100010001
11111111111110001100001001101001
11111111111111011101011101111111
11111111111101010010101001110100
00000000000010001110000011011000
11111111111110110001001000001011
11111111111111010001100011111011
11111111111111011110101101100011
00000000000011101010000111011100
11111111111110110010011000000111
00000000000011110010110000000110
11111111111100100000000001101111
00000000000011000100000001010111
00000000000001010000110100000000
00000000000001100111101000110111
11111111111111110010101000000101
11111111111011100011011001000010
11111111111100111101000110011010
11111111111110101100100001101000
11111111111011001110100000110001
11111111111100100001001101011000
11111111111110011001111010001110
11111111111100100011111010100101
00000000000001010101010010000011
11111111111110000101001110010100
00000000000001011001110001011001
11111111110111100010001010100010
11111111111010100101000111000110
00000000000001100111111000111001
00000000000101110010111011000010
00000000001101100000100100000101
11111111111101011010011001001011
11111111111111010100000010001110
11111111111101111001010110110000
00000000001000100011100000000110
00000000001011100001001000001110
00000000001010011010110010011101
00000000001010101010000110000101
00000000001000010100000101001000
00000000001010101010000001000101
00000000000110001111100011001111
00000000000000001011111100010010
11111111111110000010001001011011
00000000000101011011001100110011
00000000000001100011101011110010
11111111101101110011000000000000
11111111110101000110011110111011
11111111111100010010011010110000
11111111111110100101000010100111
11111111111011010100001111110011
11111111110111111100101011110011
00000000010001011101000100100001
00000000001011111010110111101011
00000000000011010111001000100101
00000000000000011100010010110111
11111111110111101101100001000101
11111111110101011000001100111100
11111111101011001000110110011110
11111111110111100111100110010101
00000000000010100010111001010110
00000000000011100001101100000100
11111111111010000101110110000101
11111111101111010001001000110001
11111111111111000100001011110001
00000000000100110000101000110000
11111111110100100011010101100100
00000000001000101101010100000111
11111111111111101010001000001110
11111111110111110001110110001011
11111111110001101100110000110001
11111111110100110101000010010000
00000000000000010010001000010110
11111111101101110100100101010001
11111111110100011100010100011001
11111111110000011110111010001100
11111111111100100101101001010101
00000000001001001111100110100010
00000000000001110011011100011000
11111111111000111010001011001100
11111111111000111011011010001101
11111111111101100000100000101110
00000000010100100011000000010010
00000000001010100100010100101000
11111111110111001101000101000001
11111111111110000001010110000010
00000000010010100011000011000100
00000000001000101010111111110000
00000000000100010000011011100101
00000000000000011010001010101011
11111111101101110101001000100000
11111111111011011101110011000010
00000000000011110011001111100010
00000000000010010110011101101011
00000000000011011011000101010111
11111111101110101111001010010101
00000000000101100010001001001011
11111111111100101100110101010001
00000000000001010111110110010001
11111111111111111110101101110101
11111111110110000110000101010001
11111111101011011101110010111001
11111111101001100101000000101000
11111111110011011000001011000101
11111111111001001100100010111101
11111111111010001111111111001001
00000000001001010000100000110111
11111111111100100011001110100011
11111111110111011100101001000100
00000000000010011101010011010110
00000000000000010111110001000010
00000000000001011110101100110011
00000000000110110000000001010011
00000000001000101011011110010100
11111111111111100110101000001001
00000000000110001010000010101000
00000000001010010111111010100001
11111111111010001110011110101101
11111111110101111100000111101011
11111111111110111001011111100100
11111111111101000101000001010000
11111111110001010001010010100000
11111111111101101000111000010100
11111111111101101110001011110100
11111111111100010110100101111000
11111111111110111101001101011001
11111111110110101110010000110110
