00000000000000100011100111011110
00000000000110101100000101010111
11111111110111111100110000101111
11111111111001011101100011000110
00000000001101010101011000001100
00000000000110010010001000010010
00000000010100010110011110100111
00000000001110101101011101100011
11111111111110000110010111110110
00000000000000000100111101001111
00000000001001010011011010011110
00000000010011000011010111000011
00000000001001100010101000110011
11111111111111110000101001010000
11111111111101101100100110000110
11111111111110101110001111111110
11111111111101100010010010100111
00000000000101010101110100000000
00000000001011100111000101011101
00000000001001101010010011010000
00000000000000100011101000110010
00000000000011100111011010100100
11111111111001010001010001011110
11111111111000000010111000010111
11111111110000110001001001000101
11111111111010011000110001100001
11111111111110010011000110111000
00000000001011100010111100101111
00000000000001100110101100100000
00000000000001000000110111100110
00000000000001110000000111000001
11111111111100110011000111111011
11111111111101001111010010111101
00000000000110011000101110110111
00000000000110011101101110101110
00000000000000000100110011010010
00000000000110010011010101010000
00000000000100110011101111010010
00000000001000101111111101111011
11111111111110100111100010011111
00000000000000001010000110011111
00000000000001011010100000110011
11111111111011110101101110110100
11111111110101100011011001111100
11111111110110001111110110011010
00000000000100111110110000001111
11111111111101010101110111101010
11111111111111000000000111100010
11111111111111010001010110100101
11111111111101011111010000010101
11111111111000001101111010010000
11111111111111110111001100110111
11111111101101100000110010000110
11111111111100010001111001111001
11111111111101000010101011000000
00000000010000100011011111001000
00000000010000101000000101010010
11111111111101101000000101001101
11111111111010111001111101100001
11111111111010010100110110101001
00000000000100110110011110111111
00000000000100000111001011011001
11111111111100100110001111111000
00000000001000001110001111100101
00000000000000011110001100101011
11111111110001100010010010101010
00000000000110100010001101100110
00000000001001110101001111111010
11111111111101011110101101011001
11111111111011000111101110101111
00000000001011100000001001010100
00000000001100001100110101110111
00000000000010101111110000110000
11111111110100100110110001011011
11111111111001011111101101111011
00000000000001001100000010110011
00000000000111101110110001011010
00000000000010110010011011000010
00000000000011100010010011110100
00000000001000110100010100011111
11111111111100010001000001011110
00000000000001101100010010000000
00000000000110011000000001100000
11111111111110000001110010100000
11111111111010010111001100110111
00000000001101101110010100111100
00000000000110000001100010101000
00000000000000111001111101001000
11111111111101100100101010000111
00000000000011000101011111000000
11111111110011100111001110100110
11111111111010111001000110101001
00000000000001011011111000111011
00000000000010000101111010001111
11111111110111010100111011001110
00000000001011100011011001111100
00000000001100011101011001000011
11111111111111100111111111100100
11111111111101001001100000010001
11111111101010100001101111111010
11111111111111011011110110010001
11111111111011011111001101010011
00000000000011011111100011001011
00000000000101110010000010100101
00000000000111101100011010110101
11111111111111111101000100100001
00000000000010010100000111110101
00000000000010001011111110000000
00000000000001011011001011110110
00000000000000111000101001100101
00000000001111001001010110111110
00000000001100011010111010010001
00000000001001110011111011111100
11111111111111110011101111001100
00000000000100010000110100101011
11111111111110010000101011101010
00000000000010010100000001110111
11111111111111000001001100000010
00000000001001110011111111100101
00000000001111010011100011110111
00000000000001111010011011011111
11111111111101001100110111000101
11111111111101011001011111011000
00000000000000100011110010010001
11111111111101101000000001110011
00000000000010011010111111010001
11111111111011100010010011000000
11111111111101010011010111110000
11111111111100001001100001101000
11111111111011010000001101110111
11111111111110101000100101001010
00000000000000101111010010111111
00000000000001101101101001111011
11111111111101000011111101010100
11111111111100000100101111111011
11111111111011110101111001111011
00000000000000110110011010101011
00000000000011101101110000011110
00000000000011001001011101101001
11111111111101011110001100100101
11111111111111010100111110111101
00000000000001101011010001011010
11111111111111011101100111100100
00000000000000100100001110001110
11111111111110101111001111101010
11111111111110011110001010100010
00000000000001011010110010111100
11111111111111010100001101111000
11111111111101101101011100100011
11111111111110101011011111001111
11111111111100101100001100010011
00000000000101111111100000111000
00000000000101111010000111111101
00000000001011000111010110011100
00000000001100101110111101100011
11111111110010111111000010011100
11111111110010110010101000000100
11111111111110000100000101001001
00000000000001101000101101001111
00000000000011110011111101100001
00000000000111000111000001011111
00000000001000000001100101001010
00000000000011111000100001100101
00000000000100000011100110111000
11111111111000011011110010111000
11111111111110101101011001001110
11111111111001110101110010110101
11111111111011011001010000111011
00000000000001110000100110000100
11111111101001001010110100011100
11111111111100001111011101100111
11111111111111100010111010110010
11111111111111101101100011101000
11111111111110011110111010111010
11111111101111111011100000000010
00000000000111110101011111111101
11111111110100010111111111011001
11111111110010011011111101001010
00000000000101010110111101100010
11111111110010110010101110011011
11111111100001111100001011011111
11111111110000111001001010000011
00000000000000100001100010100100
00000000001011001110000101001101
11111111111100001101101101000000
11111111111111111100001111100101
11111111111101111000111100000111
11111111111111111001101000101000
11111111111010100001111000101101
11111111011001101111011001111111
00000000000011001111000110111100
11111111111101100110111000010101
11111111111010100111111000000000
11111111111011011001000010111100
00000000000001111100101010011110
00000000000000000101111100011010
11111111111110001110011001011111
00000000000101011100100110100000
00000000001011100111110101001001
00000000000101101110111100001001
11111111111100001111000001100110
11111111111100010101001011111100
11111111111001000000111111001000
11111111111110101000100100101010
11111111111111001010111101000000
00000000000000101101011111110011
00000000000110001101101101100011
11111111111111110111110010100001
11111111110101110000110001110101
00000000000010111001000100011111
00000000000110011110101010101010
00000000001100111101110111100011
11111111111110100010011000000110
11111111110111000011010001101001
11111111110101110001011010110101
00000000000011111001001010000011
00000000001111101110100100001001
00000000000010110000101100010110
00000000000110000010001101010111
00000000001010001000110011011011
00000000000110110101100100011011
00000000000010011000110010101001
11111111111000101111010110011100
11111111111100010010100001101011
11111111101000011110010111101111
11111111110101111101011110100010
11111111111010110101101111000100
11111111111010010010001011111110
11111111111000011101001010101100
00000000001011110101011110010100
11111111111101111001111000000010
11111111111100111110010101000110
11111111111011101011110011101111
11111111111001001010000110011011
00000000000000000001110011001100
11111111111001100111110001001101
00000000000010001011101010010011
00000000000001011110111110011010
11111111111101011000000011110000
00000000000010100011110110001001
11111111111101111000001011010111
11111111111100101000101100101101
00000000000111100001000101010001
11111111111101001000100101001011
11111111101000101111100111011011
11111111110101010100110101100011
11111111111001101111001111010110
11111111111000001110000111110110
11111111111001000101100111111011
11111111111001001010110001001000
