00000000000001001100111100011111
00000000000011100100111000101001
00000000000100100000010000110011
11111111111100100010111101101001
00000000011101110100101111111101
00000000000100110110001100110001
00000000011011011100101011010101
00000000010001011111100101000100
11111111111100100010000011111000
00000000010100101000011111110111
00000000000110001010101000000101
00000000001010110001111000010000
00000000001101110000001111001110
00000000000101101110110011101100
00000000000001111001110010000010
00000000000000110110111111001010
11111111101110111100111000001101
11111111111001110000101010100110
00000000000100010101101000100101
00000000000010000011000011101100
11111111111111000000111000111110
00000000000000000101111011101011
00000000001010111111100000111010
00000000001010110110001000100011
00000000000111000000111101110111
11111111110011100110100101100101
11111111111101111011001100100010
00000000000011000000110011101100
11111111111110000101010110111001
11111111110101110100001001000100
11111111111110000111111100000111
00000000000010011000101111001101
00000000001010010101010010110010
00000000000111001101101011101100
11111111111001111001010010010000
00000000000111101100100110000110
00000000000100100001111001011100
00000000000111111000001001100110
00000000001011110111001001100110
00000000000000000111011001011111
00000000001010101111011010101100
00000000000001000100111101010010
11111111111011100101000001000100
11111111111100100001100000001011
11111111111011010111001001111000
00000000000110000111011111011101
11111111111111100101010011001100
11111111111110101101010100100101
11111111110111010000001101110010
11111111111011100001111000101100
11111111110010001000000000000000
11111111101101010011101101101010
11111111111000011101001111110010
11111111111101101011001111001111
00000000000011011111101111011001
11111111111011100110111101110001
00000000000000101010001111110101
00000000000100101101101110001100
00000000000001001000101000011000
00000000001000111111010111011001
11111111111001100111101011001110
00000000000001111000010011011101
00000000000111010101111011100010
00000000000001101110100110110010
00000000000111111110110110111001
11111111111111010101100001011001
00000000000101011010010011111011
00000000000110000000110000011000
11111111111111101101110110011011
00000000000000111000011001101100
00000000010000100011010000111011
00000000001110001000001000100101
00000000000111101110100100110000
11111111111110110000011011001011
11111111111101101111100011011101
11111111111101111000110110000001
00000000000101011101010010110010
11111111111101001100010101100111
11111111111101110111100011011011
11111111111101010011011100011110
11111111110110111100101000010010
11111111111101001100110110010111
11111111111110011010000001000101
11111111110111100010111111111101
11111111111110011100100100010101
00000000000011010100011101000010
00000000000010001100100010011101
11111111110001000100001000100010
11111111111000001101110001001101
11111111111000111100000001010111
11111111111110100111010010011001
11111111111100110011110111110111
11111111111011011001100111011111
11111111110011100111101110111100
11111111111010011000010011110101
00000000000101010100111110111001
00000000001000011001110001000101
00000000000101010100100110100001
00000000000000001110001100011010
00000000000101111100100011001011
11111111111011111010001001101011
00000000000011101000100001000000
00000000000111110011110001010010
00000000000111000010110110101110
11111111111000101000101100011110
11111111111010101010100111111010
00000000000110000100000110101001
00000000010001100110001001110111
00000000001000100100101000111010
11111111111011011111101111101100
00000000001010001111010010000101
11111111111110010110010110010101
00000000000001110111000100110001
11111111111010101001010101010010
11111111110100001101101111111110
00000000000010011001100010000000
11111111111100000001011110100000
11111111111010000001001011000110
11111111110111110001011010101110
11111111111011110010110100000100
11111111111110001101101111010000
00000000000000000001000101001101
11111111111010110111010011001001
00000000000000110101001111011111
00000000000111011010100010001111
11111111111110110111110111111111
00000000000110100100011010101010
11111111111100001001110011100110
11111111111100111010111101000111
00000000000000111010101011100011
11111111111110011011010110100011
00000000000100011110110011110111
00000000000000101010100110000010
00000000000000111011000111110001
00000000000000110100111100100100
00000000000011001110000011011000
00000000000010010011110100101010
11111111111110010110101110101111
00000000000001010111100101110011
11111111111101111000110000000011
00000000000010101100110100001001
00000000000000011110011000101011
00000000000000111000111110100111
00000000000101010000111000100101
00000000000001111011111000001100
11111111111111010010101111010101
11111111111111010000011101100110
00000000000001000001011101010011
00000000000000101110101100000001
00000000000000000100010000100010
11111111111000101001011011011101
00000000000000100110001101001001
00000000000100101100100101101111
00000000000110000100110100110011
00000000000101111011110000001110
11111111111000010101000010100010
11111111111100011011110010100111
11111111111000111010100000001111
11111111110110111010010010101111
11111111110110111110111101000101
11111111111011100001000110111001
11111111111010001000000010000100
11111111111000100101100110011101
11111111111001100100010000110000
11111111111110001010101100010100
11111111111110110010110100101011
00000000000000001001001111101110
11111111110110101100001111000100
11111111110010000010010000100101
11111111111011011000110011011111
00000000001001101001001001100101
00000000000100100111101000001001
11111111111111010100001111101010
11111111111100111110101101101101
00000000001000101111100000110000
11111111111001110011010000011100
11111111111111001111010010100011
11111111111011110011101010111110
00000000000001101110101100100000
11111111111001010100011000010001
11111111110100100111101000010110
11111111111110110000000100010011
11111111110111111110000000110010
00000000000010101110101000001100
00000000010100100111101100000101
00000000001101010011111110111110
00000000001100011011101111011000
11111111111111001100111100001011
00000000000011010101010000000010
00000000001000100111011011011011
00000000000110101101101110110010
00000000000000110111100101001010
11111111111110001110010010000000
00000000000000000001111010010000
11111111111110111001111110100100
11111111111100111011001100001010
11111111110101010110010011110101
11111111111100100010111110111000
11111111111010111001001001000010
00000000000101100100111111111010
00000000000000100110100011101000
11111111111110101111111101110011
11111111111000110001001111110011
11111111111010000100001101100111
00000000001100011010101101011011
00000000000011100111001100111111
00000000000110111010110111100001
11111111111110100111011111010111
11111111111010000000000100001011
00000000001000010101000111101111
00000000001100110100111101010111
00000000000100011001110001111011
00000000000000110100100000010110
00000000000110110011000100011111
11111111111111110111111101000000
00000000001100110000011110000101
11111111111111000101110000001000
11111111111111010111100111000010
00000000000110100010111100110111
00000000001011010011011110100100
00000000000001011110100010001011
11111111111100011101000101010110
00000000001001111001111101111100
00000000001100110101111011011001
11111111111101011001010011000000
11111111110111110111111111101110
11111111110010001010000000010000
11111111111110001111001100010011
00000000000010001000111101000100
00000000000011111000011001001001
00000000000000010110011101001001
11111111110110001001000100000100
11111111111011101100111010011101
11111111101100011011010101001110
11111111110001101110110111110100
11111111110110000011010101011000
00000000000000010011101111010000
00000000000110011101101111000001
11111111111010110100001011001011
00000000000011101000001111101001
11111111111010101111110110010011
00000000000000110110000010110100
00000000000011011010111010000001
00000000001000001100000010000010
11111111111011110111000001000011
11111111111111011110111011011011
11111111111111010110010101100111
11111111111101010011001001100001
11111111111110111000010011100000
11111111111101000010111101001000
