00000000000001000011011000111101
00000000000011101011101111100101
00000000000100110001110000000011
11111111110111110111011001100000
00000000000101000101000111010110
00000000000000010011101001010011
00000000001010001011010011101001
00000000000101110100011101000011
00000000000010101100011100010010
11111111111101110100001100010101
00000000000011100000100001001101
00000000000100101010100001110011
00000000000010000010110101011111
11111111111101011001111000100101
11111111111001110100101100000100
11111111111100011011100111000000
00000000000010110111001101110000
11111111111111100010100111101010
11111111111010001011011100010000
00000000000001010110000111000111
11111111111100000111011101110001
11111111111111010001011110001011
00000000000011111101010010010100
00000000000011100100111100101101
11111111111010011001110010110100
11111111110101011111111100110011
11111111111011010010101000010000
00000000001010010111111100100100
11111111111110011001000111110010
11111111111101011011100100100010
11111111111000110001011110001011
11111111111101111100000100110101
00000000000110001111110110000001
00000000001010011100101011110101
00000000001001100111100010001100
11111111111010110111010001001101
00000000000000100100111111001000
00000000001010000110010101100000
00000000001011010101100011001111
11111111111111100100111011001101
11111111111101000100010010011110
11111111111101011001111000100101
00000000000111100111001100000100
11111111111010100111110100010011
11111111111100111101011010000100
00000000000100000101110010101111
11111111111110110010111110001101
11111111110110010111100000111110
11111111111010011110001110110101
00000000000011000011010100101101
11111111111101100010010011010100
11111111110101001100011110100100
11111111111111010000011001001010
00000000000100010110000010111100
00000000001101011010101001100101
11111111111110100011001000011000
00000000000010110111111101110110
00000000000010000000011111001101
00000000000010100000101101001110
00000000000011011000010010100100
00000000000000100110100110001000
11111111111001010111100110000000
11111111110101000010000110011100
00000000001100000001110110101101
00000000000000011101100011010001
11111111110100011001001100011111
11111111111010100010110101111011
00000000000101000110100000011001
00000000000111011011001001111111
11111111111010110101010000010010
11111111110111010101001011110011
00000000000101000011010001111100
00000000000010011101111010110010
11111111111011010010111100010111
11111111111101000101110000111101
11111111111101011110101001110001
11111111111111010111101011011101
11111111111110010011001000111001
11111111111010011011101000110111
00000000000001001001000001001110
11111111111010100001101011010110
11111111111111000000000011001101
00000000000110111111011110000111
11111111111111110010011111101001
00000000000110000001110011100111
00000000001101000010011101110101
00000000001110100111100111000101
11111111111111010111011101001111
00000000000101001000010010011000
00000000001011110110100011110011
11111111111001000001001101001101
11111111111110011111010000011101
11111111111010001101111010111101
11111111111111010011101001111000
00000000000001010010010000110111
00000000000110101110000001110000
00000000000101100010000011110001
00000000000011010101111110110101
11111111111111000100001011000101
11111111111101010001001111000100
11111111111001001011101001000001
11111111111111110111001110000000
00000000000111110101000000010100
00000000000100101100110010010000
00000000000010100111110011001010
11111111110000001101000100010100
11111111110111001111001101111101
11111111111101011000011110000110
00000000000001010101010100001101
11111111111111001000000100100000
11111111111111010010101110010011
00000000000110101111101010101101
00000000000001000101100001010100
11111111111100110010101110010100
11111111111011100101010010111000
11111111111011000000000010011011
00000000000000101111011101100011
00000000000010100100111000010101
11111111111011100101110101101100
00000000000100011111110000111000
00000000000011001011110011001001
11111111111101110101010000110110
00000000000100010001010111000010
00000000000111110010101100110011
11111111111100010100110011010001
00000000000100101011110000010110
11111111111110001011010010000100
00000000001001001000011001011111
00000000000101010101111111110000
11111111111101000001100100111100
11111111111111100000011001000111
00000000000011001010001101100110
11111111111110011100001000010011
00000000000010111010101001000011
11111111111101000111001111010100
00000000000100000110001011101100
00000000000001111110100000011110
00000000000000111101100100111111
00000000000001010010011010011000
11111111111111100011011011011111
00000000000001000010100001101010
11111111111101000010100000000110
00000000000010001110111000101110
11111111111100111010011011100100
11111111111110100101110000001000
00000000000110101110011111000011
00000000000001111010001100100010
11111111111011111000000100100100
11111111111100001111011101101001
00000000000011000000011000100110
11111111111110100110100100100000
00000000000100111101010111011011
00000000000100110111101111111000
11111111111100011011110100010110
11111111111010011111001100000000
11111111111111110110110111100010
11111111111001100111011111110011
11111111110111000000011101101001
11111111111011110100000101101011
00000000000100110001100011000110
00000000000110011101000011101111
00000000000111011100000011110111
00000000000111110100000110001000
00000000000011000100011101001110
00000000000010010110010000111111
00000000000011100111100100101001
11111111111111000010000100110001
11111111111100101001001110111001
11111111111110001011101110100011
11111111111111100111101000110000
11111111111100101111101100100111
11111111111001110001110101100111
11111111111100010100001110100110
11111111111011110101111000010101
11111111111011110111111100110000
00000000000101010111110000010111
00000000000011000010110111011101
11111111111010011011000010001101
00000000000000100010001100111100
11111111111110110011101001011000
00000000000100100011100010001010
11111111111101110011100110001110
00000000000000011011001101001101
00000000010101010011011000110011
00000000001110101110011010101111
00000000000101010000111110000001
00000000000001101001110001111001
00000000001001110001010111110101
00000000000001111011100000011001
11111111110100101100001000111100
00000000000111001010101101110110
00000000001010000110100111011110
11111111111101011001110100001101
11111111111111111101010100101111
11111111111010010010111111011111
00000000001011001100100111101010
00000000001000011000001000101111
11111111111010011000111101011001
11111111110000101001111011111100
00000000000111000001010101010010
00000000000000001000011000110100
11111111111101101001101010111111
11111111111111010011000100101101
00000000001100000000011101110001
00000000010010101001011100000000
11111111111111010010011001101110
11111111111111111110100011000010
00000000000101100011001000111101
11111111111000000011000010100001
11111111111111111001111111110000
11111111111010101011010000011010
11111111111000011110111101111101
11111111111101101111111110111100
11111111111011001010011110100011
11111111111010011011000100111011
11111111111100100011010101101110
00000000001011000101010100011001
00000000000010010010010111101100
11111111110111111001100001111110
00000000001101011000100101110100
00000000000010110000011010110001
00000000000010011101000100011101
00000000000010011111011000111011
00000000001010111110101001101111
11111111111100000111101010100001
00000000001011100001100110110100
00000000000000111011010111001010
11111111110100110011000101000110
11111111111001111000010111000001
11111111110111110010000011111100
00000000001011001000111010111111
11111111111101010010110001000001
11111111111011001001100001100110
11111111110000110010001100110001
11111111110111010101101100000101
00000000000100011100101011101101
11111111111101100000010110001000
00000000000010100010100011111001
00000000001000110101101111010111
00000000001110101101101101111001
11111111111100001111000101000000
00000000000001100111111001111101
11111111111001110001101101001010
00000000000000100100111101001101
00000000000000011000011110110100
11111111111010001001001100100001
11111111111101100000011000100011
11111111111110001010010010011101
11111111111000000110001001111110
11111111111101100111111101100101
