11111111111111010010100010100010
00000000000101111001111010100110
00000000000110111010000100000100
11111111111001011101001001101100
00000000001111000001001111010010
00000000000101110010110010011011
00000000000100000100110101111111
00000000001100001010110101111111
11111111111110111001011011111001
11111111111111101010110010011010
00000000000111110011000010100001
00000000000011111111110001100100
11111111111111101000000101110111
11111111110111110101010010100100
11111111111110110000100000111001
11111111111000000010010100000001
00000000000001111000010011111000
00000000001000000010000010100000
00000000000010000100011101101110
00000000000001010100011000111011
11111111111111100111110000111010
00000000000010001001011110100001
00000000000000110110101110000001
00000000000010111000100111100100
11111111111111101111010100010000
11111111110100100100100000101101
00000000000011010010101010010000
00000000010000001100100011111011
00000000000111011101010010000000
11111111111111111010111110000101
11111111111001110011101000101010
11111111111010001011011010101100
00000000000111100000100110101011
11111111110011011011101000000101
11111111111000011011101001110110
11111111111010101110001001011010
11111111111010010010100101110111
00000000000010100100101010000011
11111111110110101101001100101100
11111111111001001110000100011110
11111111111001010010000111101001
00000000000000010101000010110010
11111111111101011111101001000111
11111111110101111011010100100111
11111111101111111111001000101010
00000000000000001010001110100110
00000000000101010001010011101011
00000000000110110110011101110000
00000000000111010000001100010010
00000000000100001100100111111101
11111111111110100111111011100011
11111111110110111000000110001111
00000000000010101100011010110101
11111111111110001100100101110100
00000000000010010010100100100010
00000000000001000010000111101101
11111111111111000100010110010110
11111111110111100001110001110011
11111111110111011010001110100101
00000000000001010011001111010111
11111111111100001111001100110010
00000000000100100110001010110000
11111111111101101000011111001011
00000000001000011111000010101110
11111111111110010011011001100000
11111111111001111111101110100010
11111111111010011100110000100110
11111111111101100100001010000000
00000000000111111001001101010101
00000000000110011110001111001101
00000000000110011000111111001110
00000000000000100010111000010001
00000000000100111010001000000010
00000000001000110001011100010110
00000000000001111101101000110101
00000000000001111000111101110001
00000000001010000101010111101010
00000000000110000111010011111000
00000000000011001110000111111101
00000000000010000000110101111000
11111111111010110110101000100101
11111111111100110110000101100110
11111111111111010011110000110111
11111111111100111010101110111011
00000000001101011010011110001011
11111111110111000001000100110111
11111111111101011000001110000001
11111111110110010110011000110011
11111111110010110110111001010000
11111111111111111100101011011010
11111111111001100010110011101001
00000000000000100101110011101111
11111111111001011101001010000000
11111111111010010101001011111011
11111111111001001000111011110010
00000000001001101011000111110101
00000000000101110101010111111010
00000000000100011100100110011101
11111111111111100101111111010001
11111111111000111111001100010010
00000000000010000100001111011110
00000000000001010100000100101010
00000000000110100110110000011110
00000000000000000100110010000001
11111111111100001101101111000011
11111111111010101100110011001110
00000000000000101010100001011001
11111111111110000000100101100001
11111111111001111101010001101001
11111111111111111110100010111011
11111111111101111000000110010011
11111111111111111000100011100001
00000000000100110111111010111100
11111111110111110101111001111011
00000000000001010101010010111011
11111111110110111011101001001101
00000000000011101111101100111011
00000000000010000011001100001001
00000000001010110001010110111001
11111111111101100011110101100100
11111111111010001010000001011111
00000000000000010100100101110000
11111111111100110100111000001101
00000000001000010101100010100101
00000000000010000011110011111111
11111111111101000010101000110101
00000000000010100011000000011001
11111111111111111111100000001011
00000000000011101100000001001100
00000000000010111001100000010100
00000000000010111100000000001100
00000000000011110110011101001101
00000000000000100000111010011010
00000000000001001110101011010001
11111111111101110011010001000000
00000000000010001111001010100010
00000000000000110001000000011100
00000000000010001000111111000010
00000000000000111111010011100100
00000000000100000000011011101001
11111111111111110000111101000010
11111111111011111110011100011111
11111111111100100111010001010011
11111111111100001010111100111000
11111111111110100011010011101001
00000000000011010111111100000001
11111111111101111001011011010111
00000000000010100111111001101111
00000000000011011010000011011000
11111111111100111001101101110100
11111111110110111100000110100010
11111111111111101000010111110010
00000000000001110010010010000111
00000000000011111010010101110100
00000000001001111001100111101011
00000000000101101011001010010000
00000000001001101110000111100110
00000000010000011011011011101100
00000000001010101001011110101111
00000000000100100100001100100001
11111111111011000100000110111010
11111111111001100101100110100001
11111111101111100111000010101100
11111111110010011100101101111110
11111111111011010110000111000011
11111111110111011000100101011101
11111111110100001101110011001110
11111111110011110100001100011111
11111111101110010001001010011111
11111111101100110110000110010011
11111111111100011101010110001010
11111111111111011110101001011000
00000000000110111011001000111111
00000000000010110001001111111001
00000000000010110001011000000111
11111111110101010101111010101110
00000000000110110011101100001100
00000000000000001001100011101000
11111111111111111011000001000110
11111111111101001111111100101010
11111111111101100000100101010111
00000000000110111000101010011111
00000000000000011001011000110001
00000000001011001110100110100111
11111111111100111011111000000101
11111111111011111100110110101111
11111111111100000010101011111010
00000000000100011000010111111000
00000000001000000111001100000011
11111111101111001101100111100100
11111111111111100000100000000101
00000000000000110101000001110001
11111111111100101000000000100110
11111111101000100011101101100100
11111111101111010000011000111111
00000000000111110001010111110000
00000000000110010001101100011100
00000000001100101100111101000011
11111111111100011010010111101000
11111111110111001011010110101011
11111111111111111100100011111110
11111111111011000110011010111001
11111111111100000110011000111110
00000000000010001101101100000100
11111111110101010011111000110110
00000000000011100110000100101111
11111111111111001100000100110011
00000000000010100111100101101011
00000000001001111000101000001101
11111111110101011010011111100000
11111111111110110010111110111110
11111111111110000100111110101011
00000000001000100010101010100011
11111111111011000111000011000101
11111111101110001100100100111001
11111111110010001010011011011101
00000000000111001001100111001100
00000000010010011110010110110111
11111111111100000011111101101010
11111111111010010001011011110100
11111111110101010011111100011101
11111111111101111001100101111101
11111111111111000010000111000000
00000000001011011011001110111111
11111111111011111101010111011100
11111111110011111001000001010101
11111111111100110100101101111100
00000000001011110110010000000011
00000000000111010011100011101000
00000000010000111100111001101110
11111111110010111100010111110101
11111111110100111101111010111100
00000000001110011011110001000011
00000000000101100110100001101111
00000000000001100110110101110100
00000000000001100111000001001001
11111111111011010010100010000101
11111111110111111110001010010111
11111111111110111010011110001010
11111111111000000011010001100111
11111111111011100011100110100100
11111111111101110111100010011001
11111111110101010000111111001100
11111111110110101101110000100001
11111111110001001110110011100111
11111111111100010001011001000101
00000000000000101100011001010010
00000000000100100100010101010001
00000000000001011010111011111010
11111111111010101011001001101101
