00000000000110010111010011011010
00000000001101001110001000011110
00000000001110010000000101011111
00000000001011000010100001000010
11111111110111100000011101100010
00000000001100010100100001010101
00000000000101110011100011011110
00000000000100100000010111111110
11111111111111100010100010110011
11111111110010000001000011110111
11111111111111011100010011001111
00000000000010111011100001111011
00000000001101011100101000111010
00000000001010000100011101000010
11111111110100101100010110010010
00000000000001100001101011011010
00000000000101001001111011000110
00000000001000110110100001100101
00000000000011000111001010101101
11111111111011111011110001110101
11111111111010010001010110101001
11111111111110111001011011111000
00000000000110001000011101000000
00000000000110100111101111001100
11111111111111001000110101000110
11111111111110011010100110100000
00000000000001011110001110011101
11111111101111011101000001100101
11111111111010010110011010001111
00000000000010001001110110010110
11111111111100000111000110101100
00000000000011100101011011111101
00000000000010111001001101100100
00000000010010110111101101111000
00000000000010010010101010111011
00000000000110110110111000010011
00000000000101110101010110011000
00000000001001010101100000100011
00000000001101001101010100000010
00000000000001111100000100101010
00000000001000111011000000100011
11111111111111000010010101010100
00000000000000011110100101011011
00000000000111011001100011011111
11111111110001010101000111000101
00000000000010100101101101100000
11111111110111111001010110111010
11111111111010010000110001000011
11111111110101111001001110110001
11111111111011100010100110010101
00000000001001000011010101111000
11111111111101110111101011110110
00000000000001100101110111000100
11111111111111100010100011001101
00000000001000100000100100011000
11111111111101110110001110110110
11111111111101111101011000011111
00000000000110001110101100000101
00000000001001111001110001101110
00000000001111100011001110101101
00000000000000101111100010110010
00000000000000110001101110100001
00000000000011111101111111100010
11111111111110100010000000011101
00000000001010000110000010100001
00000000001001101101101000001001
00000000001010001111111100001100
00000000000101011110101100000001
00000000000101001111101000111011
00000000000101011000101010101010
11111111101010011101110100010011
00000000000010001001111100111111
00000000000011100111100110111011
11111111111111101011001001011010
11111111111111100100110111011110
11111111111011101000110010110000
11111111110001110111100000101010
11111111110101011111011011000001
11111111110110000000000001010010
11111111111011100111101101000011
11111111111001101011000111010010
11111111111110010111100101010000
11111111111001101010011111100111
11111111111101010110001000111010
11111111110110100010010101011001
00000000000110001101100111101011
00000000000100001001101011111000
00000000001000011011001100010000
00000000000100000111100111110000
11111111111011000010011010101110
11111111111110010010111110110100
00000000000010011000011000100001
00000000000000101010011111001001
00000000000010101100011100101100
00000000001110000101110011000111
11111111111011101011000001001001
11111111111001001010001011111011
00000000000010010001111110001111
00000000001000111001101001000101
00000000001101100110001011010110
11111111111110111100111110101111
11111111111011110101011110100011
00000000000100000010010011001100
00000000000010000111101000011111
11111111111010100010110000000100
11111111111010101011000010111100
11111111111111100100011011000101
11111111111111010010001101011111
11111111111001001011010111000001
11111111110000001001111011110001
00000000000000000010111101111100
00000000000001001011110101110101
00000000000001001110001101110111
11111111111101110110110100100111
00000000000001100100010100010010
00000000000111110111001100010110
11111111111101100011111101001110
00000000000001111000010101100001
11111111110100100110100101100000
11111111111110001000111110100111
11111111111111001001110111101110
00000000000110111010100101111001
11111111111100010111000001001101
00000000000011000011100001001001
11111111111111110000001010101110
11111111111100100110100001001110
11111111111100110011110001010000
11111111111111001101000110010010
11111111111110010010000100111001
11111111111100011100000100011111
11111111111101010001001101011111
11111111111001100111111100101011
00000000000001111000110001000001
00000000000000010010011010111010
11111111111110100010010110011000
11111111111111100011110111010001
11111111111100011110100001001011
00000000000000111111010101001100
00000000000001001111111110110100
11111111111110111010111001110101
11111111111011100011001001000111
00000000000100010011110011101101
11111111111110010011010001001100
00000000000011010011011000101110
11111111111111010001000101000110
11111111111010100111010110000010
00000000000001100110010011101000
11111111111111110010011010111110
00000000000001010101010111011111
11111111111110101000001011000100
11111111111111100000101001100100
11111111101101111111000111001101
11111111110100110111010100011000
11111111110100101010111011010001
00000000000111011000010011110000
11111111101010011110001111101110
11111111110010010110000000011000
11111111110111010101001000110100
11111111101010000100010100100001
11111111101111110011111101011110
00000000000011010001001001000101
00000000001110101100110000000100
00000000001100000100001101010111
11111111111101110010111100001110
00000000000001101110011101101011
00000000000000111010111100011110
00000000001000100110001110000110
00000000000100100001011010010101
11111111111100111100000111011001
00000000000011010001011001010101
00000000000001110101011101011000
11111111111100001000100101010100
11111111111110000011010010110010
00000000000010111100000110110011
00000000001011001111000110000100
11111111111110101010010011011010
11111111111111110110000100001001
00000000000001110001000000111110
00000000000101000000000000100011
00000000001010111010100110010011
00000000000001110000110011000100
00000000000000011110100011111011
11111111110001101101110110010001
11111111111101010111101101111000
11111111110101101110001100000100
00000000001000101110001101100110
11111111111101110000010010010111
11111111110110111010011010100001
11111111111001100001010011001011
11111111110011111111100010010010
00000000001111110100111011000001
00000000000100011011010110111010
11111111111101001011110001010000
11111111111011011010101011010101
00000000000001010000001101000001
00000000000100011011111000001010
00000000001010011011000100000011
00000000001100110011010111001011
11111111111111101010101100101011
11111111110011100100011000100111
11111111111010111010100001110010
00000000001110011111101110111001
00000000000111101110000010000011
00000000010001000100010111101100
00000000010110101111000000011011
11111111111101010011111011101001
11111111111111110010010001000000
00000000000001010100110101101000
00000000001010110110011001111000
00000000000000100111010011000101
11111111111110111111101111011011
11111111110110000000100110001100
00000000000001101001111010100011
00000000001000100011000111111101
00000000000000111011110001111111
00000000001010100111110110101101
11111111111101001101111110100000
00000000000011001100001000000000
00000000000111101101011010110010
11111111111011100101001000010010
00000000001000100101011110011111
00000000001001101011111001111110
00000000010000101010010100100001
00000000000010101001000100101001
00000000000111100100100000110011
00000000000011101001110111011001
11111111100001111010110111011000
11111111011101101110100010001101
11111111110001100000010010111001
11111111101010000100101100001001
00000000000110100001010101111010
00000000000001110101011011011100
11111111111001101111000010010000
11111111110000000011000010101100
11111111111011111101000011011100
11111111111101000011101011010111
00000000000100010000011001111101
00000000001011001000111111011100
11111111111111010001000000100110
00000000001000001110110100111111
11111111111111000100111000110001
00000000001000101001011011011011
11111111111111010011001110011000
00000000000101000011001101000110
00000000000101101010101000011101
11111111111110011110101110010001
11111111111011001110010001111101
00000000000011100001111111010110
11111111111110101110110110100000
11111111111100010010001001011000
