00000000001010100100111001011011
00000000001101100000111010111000
00000000001000000010111000000110
11111111111110110100010000001101
11111111111110001001101101110010
11111111111110101010010011100110
00000000000101010011100010111011
00000000000000000000000110000011
11111111111001010100000111101110
11111111111000011110100000011001
11111111111010000010110000010011
00000000000011001111100101000011
11111111111100011100010110100111
11111111111110111111100101100100
11111111111011101101001001111100
11111111111010000100100001001000
00000000000101001101000011000111
00000000000000100001100011100111
11111111111100111011101111001100
00000000000001110000111110110000
00000000000100001011001100110110
11111111111000011111000010011111
11111111110110011010111101001111
00000000000110111110011000100001
00000000001001100110000100100111
11111111111110110010100000000001
11111111111111100001101011001010
00000000001010001001110011100010
00000000001000011100010111010101
00000000000100000110010111011001
11111111111001101010001110100111
11111111111011110111101011110010
11111111111100111110000011110111
11111111110111100010110001011000
11111111111011011100110001101110
11111111111011100000110101110101
11111111111101100011000101000111
11111111111110000101111000100111
11111111110111110000100011011011
11111111111000111011011000110110
00000000000011000111010000011101
00000000001100001111100011101001
00000000000101110010100110101111
11111111111100110100111100000110
00000000000101001110111011111000
00000000000111001101001001110111
00000000000110111110111010100010
00000000000001110100111111010110
00000000001101100010111110100110
00000000001001100111110000000001
11111111111111101101000100001100
11111111111100000100010100110011
00000000000011111010111000100101
00000000000110101110011110001011
00000000000000100011101101110010
11111111111100001110010101001001
11111111111011101010011100000010
11111111111110111010100101001011
00000000000001010011000111010011
11111111110110011010010101111111
11111111110100101101101101111011
11111111111001100011001110001111
11111111110111010010010010110011
00000000000101110011110111110110
11111111111010010100011100111001
11111111101111000110000010111001
11111111111001101111011011010111
11111111111111111000111110100001
00000000000010101111010001001011
11111111111111100100010001111111
00000000001110001010101010110110
00000000000011110100110111011111
11111111111110001110101010111101
11111111111000011000010000000100
11111111111011111011000011011111
11111111111011101101101110010010
00000000000110000110110000010011
00000000000001000111000010001000
11111111111011000001000110101001
00000000000001010010111000100100
00000000000001101110011111000100
00000000000001011011011011001100
00000000001011000110101000010101
00000000000001111101101101001100
00000000001011001001000001001111
00000000000000000011110110101111
00000000000000010011011110111111
00000000000010100011111000101000
00000000000010110101010101001001
00000000001011101110110001111010
11111111111110101011011111001011
11111111110101110111101110001010
11111111111010001111100111100011
00000000000100001001100011101001
11111111111111101011101011111001
00000000001000100110111111111001
00000000000011001101001100101100
00000000000000001001010000101111
00000000000000101100000001100100
00000000000011111111111010101100
11111111111010010010000010100001
00000000000010110011111000011010
00000000000101110111010100100011
11111111111101100001100001001110
00000000000000001001011100000110
11111111111001100000011110100111
00000000000001001100101111101010
00000000000100001001011110111110
00000000000010000111100100011100
11111111111100001011011111101110
11111111111100001101110110011011
00000000001000000010001000110001
00000000000111100010001011101110
00000000001001000001111100110111
00000000000010101100010011101010
11111111111111001001001110111001
11111111111010101100010101111011
00000000000100100010011010110100
00000000001100010101101111100100
00000000001011110110010111100100
00000000000011000100111011000001
11111111111011011100110001000000
00000000000110110001001010011111
00000000001010100110110001100101
00000000000101111001001000110100
11111111111111001111010100011000
11111111111001111011010010010010
00000000000001100110010110100111
00000000000111010100110011001010
00000000000001011101100011000101
11111111111101001001011000110001
00000000000100011100000000000000
00000000000001110111000110111100
00000000000100010001001101100110
00000000000001100010111110100010
00000000000010011100100001010011
11111111111111000111010101011000
11111111111111101110001111000111
00000000000011111010000100011000
11111111111100110100100010110100
11111111111100010000010110100001
11111111111010100100000011010010
00000000000010110000101110001110
00000000000000000011010100101100
11111111111110110000101001010100
11111111111111110000001000010100
11111111111101101001011000100100
00000000000000001100100101001111
11111111111101000100111111010001
00000000000001011010110001110111
11111111111110101000000110011110
00000000001000111100100001011111
00000000000111100010110001011110
00000000000001100001000110001101
11111111111110110101111111001010
11111111111100010111010010101000
11111111111011001111011010010011
11111111111010011001010001100010
00000000000000111010010111011011
11111111111110001011100110000111
00000000000111011110011010111100
00000000000000001111011111010110
00000000000011000011111010110100
11111111111111000100110101101100
00000000000010011110011001110111
00000000000001101100011011110001
00000000000010001100101111100000
11111111111100000101011110101000
11111111111110011001001000100100
00000000000111110111110010110111
11111111111111010100011010101011
00000000000000011111010000100101
00000000000100110110000101110111
11111111111110100010000111011011
11111111111110111000101111100000
11111111111000110100111110010000
00000000000011000010111000001010
00000000000010110100001111000001
11111111110101010010110000110010
11111111110101010110000011110101
11111111111010110101110110010000
00000000001100100001101110011100
00000000001000001110011001010000
00000000000011001111010000100100
11111111111110010111010101100011
00000000000010110001101011001100
00000000010010011110000000111001
00000000001100000010011001011111
11111111111101100110111101111100
11111111111010001001001000011100
11111111111001001111100101000001
00000000000010000000110110000011
00000000000101000010111010011010
00000000000010011110001111101100
11111111111001000101101011011010
11111111111010100001001101001100
11111111111011111101001100110111
00000000000100001001011110001101
11111111111110001011000100101000
00000000010101010110101000011000
11111111111110010010111001010111
00000000001001010010100110100001
00000000000000110100100111110100
11111111111110111000010101011101
11111111110011001010111101111101
11111111111000110011001100101010
00000000000110001010001000111111
11111111111101111010010010110011
11111111111101000001110011100011
11111111110110001111010111010001
11111111111011100110111101011101
00000000000101111010101010000001
11111111111110111110000010100001
11111111111110010010011110100111
11111111101101001011110011100010
11111111110101101010111110110011
00000000000010110010101100011000
00000000000001101110100111011000
11111111111110101001000010100110
11111111111110000110000010000010
00000000000001101011001111100001
11111111111001111100100001001110
11111111101110101000100010010111
11111111110011100000000001001011
00000000000110010101100011101010
00000000000100010110100000010011
00000000000011101010110010011101
00000000000000100101111001010001
00000000000001111100100010001001
00000000000110110111100111101011
11111111111111111100101001100011
11111111111011100110010001000100
11111111111110111001100101101100
00000000000110000110000110000000
00000000000010000001101001001110
00000000000001111011101101001110
11111111111111111011111011011001
11111111111011000010100011011111
11111111111110101011010100000001
11111111111100101010001111000111
11111111111010110000100001010010
00000000000100101111011110000010
00000000000100010010110011000110
11111111111110011011101010110000
00000000000001111000011001001101
00000000000100110110010001011001
00000000000100011101100010111011
00000000001001111001010111011011
00000000000011010110100110001111
00000000001000100111110010010000
