00000000001100111110101110110001
00000000001111100000011000110100
00000000000001100111011101111111
11111111111010000111000011100110
00000000011001000100111101100111
00000000000101010000100110101100
00000000000101010110011001011011
00000000000111111010001101101011
11111111111110101101101000110110
00000000001010100010111010110010
00000000000001100011011011011000
00000000000110010010101010111010
00000000001001111001110101100001
11111111111000010101100011000000
00000000000011000011000010001011
11111111111001010101101011010000
00000000000011111111000110111111
00000000001111000001010011000001
11111111111101010100101011001110
00000000001000011100000001110011
11111111111000000100000101101001
11111111111111011001100001011100
00000000000010000000100110110010
11111111110011001000010110111000
11111111111110000010010111101010
11111111110111100111011000010001
11111111111001011011110100011100
00000000001001110111110000100010
00000000001000001010111100000100
00000000001000100101100010111010
00000000000011011010101011001111
00000000000000001111111101111100
00000000000001011011111100010100
11111111111001111101000010100011
11111111111100001000010001000111
00000000000111100100111001010000
00000000001000100110110101010110
00000000000010110011101010001110
11111111110101100111100100110100
11111111110100111110010110010111
11111111111001101000001101110111
11111111111101110110001011001010
11111111111111000100101100111000
11111111110111100011001000010000
11111111110110111010100000001100
11111111110111001111011100100001
11111111111011000000011100000000
00000000000101110100011010110011
00000000000000001110101111100100
11111111110111100101111100111001
11111111110111010000010000001011
00000000001011100000111100101101
00000000001110111101101101000010
00000000000100100001011100001111
00000000000101110111001001001000
11111111110101100100111100100111
11111111111111010010110100111111
11111111111101001001100110010000
00000000000001100110010100111011
00000000000011111000000101001011
11111111111001011001010011010000
00000000000100001110010111010111
00000000000110001101110101100111
00000000000001000111101000110111
11111111111100000100011001101100
11111111110111010000111001100110
00000000000001001111010111110110
11111111111100010110111001000101
00000000000010011001011010001110
11111111111100111101010111111100
00000000001001111111001111111000
00000000000000111110001000001001
00000000000101101010001011011100
11111111111111110111111001110111
11111111111101111000011011011111
00000000001100011101000000101110
00000000000011011000100000101111
00000000000010101101010000001110
11111111111101011000011001100100
00000000000110111000001100101101
00000000001110000101110011101001
00000000000010110101100011111011
11111111111000111110100100000000
11111111111001110011110000100100
00000000001011110101101110000101
11111111111000010000111100101110
11111111111101001110000000001000
11111111111111111101100010110100
11111111111101011110000000010011
00000000001101101010101101001010
00000000000001111001011100011011
00000000000110010101111010100100
00000000001101110100101001111001
00000000001011100100110010011110
00000000001001010000111011011101
11111111111111110000010010111010
00000000000011000011001100001011
11111111111011101001011010000111
11111111110111100110011111011101
11111111110111010010001011100101
00000000010011010001001110010100
11111111111101111011100111011100
11111111111010000010101100110001
11111111110000110001111111100101
11111111110101111101010101001110
00000000010100111100111010001011
00000000000111110100011011000100
11111111110111001100111100100101
11111111111001001010111111001000
11111111111010011000111010001001
11111111111011111100001110000001
00000000000111110111011101011101
00000000000001011111010011001101
11111111111010101011100111101100
11111111110111110010110001000000
11111111110111010100110111010000
00000000000010111110101001010010
00000000000011000010010110100101
00000000001001000110100011000000
00000000000001001000110001110001
11111111111100010011110110011001
11111111111100111100111011000010
11111111110101011101000001010000
11111111111111111100100111010101
11111111110111100100001111011001
11111111111101001100101011111100
00000000000100010111110100110010
11111111111111101110110000101000
00000000000100001101100000001001
00000000000110110100111001100111
11111111111100011111110101100010
11111111111110110101011111011010
00000000000010100110110111111011
11111111111111100110100100001100
11111111111101001001010111010111
00000000000001010110000010111010
11111111111101111001010011001111
00000000000001010101110110101011
00000000000011111100010100111111
00000000000010001011011101110001
00000000000000111101010011001101
11111111111001010100000110110010
11111111111111110100011000011100
00000000000000100101111101110010
00000000000000011011110100011100
00000000000100000010010011001000
00000000000011110000000001100111
00000000000010110001011111110001
00000000000010100111011110001111
00000000000001000101111010001001
11111111111110110110011011011010
00000000000000111000010101101000
11111111111111101100000110110100
00000000000010110110001011100001
00000000001011111000111111110011
00000000001011010010000000111010
00000000000101101000001100110110
00000000000101100001011111111110
00000000001001011110101101111101
00000000011001110100110001010011
00000000001001011110110010111001
11111111111011111100111100010100
11111111110101111001110110010010
00000000001010100000110110011100
00000000010000000110010100110011
00000000000010101011110110110001
11111111111010010011010001001111
11111111111101100000101111001111
11111111111111001100010011000101
11111111111011101000111100111110
00000000001010011010010010100010
00000000000011000011010001100110
00000000000001100011111110111000
00000000000010101000101001001110
11111111111100011100111100001101
11111111101111100110011011110100
11111111111100011001111101100110
11111111110011101000101111010001
00000000000100010010110000010011
00000000010011001110011100001010
00000000001001100111000110010010
00000000010001101110111000001001
11111111111111100111001001010011
00000000000000010110110010111111
00000000000101001101110000011010
00000000001111001011011101000011
11111111111111011101001101001000
11111111110111110001010111010011
11111111110111110101111111011101
11111111100111110000110011101001
00000000001110001100110010000010
11111111111101101110011110111001
11111111110011110110011000000001
11111111110010110110110101111011
11111111111011001000001101101100
11111111111111001011110001111001
11111111111111101001000110101101
11111111111110000011101101000100
00000000001000011110000100101100
00000000000101111100001011111110
00000000000100011101011010010110
00000000000010010110011000101101
11111111111111100100110111100000
11111111111100100101100000001010
00000000000101011001010100010000
00000000000101111100010000101101
00000000000011111010000011111110
00000000001001100101010110110001
00000000000100011010111100010010
11111111110001011000100100101010
00000000000111110010100101000101
00000000000111100001110000101001
00000000001001010010110001111111
11111111111010010000000010001100
11111111110010011010111010000100
11111111111011101110001111100100
00000000001001011010011111000001
00000000001101010010001010101101
11111111111101010001101110110010
00000000000010001111111111100100
11111111110111110101100110001010
00000000000101001001100001101011
11111111111011001011000100011010
00000000001110101011101101111000
00000000000011011001110100011011
11111111111110010010011101001011
11111111111000100010011111010010
00000000000001100111100001101101
11111111111010001101010011000100
00000000010000000111000101100001
11111111111100011100000110101001
11111111110111100100000010011111
00000000001010001010111111010000
11111111111011110001010011100010
00000000000111110010111010110000
00000000000111001111000111000001
11111111111110001010001111000000
00000000000100010011110010110001
00000000000111111010000111111000
00000000000010001100011101001101
11111111111010100001011001000110
11111111111000000001001101011100
11111111111111101101101110101011
00000000000100111111100101010010
11111111111100010001100111001100
11111111111101111001101111000111
11111111111011110000100110011111
11111111111101101111101010101100
11111111111111100100100000011001
11111111111101101111100001100110
