00000000001001100011100001110100
00000000001011100000110110011100
00000000000100010100010101010010
11111111111110001111011001001101
11111111101011000110101001010110
00000000000101111010101010100010
11111111111101001010001010011011
11111111111011100111100101001011
11111111101010011010100000111110
11111111111011000101011001110011
00000000000001001011001111111101
00000000000000110001111011101001
00000000000011110011111010101011
11111111111000100111101000100011
00000000001010101001111111001000
00000000000100010010010100010100
00000000001010000100001001100000
00000000001001010100111101001000
11111111100101011001000100110010
11111111100110010001101111001110
00000000000011101110100000100000
00000000000001010010010101010010
00000000001110110000000101111111
11111111111111010001001000101000
00000000000101010001111101110111
00000000000110110101100010000100
11111111110110011101001111000110
11111111111001011010111000010101
11111111111010001001100111010110
00000000000100101111000000100111
00000000000001000001110110001011
11111111111010101010011011101101
11111111111110111010000101011011
11111111111011010011010101001001
00000000000001010011011101011011
11111111111010111100000010100101
00000000000111011000111001001111
00000000000110000010010001110011
00000000000010111000010100011101
00000000000011000000001111111011
11111111111010100100001000100100
00000000000100000000100111010010
00000000001001011100101011101110
00000000000100000101101101111101
00000000000100001010000001010111
00000000000010100001101001100101
00000000001000100100000111110001
00000000000011000011001011000100
11111111111111001011110111110001
11111111111001001111101111100010
00000000010110111011011010010100
00000000100001000100001000111101
00000000010101110110011110111001
00000000000101010110101011011010
11111111111001000110001001011001
11111111111010111001011011110001
11111111111001111010100100000111
00000000000001011010100001001000
00000000001101010100000110000011
00000000000010001010000111011001
11111111111000010001010000001000
00000000000110001100000001000000
00000000000111011010110010101110
00000000000110010001011001110101
00000000000111111001001010101000
11111111111010101011111001100000
00000000000110001011001011011101
00000000000001101101100100101010
00000000000001110111101111001101
00000000000100110000101000110111
11111111101101101000111111011011
00000000000010100010100111011010
11111111111110011100110110011110
11111111111000010100110000001011
11111111111001100101110100111111
11111111111111001011100111110011
11111111101010100001001011001111
11111111101101010111110011110000
11111111110110000010111101010001
00000000000101110010000011111101
11111111111101100001010001100111
11111111110110001101101111000110
11111111111000010111100100100010
00000000000000100101111111111011
00000000011010000011100010110000
11111111111011100001110110001010
11111111111010110000001100011101
11111111111111000010011101111111
11111111110111100101110101011110
00000000000001000111011001101101
00000000000110110001000101110010
00000000000010110101101011110111
00000000000010011001111001101110
11111111110101011100110101000001
11111111111110010011100011110111
00000000000010110000010100101110
11111111111100111110001011010011
11111111111101001000001010001110
00000000000011011110010100001101
00000000000110101100010011010001
00000000000100110010111010011000
11111111111010001101110110010010
11111111111111111010011101001100
11111111101111111011001011100001
11111111110000101000110011011110
00000000000110010100001000110111
00000000000100000010111001110010
11111111111011110000100000100011
11111111111101011000010001100100
11111111110111010111110000001100
11111111110111110101110101001011
00000000000101100011000110001010
00000000000100101101001011111100
00000000000000000110101000101111
11111111111111010010010111111010
00000000000011001010000001101101
00000000000111100110100101101010
11111111111101111010101111101101
11111111111001000011100001011010
11111111111011011010111001011000
00000000001000011100000010110111
00000000000101101110000101000110
11111111111011010100110001000000
00000000000100110111110101000100
00000000001000001110100000101010
11111111111100110001111000010111
11111111111010110111101001110010
11111111111001101111001111100111
11111111111011010110000000101011
11111111111100110011101011000000
11111111111100110011110110101111
11111111111010110111111110100011
00000000000000100001111011011110
11111111111111110110010111001100
00000000000001011001011111100001
00000000000000100001101110110101
00000000000000000000001010111010
00000000000001010001111101011010
11111111111101001011110011010010
00000000000001111101010011001010
11111111111101110001101111101001
00000000000011000001100101110010
11111111111111101000010010110110
11111111111101100111110011010100
11111111111101011100010100000110
00000000000010001101010101010001
00000000000001111011010100011000
00000000000011010011100111101001
00000000000011000001010011011111
00000000000011010010011111111000
11111111111010000111101100010111
11111111100011100001111100001100
11111111001111000111001101010101
11111111011000110001111100111101
11111111111110101001001000101010
11111111101010010100001011010001
11111111110000100011100011111110
11111111101100110010010010010000
11111111110101100100100110011101
00000000001010010010111000110110
11111111111001011001001110010100
00000000000100100101100111100101
00000000000101011011000001111011
00000000000101100100010011010100
00000000000110110100100100110000
11111111111100101011111100111110
11111111111111010000000101001011
00000000000110100001011110110111
11111111110111011011011110001011
11111111110011110001000011001110
00000000000000100010011010101101
11111111111110111101001110111101
00000000000111000011111101101100
00000000000011111010000100101111
11111111111011000101111101001000
00000000000110000000110111010110
11111111111011001001010001001111
00000000000011011011110110001000
00000000010110001010010101101101
00000000011101111011100011100010
00000000000110101010010111101101
00000000001000110100011000101111
00000000001100001101001101111001
00000000001011001000110010001010
00000000001010100111111001110001
11111111111101000101110110100010
11111111111100000101110100111011
11111111111111100110111011101101
00000000000001011001000011111001
11111111111101011111000111101010
00000000000101111110001111001011
00000000001000011111011101110111
00000000000110010100111010110011
00000000000110000111110001100011
11111111110010111101111101110010
00000000001000001010110100101100
00000000001000100001000010110011
11111111110110111101000110111001
11111111101100101100111110110101
11111111101100110001101011000101
00000000001011011011101011110010
00000000010011110011001000010111
00000000010101010001000011100011
00000000001000001100100000110101
11111111111000111111000101110111
00000000000110001011110101111000
00000000000011000001001110111111
00000000000010100101101010001101
00000000000010001100111110101001
00000000001000010000000010101111
11111111111111001110110010011111
11111111111111110001100001100000
00000000000001100011010000110001
11111111111100111000111000010100
00000000000010010011100010111111
00000000000000100001110101110011
00000000000110101001111101101011
00000000000001001010000000100100
11111111110010011111101111100010
11111111100110110110110001011100
00000000001011001111010010101100
00000000001010000000011001000100
00000000000100100011110010010001
00000000000011111101111000110111
00000000000101100001010110010101
11111111111110100010011000110001
11111111101000110100101101010000
11111111001111101011101011001110
11111111111000011011010110100110
00000000011000110000101001000111
11111111111011010011001111100111
11111111110101000000111011010100
11111111100010111111011110001011
00000000000010111000000000110010
00000000000011110101101100011011
11111111110100011110001010010011
11111111111101111110101100101100
00000000000111110100100010110110
00000000001001111000010101101001
11111111111010000000001011011100
11111111110111010010011110100111
00000000000001000110000110011110
00000000001010011000100110101000
00000000000100001101100001000000
00000000000001011111000100000100
11111111111110011111010001110000
00000000000010111110110110100101
00000000001000111011000111011101
11111111111110111011101010100100
11111111111011101100111111100110
