00000000000000100010001110000100
00000000000001000010001101101000
00000000001011010110110100011011
00000000000110110100010100000111
00000000000100111101110011000110
00000000000001000011101000111111
11111111111011011011010100110011
00000000001000111010011100001110
11111111111111010011001110100001
11111111111110110000100111110010
00000000000101100011010000111111
11111111110001001010110000010011
11111111111110010100000100111101
11111111111101101101110001111100
11111111111000110111001011101010
00000000000011100001001110110010
11111111111000001011100101010011
11111111110001100010001011101001
11111111110110100110011000011101
11111111110110011000001010110110
00000000000001100001111001101100
00000000001000101010001001011110
11111111111110101111010111011001
11111111110001101011010000000010
00000000000110001011011000011000
11111111111110001100110101011110
11111111111110011100010111101110
11111111111011010001100110111010
11111111111010101110111001011110
11111111111110001110101010001000
00000000000001100100001111011101
00000000000100110111011010001011
11111111111111111010000100001110
11111111111111111001110011111111
11111111110111011010000001010000
00000000000101110100000000001001
00000000000001010110100111101000
00000000001011110101100100110110
00000000000000110001110110001101
11111111110100011011101000101000
11111111111111011010001100011101
00000000000000101010001000111001
00000000000011010111100010001000
11111111111111010101011001000110
11111111111011011100000100110010
11111111110110010001100010111110
00000000000000011111100110100011
00000000000001001110111101001001
11111111111001111100000101000111
11111111111001101101101001011001
11111111111100100100011110000101
11111111111011101001010001000101
00000000000101000011001101101110
00000000000010100000110110111011
00000000000101010101000010011111
11111111111111110100100011101001
11111111111100111111101111100111
11111111111110101111011011010011
00000000001100100101101010101010
00000000001010001110010001101110
11111111111010100110010110010111
11111111110111010000010011010110
00000000001000011001011110001110
00000000001010011111110000101110
00000000000110110010001010100110
11111111111101001110010000010111
11111111111011001110101010001001
00000000000101110000011011000101
00000000000010100101010100101001
00000000000101011000000010010000
00000000000001010011001001010100
00000000000001110110000111101001
00000000010010111010110100101101
00000000000100001100110000001100
11111111111101010001111110011010
00000000000001100100010000010111
00000000000100101101010101010100
00000000001001000110001010010111
00000000000011000011111001001010
11111111111110110100000000110100
11111111111010110001110000110001
11111111110111000111101010100000
11111111110001011010100000000000
11111111110010000110001010000001
11111111111100010010011010001111
11111111111010110001111110101001
11111111111000010001111001110010
11111111111011000000010101000101
11111111110010011001001111011001
00000000000001100100000101010111
11111111110111001001101000111111
00000000000010110101001000000010
11111111111111111111110110000001
11111111111001110100011001111000
00000000010000010001011001111010
11111111101011101111000111110110
11111111111011100011000010001000
00000000001000101110111100001011
00000000000100101101101000100100
00000000000111101111010100101100
00000000000111010011001011111111
00000000000001110000010001000001
00000000000010110111011000110010
11111111111100010011000000001010
00000000000011000111111001101111
11111111111001011011110100100111
11111111111111110000001110110111
00000000000000111101101001110111
00000000000000101110110001010000
11111111110100010010101110000001
11111111111111010101111111000010
11111111110110001111110100010101
11111111110111111101100100111100
11111111110111100101010011101001
11111111110100100111001010101111
11111111110111001011100110111000
11111111111000011100000101110111
11111111110011110101101000110000
11111111110001011001000101101011
11111111110001111100010000011110
11111111111000111110000001111011
00000000000101111111000100101101
11111111110111010110010000011010
11111111110011100101100100010000
11111111111000110111100111111111
11111111111011110101110000001000
11111111111101001001101010010001
00000000000000010100100000100111
00000000000001111000100111101111
00000000000001001100001111010000
11111111111100100111001011100000
00000000000000101100100011000101
00000000000000110000000011110011
11111111111111000010110011010100
11111111111011000100101100001011
00000000000001101001110010001110
00000000000001010011110101010100
00000000000010100111111101010011
11111111111110000001001101110110
00000000000000100001011100100011
00000000000001011110101001110011
00000000000010101101100110101111
00000000000011010110001000001010
11111111111101000110001000100011
00000000000110101001100001010101
11111111111101010110011001101011
11111111111101110001011101100110
11111111111111111100111110000000
11111111111101001101101001000010
00000000000011010000111111111101
00000000001001100111001100100000
00000000000110011101101010101101
00000000000010111110110110100011
00000000000000100111111110111011
00000000000010011001010100111001
00000000000110110101100010100100
00000000000100011000100010100101
11111111111111011011101000001110
11111111110010101011101111011101
11111111110000000101010100011110
11111111111110110111101111000100
11111111110111100101101001110001
11111111110001001101100101101000
11111111110011111100110011010000
00000000000011111110001011100100
11111111111110011101101011000011
00000000000001010011001110101111
11111111111100101101110010110111
00000000001000011100001001001100
00000000010001101000001000010001
11111111110100101100100100111100
00000000000001101000100111000011
00000000001010101001100100110000
00000000001001010010101101101100
00000000001100010100110011111111
11111111111111100001001111001110
00000000001100001110111100010001
00000000001011000101100001100100
00000000001000101000110111101111
11111111111011110001010101010101
00000000000011000100100011101000
00000000000010000000010011101110
00000000000110010111111110110010
11111111111101101101101010000011
11111111110010001010000111001110
00000000000111101010111100001000
00000000000101110111101111110011
11111111111100000101101100101100
11111111111010011011110001100000
11111111111110000011100010101110
11111111111100101101100010011010
11111111111110011101011101001011
11111111111101110101010101101100
00000000001000010111011011100101
00000000000101011000001001100000
00000000000101010111111011111100
00000000000000100101111100010001
11111111110111001001110000010011
11111111110110110111001000111111
11111111110101100110011100011110
00000000001001111100111110011011
11111111111100010011000110110101
00000000000110000110100001010110
00000000000110011000110001010100
11111111110011100101010001100110
00000000000011011101000110111101
11111111111001101010110001001111
00000000001000101001100100011100
00000000000101101000111000000011
11111111111001011010000000110011
00000000000010010001011000001000
11111111111010110101111011010000
00000000001100011010011000100110
00000000000010101110100001100000
11111111111101001000000001100001
00000000000101010011000010001110
11111111111110110010111011001100
00000000000010100001110001110000
00000000000000100001000110101010
11111111100100011010001110101000
11111111111111100111010010100111
00000000001010100111100001111011
00000000000011111101000001000111
11111111110101100011100001111100
11111111101100110000010010101010
00000000000110110110101011010000
00000000000101101100001001010110
00000000010011011111000101111111
00000000000110000000101000111101
00000000000111001110001000101100
11111111111101101111010111101101
11111111111111110111100011010001
00000000000000101101000010110110
00000000000100101011010000010010
11111111110101010101001001110110
11111111111110110100010101100011
11111111110010001001111001100111
11111111101011110011111111010100
00000000000111011101011000101010
11111111110101010001001101010011
11111111111111011110010100011001
11111111111111101011001100110111
11111111111101111101010010011010
00000000001011110100010100111101
00000000000100000100111011011110
11111111111111110101001000100100
11111111111110100110100000001000
11111111111101001001100100100011
00000000000010111111010000101101
00000000000100010110101110110100
