11111111111110111100001000011100
00000000000011011110001101110011
00000000000011110010001111001101
00000000000000001110101001101100
00000000000001011000110100101010
11111111111010010000101100111100
00000000000000110000000111011100
11111111111000000100011100101111
11111111111010010010110101011010
11111111110111100111011000010011
11111111111111101100111000101000
00000000000011110101001100101111
11111111111011101001111001111001
11111111111101100010101000110001
11111111111010001011000101110110
11111111111110100001011111111000
00000000000010000010010000011010
00000000000010110000100100011100
11111111111111001011101000100010
00000000000001011111000100001010
11111111111000101010100011000111
11111111110111001010000010110100
11111111111110110110011111011011
11111111111111101111111111100100
00000000001110011000010000011101
11111111111110100100011100100011
00000000000000100110011010001100
00000000000000000100100110111010
00000000000100111111110111100101
00000000000000011010110110110001
11111111111001001111111011111011
11111111111101110000000010001110
00000000000100011100100001101001
00000000000101000000101111111000
00000000000111000011111101100101
11111111110100101110000110111010
11111111111011010100010110000001
00000000000010110010101111010001
00000000000000110011001011001000
00000000001011001010111100001100
11111111111001001011111111001110
11111111111011000001111011000010
11111111111011010110111000101001
11111111111110100110111100011011
11111111111111110100010110100011
00000000000000110111001101011111
11111111111110110000000010100001
00000000000001011100100001111000
00000000000000111110010111010111
00000000000000101100001010001010
11111111111101011001100101010010
11111111110001001010010111000011
11111111111110001100001000001100
00000000000001110000000010111011
00000000001001011100000000010110
11111111110001010110000011010011
11111111111011010000110110100010
00000000000111101000101001101101
11111111111011110110001000101001
00000000000001111111110000010110
11111111111000110011100010011101
00000000000000100101001100111110
11111111111100111101110101110001
00000000000011001100110011000101
00000000000010010111110001000111
11111111110001001110110010010011
11111111111010101100100000011110
11111111110110000001000000111110
11111111111111000000100000100011
00000000000010101111000111110000
11111111110101001101010101100100
11111111101001010100111000001001
11111111110111000110110001110010
00000000000000111011000110011010
00000000001010001000111001001110
00000000001000000011101101001000
00000000000110110010101110011101
00000000000110111010110110010011
00000000000010111110111011110101
11111111111111100101010100111000
11111111111111100100001101110100
11111111111010010000100111101100
00000000000011001100100000000111
00000000000101011011100010000111
00000000000101000010001010011111
00000000000001111111110000001101
00000000000000101111011000000000
00000000000010111111110001010110
00000000000111001100010110110110
00000000000101010110011010011010
00000000001011011010110100111101
00000000000100010010101101010000
00000000001000101010101100011001
00000000000101000100100101010101
11111111111110000101111010011110
00000000001000101001001011110101
00000000000010001011011000100000
11111111111100001010110101010011
11111111111010011010011010000100
11111111111000111110011100001000
00000000000010101101100010101100
00000000000100011011001110000001
00000000000111110100001100011110
00000000000110011101000100111110
00000000000011000011100010001111
11111111110101110110110111010010
11111111111001001110101001100001
11111111111001111111100010001000
00000000000011000111001001010010
00000000000000100011011110001001
11111111111000111010010100110100
11111111110100001000010000011100
11111111111011000010010000101001
00000000000000110001010111001111
00000000000000111011001011010010
00000000000001011001001101100010
00000000000000101111010100011000
00000000001010010011011101000011
00000000000100001011100110110111
00000000000101100101010001111100
00000000001101000100001111000010
11111111111110001010101001111100
00000000000110001011010001101011
00000000001000010010010110001001
11111111111101010010100110010001
11111111111101100011111100000011
11111111111110011111110010011111
00000000000000100011010001000111
00000000000011110110011111101001
00000000000000111110001110110000
00000000000001010110000111111000
00000000000011001001101001010011
11111111111101100000100110011111
11111111111110101100011111000010
00000000000011100010000011101101
11111111111110110111010110100000
00000000000001011110100100110000
11111111111011111110100100110000
11111111111110010001011010110110
11111111111110001000000111011011
11111111111101001101101101011010
11111111111000100101100111001010
11111111111101111001001010110011
11111111111110011110011110100100
00000000000011010100011111001101
00000000000110011111101000100100
11111111111111010100111001001011
11111111111011011010101111010011
11111111111101100000110100110000
00000000000011110001010111010011
00000000001010010001000011100011
00000000001011111010100110010110
00000000001011001110101111100100
00000000000011100101000011101010
11111111111011101101001110100011
00000000001001110011010101101000
00000000000011011011100100111110
00000000001101011000011000110101
00000000001000100101101010110110
00000000000011011010011000001110
00000000000010110100111011110110
11111111111001110011001011101111
11111111111111001010101110111010
00000000000000000101111001100101
11111111110011110100110011110111
00000000000000110101100110010000
00000000000100110110000101111001
00000000000011100111110100111001
00000000000001111110110111000010
11111111111100001111011010110111
00000000000011010101110010001100
00000000000001001000101101011110
11111111111011001110111001101001
11111111111110011010010110000001
11111111111011001111010111100000
11111111111011000000110111100100
11111111111101001010001111101011
00000000000001001000111111101111
00000000000010001001101011000001
00000000001000100000111101110010
00000000000101010001010011110110
00000000010000000101111111110011
00000000000110101000100111010001
00000000000110111110001101101110
00000000001010100010001100110010
11111111110100010010010110010111
11111111111100110100101000011010
11111111111100111000001011101001
00000000000000010111110110110111
11111111111001100011011110001001
00000000000111101101110010010001
00000000001000001001100001011010
00000000000100011000110111001100
00000000001001011000011110111010
00000000000010101000101111100000
00000000000011010010111100000100
00000000011001000110110010100011
00000000001011101111010011110111
00000000000001010111011111000111
00000000000010000001111011110111
11111111110110011101000001000011
11111111111100010101100100101101
00000000000011010000111001101011
00000000000011111111011000101111
00000000001001110001110000010000
11111111111011101011010100000101
11111111111100100000110011010010
00000000000100000011100001011100
11111111111101010100000110001000
11111111110110010011011100010010
11111111110110011001010110110100
11111111111000000110111011100010
11111111111111110101001011001100
00000000000110011101110111010100
00000000000001011111101011101101
11111111110000000110111011010000
11111111111001011111001011011001
11111111111100101111011101011110
00000000000010111000101110000000
00000000001111101001000111010110
11111111101110011010111010101101
11111111110001101111100000011101
00000000000110110101000000101001
00000000001111110100000011000000
00000000010000101000101000100011
00000000001000001111000000000100
00000000001011110100011100001100
00000000001010000111110000111000
00000000000001010001010000001000
11111111110011000111101011011000
00000000000010110000010111100000
00000000000000010110011010100000
11111111111110100000101001110011
11111111111110001011001101000101
00000000000111100111011010100100
00000000001001111111101011111111
00000000000001011101001101010110
11111111111101010000100110001010
00000000000010011011011001010010
00000000001001101100101000000000
11111111111011110000001110101010
11111111111110000001001110000100
11111111111101000100010100101101
00000000000000000000101011011101
00000000000010110010010101000010
00000000000110101100101001100101
11111111111110010101010100110011
11111111111101110100010000000101
11111111111000001000011110011001
11111111111110100001100011110001
