11111111111111101111001010010001
11111111111111001000001101111001
00000000000000110111000110000011
11111111111101101010000001101111
11111111111111010000010001110010
11111111111100010000011011011011
11111111111110111000110011100101
11111111111010011000000110111010
11111111111101101010001001011000
11111111111111111011000011000010
11111111111110100101001000001101
11111111111101101011001100101101
11111111111101110011100100111011
11111111111101101100101010111111
11111111111011000001110011010000
11111111111010000010101000111101
11111111111011011010100000011110
00000000000000101111111111101110
00000000000000101110110100000000
11111111111100001010100001111110
11111111111111011010111101111100
11111111111110010001010000111011
00000000000000000000101110010110
00000000000001100111010101001001
00000000000001110010001101111100
11111111111111011000000011110000
11111111111011000011101100101101
00000000000000100110010001100100
11111111111011001000101011011000
00000000000000110000011001100011
11111111111111001100100010000010
00000000000000111010011001100011
11111111111100010000001001000100
11111111111011011010011000111000
11111111111010100000011100000010
11111111111110101110011101111000
11111111111011000110110111110001
00000000000010000011111101011101
00000000000001010000001011000001
11111111111111110101110001110010
11111111111011100000101100010001
11111111111010011100100001110111
11111111111101101011110110001001
11111111111100101101110101011010
11111111111011111000110010010000
11111111111110100110100011110110
00000000000000111100000101100001
00000000000000011100010101100000
00000000000000011101100111000010
11111111111001110000111001110001
00000000000001110101111000111010
11111111111011100101000111011001
11111111111111000111111101010101
11111111111011101110011110000000
11111111111111000111000011010001
11111111111000101111010010101111
00000000000011101110101010001100
11111111111011110010101001100001
00000000000001010110000000110110
11111111111111011010010100011100
11111111111111001001010000010110
00000000000010011101000001001110
11111111111110111001010011111110
11111111111111111110101011111001
11111111111010101110111010110111
00000000000000110110101011110010
00000000000000001001000010110100
11111111111011110011001101101011
11111111111101000101111111101001
00000000000000011000010000111000
11111111111101111000100000110011
00000000000100010000101100111010
00000000000010001011111100001110
11111111111111101000101001100111
11111111111101010110101101111111
00000000000000000111011110101010
11111111111110011110011001100110
00000000000000011100000100001001
00000000000000111111000011001111
11111111111110011111010011111011
11111111111001101101010110100110
11111111111100011110011110011001
11111111111011000110001100001100
11111111111001100101011010001001
11111111111001010111010101111111
11111111111100010110111011110011
00000000000001011001110011011001
00000000000000110001101101001010
11111111111101011110001011011011
11111111111101100100011110010110
11111111111111000001011011111111
11111111111011100110100111111101
11111111111010101101010010101001
11111111111110001110011100011011
11111111111001110110110001110011
11111111111110111001010110011000
11111111111011000111010000001111
11111111111001111010010100000011
11111111111111011000111000101011
11111111111010110110101101110010
11111111111110010010110011110011
00000000000000100000110111010001
11111111111011010011111100101100
00000000000000100110110110001011
11111111111011011000001111011110
00000000000000100001000101101000
11111111111101000100110110111110
11111111111111011110110001000011
11111111111110001110100101110010
11111111111110001110100100010110
11111111111101101100000111101000
11111111111110000111010111011110
00000000000000011101000001111011
11111111111111001111110000010011
11111111111111110000001110100101
11111111111011100111101000110110
11111111111011100100000010110101
11111111111101000100000111010101
11111111111101010110011011010011
11111111111111010000001000000100
11111111111111110101110001101001
11111111111011000100110001110101
00000000000000001111001101100011
11111111111010101111101100101110
11111111111111010110101110001011
11111111111111011011001000001111
11111111111110011000111000000001
00000000000001111110001110110110
11111111111101000101100001100000
00000000000001111111011010100010
11111111111110010010011111100010
11111111111111010100111011011000
00000000000001001100010111101100
11111111111101110100111111010110
11111111111111001010010000111011
11111111111110010010101110011101
00000000000000111110011100010000
11111111111101010010100110001111
00000000000011010011000100111111
00000000000010011011000000100001
11111111111111111011011111100010
11111111111101011000010111011110
11111111111111011100101100000110
11111111111111010110100101000001
11111111111110001111001111011000
11111111111110010110100111101010
11111111111110111110101111010111
11111111111111110010101110001000
11111111111110000011100001011011
00000000000011001110110011001001
00000000000000011100001110101100
11111111111110010000101110001001
11111111111110010000000010101000
11111111111010000000101110001101
00000000000101000000101011110101
11111111111010110110110011010111
00000000000000001111010100010100
11111111111011011011011101000001
11111111111010000101100001100111
11111111111011000111110001111101
11111111111101010011000001111111
00000000000000001100111001001011
11111111111011111000000011110000
11111111111001011110110111100011
11111111111001111001011100111001
11111111111110101001110101101010
11111111111110000111100001101000
11111111111100101111101000110111
11111111111010000100011100100010
11111111111001111010101110101110
11111111111001010111110100100111
11111111111011100111011010010010
11111111111011101111011001000000
11111111111111001110010011000010
11111111111100010010010010010001
11111111111110000000000011111000
11111111111100110010010011001011
00000000000000110011010101111100
11111111111110101000001010000101
11111111111010100010101111000011
11111111111001100101101001001000
11111111111101100100100010100100
11111111111110101000111000110100
11111111111101110111001111111111
11111111111110100111111110000010
11111111111110010001101101000001
11111111111011100011000010010000
00000000000000001111010010010101
11111111111101110110111000100101
00000000000010100001001000000001
00000000000000011110010111111000
11111111111110110111011111100000
11111111111011100000011100111110
00000000000000010110110000111011
11111111111111010010000001110011
00000000000011110000000111110011
00000000000010100110010100101000
11111111111010111011101000011111
11111111111111001100101100100100
11111111111100011010011111101010
00000000000001010110000010110110
00000000000010001100011110010111
11111111111110111101111111000110
11111111111101010111010000101111
11111111111101110010101110011100
11111111111011100001001110100000
00000000000001000011110011011011
11111111111111100000010110110110
11111111111110010100001011010111
11111111111011100011110011011011
11111111111001110101110111100000
00000000000010011111011001011101
00000000000010111100101111010101
00000000000000101011001000000101
11111111111110111000100100100110
11111111111011010111000101111001
00000000000001010111011011000101
11111111111110001010011010000100
00000000000000111011011010011010
11111111111111001111000100100101
11111111111011111101110000110110
11111111111100000100110011110000
11111111111110111111111011110001
11111111111111100011100001001011
11111111111011011001000100110010
00000000000000011001101011110101
00000000000001011000011101111111
00000000000000001011111100111000
11111111111110000111110011010011
00000000000011001011111001110001
11111111111011001010010110101000
11111111111110001010000110010110
11111111111010111111100011000100
11111111111111111111000000001001
00000000000011011111110001100001
00000000000010101000110110000101
11111111111111101010010000111111
11111111111001100111111011010100
00000000000000110000100101011001
11111111111110100101011111011101
00000000000010011000111000100001
00000000000101100001101000001101
11111111111111010100000101010101
11111111111100111100011101000010
00000000000100001000010011000010
00000000000001000011010001111000
11111111111110011001011011100001
11111111111100011101111010011011
11111111111111000110100000101110
11111111111100111101101001110111
