11111111111011011111001101111011
11111111110101001101101100110001
00000000000110001100101100000101
00000000001011011110110100001110
00000000000001001110000111000001
00000000000110100001110011001010
00000000000111000000000001100111
00000000001100100100010101110111
00000000010000110100000000100011
00000000000010000001000000010011
11111111111110010000101110001000
11111111111010101001100101110001
00000000000110100100110110000110
11111111111111111100000100010000
11111111111000000111010000010100
11111111111011011111110010111110
11111111110101110111000111011111
11111111111011100010111011010010
11111111111000100001101101111011
11111111110111110111010111101011
00000000000001001110010101001111
00000000000001011010110001011110
00000000001001000110011110010110
00000000000010110000000111111100
00000000010000100100000001011111
11111111111001101001001101000001
00000000000110000011101111100001
00000000000001110010111010100110
11111111111111100100000111001000
11111111111110010001101000111101
00000000001000000000100010101111
00000000000101100111010110001101
11111111111111111110110010001110
00000000001000101011011101001011
11111111111011011100100110010100
00000000000111010011101001010000
00000000000010011111010001101100
11111111111110110111100010110010
00000000000011110110111000000100
11111111111001011101011001100011
00000000001000001110100011110111
11111111111001111000001001110011
11111111111110000110100111110011
11111111111101001100110000000001
11111111111001111011000000101001
11111111111101001110000101000101
11111111111110010011111011110011
00000000000011011110000011001110
11111111111001101100110011010000
11111111111011011110100010100000
11111111111001110010010011001101
11111111110101110101101100010010
00000000000100000100101000101111
11111111111010101111100000100000
00000000000010011110101111011111
00000000001010010010111100100111
00000000000110011101101010001000
00000000000011010101000111100101
00000000000101001101110111010101
11111111111111101111100101110110
11111111111011111110101010100000
11111111111101010000001100100001
00000000000001101000010100011110
00000000000001110010001001100100
00000000000100010100000000101000
00000000000101010111000110111011
11111111111111001010111111010101
00000000001010100110011011010111
00000000000101100100010001101110
11111111111111100110010100001011
00000000000001110101000011001101
00000000001010100100101010111111
00000000010010111010100101110001
00000000000010011100010110101000
11111111111101010011010111001010
11111111111100101001001000100100
00000000000001000000100111111110
00000000000011110100101111111100
00000000000100101011111011111100
11111111111010011011111010100010
00000000000010000101001110101001
00000000000101000001000011010100
11111111111111101100101110000000
11111111110110000010111111000000
11111111110010101000110100010000
00000000000100111100000000000000
00000000000011100001001010110111
11111111111110100011100111100101
11111111111000010001001111111000
11111111110010110000011111000001
11111111111010011101110110110001
11111111111110100000110011011011
11111111111010010100101100010111
11111111110111110111110010110011
11111111111110110111001101110000
11111111111001110000110001010010
00000000000101101010010001111111
00000000000001001011100010110010
00000000000110110011010010101010
00000000010011011101000010001111
11111111111011010100100010001010
00000000000101011110111011110001
00000000000111011001000001010110
00000000001000001001000101111111
11111111111111011011000100011011
00000000000011111110001100011001
00000000000010000110111011000111
00000000000011000011001111011111
00000000000110101000011101011011
11111111111111001101100100101111
00000000001000111100101101110000
00000000000110100110111100110100
00000000000000001111000000100110
11111111110101100110001000011000
11111111111000101011110000001001
11111111111111000110111101001110
11111111111110011110011111101110
11111111110101011110001110111001
11111111101100110101101001001100
11111111110011111000101000101111
11111111111011110011000110100000
00000000000000111010111011110100
11111111111001000110010000110100
11111111111011101101011110111101
00000000000101000001011111101110
00000000000001011010001110000010
11111111111111101000101000010110
11111111111010111000000101001010
11111111111110110101001010011010
00000000000000001110010111001100
11111111111111011011101000110011
00000000000100011100011110100000
11111111111110001100111101000101
00000000000000111111100111011010
11111111111100011111100100010100
11111111111111101101110100110001
00000000000101101100011111101110
11111111111110010110011100111100
11111111111101011010110110011001
11111111111100101000101010001011
11111111111101110001100010110111
00000000000010000100001111110010
00000000000000101111001010000010
00000000000000111110011110101111
00000000000001011101100001000111
11111111111010001100111101001111
00000000000001010001001111111011
11111111111010100010100100110100
11111111111110111100011111110001
00000000000001111011100010110000
11111111111101000111101011010110
00000000000001101110001100011011
00000000000000011000010011100011
11111111111101110011000111101101
11111111111000011101101010110101
11111111111011001101011101111001
00000000000010010000010110110010
11111111111000010011101000100101
11111111110001010101111111101110
11111111101101000000101011000000
00000000001000000111000111001110
00000000001101111010010010110011
00000000000010101011100100011111
11111111111000001001010101101001
11111111111001011001000000011001
00000000000001101100000101011011
00000000000000111011111111100000
11111111110110010110111111101001
11111111110100110111001001100000
00000000000011001101000010010010
00000000000101111011110100010010
00000000000000100001100001000101
00000000000010111101111011001000
00000000001011000100101101101101
00000000001011000111000011100101
00000000001000000101100110101000
00000000001000110011100011010010
11111111111110011101000010010011
11111111110101000101011000111110
11111111101000001010111110101101
11111111110011001101101101010000
11111111101011011000010101000101
11111111110010111100000001110001
11111111111011100001110111101111
00000000000001101110000100111010
00000000000100110001110001101010
00000000000011000111100011110110
11111111111101001101101010101111
11111111111100000001000101110101
00000000001101000100101111010010
11111111111111000110010001100001
00000000001001011111000011001110
00000000000100000101001111001000
00000000000011101111000110011100
11111111110111100001101001011000
11111111111110101100001001110101
00000000000001010100111111000101
11111111111100100011001000100110
11111111110100100011110101100111
11111111101111110001010011101000
00000000000010110111110000000101
00000000000010101000110010110101
11111111111111110000010110101000
00000000001000100010101100001110
00000000000010001100110110101101
11111111111101100011011001101110
00000000000000011100001101010001
00000000000001000110101010001100
00000000000100001110010000010011
11111111111011000011101101011101
00000000000011000111101011001111
11111111111101001101010000110000
00000000000010010000000000100111
00000000001101101101111011111001
11111111111101000101011000111100
00000000000010101000100001001111
11111111111111010011011010000111
11111111111110100001110011101100
00000000000001001000111000111100
11111111111011011011011010100001
00000000000111111100011011000001
00000000010001011010010101011010
00000000000000000101101001011010
00000000000001111011110101101010
00000000001010001110000110100001
11111111111000111110000001100011
11111111111111010101110110101001
00000000000100101011111100101110
11111111111111011001001111111001
11111111101111000010100010111100
00000000000011011010111000110101
11111111111101100101001100100111
11111111111110011011110101011101
11111111111101100000000001010110
11111111110100101000011011000011
11111111111111000111000010110000
00000000000110010100010000010101
00000000000110111110010011001001
00000000000010000000000011001100
11111111111111010010010100011010
11111111111000011010110010001011
00000000000100011001010111111110
11111111111100101001101101000010
00000000000100000110010110000110
11111111111001001000100000100111
11111111111100010111001001110100
11111111111111010111000100010100
11111111111100110110011110000111
00000000000000001000001011101001
11111111111011001010010111111111
