00000000000011011100011000011001
00000000001111100000100011000000
11111111110100010110001110010100
11111111111101011011110011110010
11111111110110011011111100010100
00000000000001001010001110110010
11111111111000011010100110101101
11111111111001000111101001111001
11111111111101000000111100100000
00000000001000011111011110011011
11111111111110101011101101100001
11111111111101110000101010001001
11111111111010101000001001000001
00000000000001001001100011000110
00000000001000010100110001100111
00000000000011010011111101111000
00000000001011000011010100000101
00000000000010110010101110001000
00000000000001111010011001101110
11111111111000011101010000001001
00000000000011111110101000100110
11111111111101010010010111110001
11111111111100100101101111101110
11111111111010100011011010101000
11111111101100111100110001010000
00000000001001011000000101101001
11111111110111111010100011010101
11111111111011111111101100100010
11111111111011111110110011100000
00000000000011110011010110010000
11111111111101011110101001000101
11111111111101000110110010000111
00000000000000001010000100111011
11111111111011110011010010001010
00000000001000101000011010110011
00000000000110001011001110100000
00000000000111000100010101101111
11111111111000100100001000100111
11111111111111100000111001101000
00000000000010001000101010010001
00000000000000001101010101111110
00000000000111110011000010100100
00000000000100110111101010111111
00000000000011000011100000101011
00000000000111011010001110010111
11111111111101110100000001010111
00000000001001010000011011000111
00000000000101010111100011111101
00000000001010100011110111011011
00000000000000010110100100001010
00000000001001111000001011000111
00000000011110000100010100011110
00000000000101111100110110000101
00000000000011011110111110011111
00000000000010001100011000000100
00000000000111000101010000100001
00000000000010101000001001011111
00000000000000101110011111111011
00000000000101000111011010100001
00000000000010011010000111001001
00000000000010000010010101100010
00000000001001000000110100110011
00000000000001010000011011010101
11111111111110000111111011000011
11111111111011100101001111111101
11111111111101000001101010001110
00000000000011000110101010100011
00000000000000001101010111110111
00000000000000001000111111110101
00000000000011000010011100101111
00000000000001010000110000101110
11111111111110101011001100011100
00000000000100100001000100010101
11111111111100011101001110001100
11111111111101110001001000111001
11111111111001110001001100110000
11111111110110000001110000011110
11111111110110111001010001000010
11111111110110100010110011000010
11111111111000100010111110110110
00000000001010001100110001010010
11111111111100100010111111100010
00000000000100100001001001000101
00000000001101101110011111110000
00000000001100100110010000101011
11111111111110001000101011000011
11111111111101001100010001010101
00000000000101011001011010100100
00000000001000001010000111111111
00000000001110000000010000000110
00000000000111001111011100001001
11111111111101101111000110101111
00000000000010100000000000110111
00000000001101100001010101010001
00000000000011111101101110100010
11111111111110101011111110000001
00000000000010011011001110110101
00000000000010110000101111100101
11111111111100111010001111101100
11111111111010000001000010000111
00000000000001011101010110000111
11111111111010110000101010001010
11111111110100000100010000001000
11111111110011100101101110010000
11111111111111110000111000011001
00000000001010100100111010101000
11111111111111011100111100011111
00000000000010000101001010000000
11111111111010111100001101001010
11111111111101011011000000000111
00000000000000110100000100100011
00000000000101000101000011100010
11111111111100111110001101110100
00000000000101010101011001110111
00000000001011010011110111001110
00000000000110110111011110111010
00000000001001001110100000101011
00000000001001011110101011101110
00000000001100011110111010000100
00000000000101010000100110000010
11111111111100001111001100011111
00000000000001001100110101001100
11111111111011100101101000101100
11111111110101111011101111000000
11111111111000000001101011100110
00000000000011111000000101010111
00000000000011111101011111110100
00000000000110100100100111000010
00000000000001001010000010111000
00000000000000110001101000010011
00000000000000100001010110001000
11111111111110000011110001010011
11111111111111100000001111111001
00000000000101010010010101111001
11111111111110111101111110010101
00000000000010010100110011011110
00000000000000011110101110010100
00000000000011010010001011011100
00000000000010101011011110000110
00000000000000000011110011010001
00000000000000101001111000000001
11111111111111111010110111100110
11111111111011101101000000100111
11111111111111101101001000001111
11111111111110010011010000010011
11111111111111101100101110000100
00000000000001001000000111101001
00000000000101110100101110000111
11111111111100011011100101110110
00000000000001010110000001111010
11111111111011101100110111111001
11111111110011110000011010001011
11111111101101011001100100111111
11111111110000100101111010110000
11111111111100001111111001010000
11111111111101000101110011100010
11111111111101001001111011101010
11111111111011101000100000101000
11111111111101111010111001000101
00000000001110101100011110011010
11111111111111001101011000000011
00000000000000011011011001011111
00000000000100111110111011010100
00000000001001111011110100000001
00000000010010110100110111110110
00000000000100101011100011011010
00000000000010100101010110000110
00000000000101100101011110011010
00000000001000101101011000100100
11111111111100011001101100001000
11111111111011000011111110010110
00000000000101001100001001001111
00000000000010111101000111010111
00000000000011111101001100001000
11111111110101011000110111101111
00000000000001111010000101010001
11111111111111111010001111110110
00000000000101111100000111011100
00000000000011101111100011011111
00000000010010101000101110101101
00000000010000010000100111110000
00000000001001101011111011000010
11111111111111111000110111011000
11111111111000001110000001111100
11111111111100100100011110010100
00000000000100100101101000011001
00000000000101100010010111111001
00000000000110011010011100000000
11111111111110000100000100101111
11111111111110101010001011101001
11111111111011100110110000101010
00000000000100000001000110001111
00000000000011100011011101110101
11111111111000000001001110110111
00000000000100011001111100011000
11111111111001000110011111110010
11111111111001100100011110101000
11111111111001010111000001011110
11111111111100111000101000100111
00000000000100000010010011100001
00000000001000111000001110100010
00000000000101000110110100001110
00000000000011010010110000010000
11111111111110111000110110111001
00000000000101110111001100110111
00000000001000100010001101011011
00000000000100010101110110011001
00000000000010010011000100101000
00000000000100100000010111111111
00000000000101101011011010010100
11111111111100010111110000111001
00000000000101101101101101111100
00000000000011001000001100101101
00000000000011001001100111101111
00000000000111111101111100101100
11111111111111000000111111111000
00000000001010111010011110101000
00000000000001010010010000100011
11111111111101110110010000110011
11111111111011000000011111001010
00000000000001010011110000000111
00000000000000110001111111011101
11111111101100111010110111110011
11111111111000110111001000011000
11111111110000101100011010100110
00000000000011100100011111001100
11111111111010000010110110010110
11111111101001110100101110001010
11111111111010010001010110111111
00000000001101111001010000011111
11111111110110111110010101010010
11111111111000111111110110101100
11111111111001011110010011001111
00000000000011010101110011100110
00000000000110110110000110000001
11111111111111001010100011010111
11111111111011110001101000011111
11111111111111010011100011001101
00000000001010010110011110011111
11111111111100101100000001011001
00000000000011011100101111011000
11111111111101110001000111101100
00000000000110000110101100100110
11111111111101011101001100101010
00000000000001101010110110011110
00000000000110011101111100010110
00000000000111000011100001101101
00000000000100010001011100001111
00000000001010110100010001000111
00000000000111001110011111101110
