11111111111100001010101001000011
00000000000010110001010101101101
00000000000011100010010101110111
11111111111111011101111100111100
00000000000000100111110001101100
11111111111101101010000011011111
00000000000111001001110011100010
11111111111101100000101011001010
00000000000010101011011011000011
00000000000110011001011100010001
11111111111011011110101000110001
00000000000011101010101110010101
00000000000010101101101011010010
11111111111111110011001001010010
11111111111001011011110010011010
11111111111110111111101100001001
11111111110111000010110000110001
00000000001001011000110110010101
11111111111111111011000001001111
00000000000110110001001010001100
00000000000001110001001100111000
00000000000001111100001101111001
00000000000010101001110001001000
00000000000001010100110001001000
00000000000110001110001011000001
00000000000100100100100001011110
11111111111011100100111010011101
11111111111101000110011111001000
00000000000001100011101101011010
00000000001011010001100110000000
11111111111110001011111011001100
11111111111111011000011111100010
00000000000000011001111011111001
00000000000010101101100000110011
00000000000100010010001011111010
00000000000110001001010000100011
00000000000011101000101001010010
00000000000000101011000101100100
00000000000111100001100100001101
11111111111110100101100100001110
00000000000011011101001111000000
00000000000010110111011010110100
11111111111110111110001100011011
00000000000101111110101000010100
11111111111111100111010101010011
00000000000000001111010111111110
00000000000010111000001100001011
00000000001001000001011000010000
00000000000000001111001101101011
00000000000111011101101000101010
00000000000010011000111111001100
00000000000000011011001000001000
11111111111110100000111011010011
11111111111111100111010000110000
11111111111001101110001101110001
11111111111100100101110010111100
00000000000011000101001100110010
11111111111101100110101010111100
00000000000110000111000110000110
00000000000110001111100110000001
