   0    0    0    0    0    0    0    0    0    0    0    0    0    0    0    0    0    0    0    0    0    0    0    0    0    0    0    0 
   0    0    0    0    0    0    0    0    0    0    0    0    0    0    0    0    0    0    0    0    0    0    0    0    0    0    0    0 
   0    0    0    0    0    0    0    0    0    0    0    0    0    0    0    0    0    0    0    0    0    0    0    0    0    0    0    0 
   0    0    0    0    0    0    0    0    0    0    0    0    0    0    0    0    0    0    0    0    0    2    0    5    1    0    0    0 
   0    0    0    0    0    1    0    2    0    0    0    0    0    0    0    0    0    0    0    0    0    8    8    8    1    0    0    0 
   0    0    0    0    0    5    4    5    0    0    0    0    0    0    0    0    0    0    0    0    9   22   18    8    1    0    0    0 
   0    0    0    0   11   12   11    5    0    0    0    0    0    0    0    0    0    0    0    0   20   32   24    9    0    0    0    0 
   0    0    0    0   24   23   17    5    0    0    0    0    0    0    0    0    0    0    0    0   36   37   19    0    0    0    0    0 
   0    0    0    0   33   30   15    3    0    0    0    0    0    0    0    0    0    0    0    0   45   37   15    0    0    0    0    0 
   0    0    0    0   39   33   13    0    0    0    0    0    0    0    0    0    0    0    0   12   54   33    9    0    0    0    0    0 
   0    0    0    0   45   34   10    0    0    0    0    0    0    0    0    0    0    0    0   33   53   27    2    0    0    0    0    0 
   0    0    0    0   52   32   10    0    0    0    0    0    0    0    0    0    0    0    0   54   50   19    0    0    0    0    0    0 
   0    0    0   11   49   29    6    0    0    0    0    0    0    0    0    0    0    0   10   66   42   14    0    0    0    0    0    0 
   0    0    0    4   22    1    0    0    0    0    0    0    0    0    0    0    0    0   40   60   31    6    0    0    0    0    0    0 
   0    0    0    0   10    0    0    0    0    0    2   12   11   19   21   18    0    0   49   52   20    0    0    0    0    0    0    0 
   0    0    0    6   18   10    5    6   18   22   27   28   25   23   22    0    0    0   49   39   15    0    0    0    0    0    0    0 
   0    0    0    3   11   10   11   15   25   23   23   15   10    7    4    0    0    0   48   32   12    0    0    0    0    0    0    0 
   0    0    0    0    2    0    0    0    1    1    0    0    0    0    0    0    0    6   55   31    7    0    0    0    0    0    0    0 
   0    0    0    0    2    0    0    0    0    0    0    0    0    0    0    0    0   18   46   23    2    0    0    0    0    0    0    0 
   0    0    0    0    0    0    0    0    0    0    0    0    0    0    0    0    0   17   42   20    3    0    0    0    0    0    0    0 
   0    0    0    0    0    0    0    0    0    0    0    0    0    0    0    0    0   12   39   23    4    3    0    0    0    0    0    0 
   0    0    0    0    0    0    0    0    0    0    0    0    0    0    0    0    0    6   41   26    6    3    0    0    0    0    0    0 
   0    0    0    0    0    0    0    0    0    0    0    0    0    0    0    0    0    0   47   26    8    2    0    0    0    0    0    0 
   0    0    0    0    0    0    0    0    0    0    0    0    0    0    0    0    0   18   49   24    4    0    0    0    0    0    0    0 
   0    0    0    0    0    0    0    0    0    0    0    0    0    0    0    0    0   19   37   13    0    0    0    0    0    0    0    0 
   0    0    0    0    0    0    0    0    0    0    0    0    0    0    0    0    0    7   13    0    0    0    0    0    0    0    0    0 
   0    0    0    0    0    0    0    0    0    0    0    0    0    0    0    0    0    5    2    0    0    0    0    0    0    0    0    0 
   0    0    0    0    0    0    0    0    0    0    0    0    0    0    0    0    0    0    0    0    0    0    0    0    0    0    0    0 
