  13    5    0    0    0    0    0   11   21    9 
  22    9    1    0    0    0    2   24   25    5 
  25    7    1    0    0    0    9   29   13    0 
  11    0    0    0    0    0   10   21    3    0 
   0    0    0    0    0    0   20   23    7    0 
   2    2   17   27   29   33   42   25    0    0 
   4    1   13   19    6    6    6    0    0    0 
   0    0    0    0    0    0    0    0    0    0 
   0    0    0    0    0    0    4    7    0    0 
   0    0    0    0    0    0    4    0    0    0 
