   0    0    0    0    0    0    0    0    0    0    0    0    0    0    0    0    0    0    0    0    0    0    0    0    0    0    0    0 
   0    0    0    0    0    0    0    0    0    0    0    0    0    0    0    0    0    0    0    0    0    0    0    0    0    0    0    0 
   0    0    0    0    0    0    0    0    0    0    0    0    0    0    0    0    0    0    0    0    0    0    0    0    0    0    0    0 
   0    0    0    0    0    0    0    0    0    0    0    0    0    0    0    0    0    0    0    3    1    0    0    0    0    0    0    0 
   0    0    0    1    0    0    0    0    0    0    0    0    0    0    0    0    0    0    3    9    4    0    0    0    0    0    0    0 
   0    0    3    5    2    0    0    0    0    0    0    0    0    0    0    0    0    0    6   16   12    1    0    2    0    0    0    0 
   0    0    7   11    5    0    0    0    0    0    0    0    0    0    0    0    0    0    9   18   24   17    6    4    1    0    0    0 
   0    0   11   18   15    5    0    2    0    0    0    0    0    0    0    0    0    3   13   22   21   14   10    9    1    0    0    0 
   0    0   13   23   22   12    7    3    0    0    0    0    0    0    0    0    0    7   17   23   22   16   15    8    0    0    0    0 
   0    2   14   27   27   15    9    4    0    0    0    0    0    0    0    0    0   12   22   26   25   18   13    7    0    0    0    0 
   0    6   17   27   26   16   12    5    0    0    0    0    0    0    0    0    2   13   30   32   24   19   13    4    0    0    0    0 
   0    8   21   29   29   19   13    6    0    0    0    0    0    0    1    2    9   16   25   28   21   19   13    2    0    0    0    0 
   0    9   25   32   30   22   13    5    0    2    2    2    2    2    4    5   10   17   21   27   25   19   12    1    0    0    0    0 
   0    8   26   36   33   25   15    5    1    3    4    3    4    4    5    8   16   28   34   35   26   18    8    0    0    0    0    0 
   0    6   23   39   39   32   22   12    8    9    9   11   13   17   17   19   38   54   48   33   20   13    5    0    0    0    0    0 
   0    2   16   37   44   40   31   24   23   24   26   32   33   36   39   43   49   54   44   27   18   11    1    0    0    0    0    0 
   0    0    6   24   40   45   46   42   41   41   40   39   35   30   22   25   30   35   38   26   17   10    0    0    0    0    0    0 
   0    0    0    2   15   26   29   29   28   26   20   13    8    7    6   14   28   32   32   25   16    7    0    0    0    0    0    0 
   0    0    0    0    0    1    3    4    4    4    5    4    2    0    0    9   27   34   29   22   13    3    0    0    0    0    0    0 
   0    0    0    0    0    0    0    0    0    0    0    0    0    0    0    9   26   36   28   17   10    2    0    0    0    0    0    0 
   0    0    0    0    0    0    0    0    0    0    0    0    0    0    0    9   26   37   30   17    8    1    0    0    0    0    0    0 
   0    0    0    0    0    0    0    0    0    0    0    0    0    0    0    9   26   39   32   20    9    1    0    0    0    0    0    0 
   0    0    0    0    0    0    0    0    0    0    0    0    0    0    0    8   26   39   34   21   10    3    0    0    0    0    0    0 
   0    0    0    0    0    0    0    0    0    0    0    0    0    0    0    5   22   35   35   29   17    6    0    0    0    0    0    0 
   0    0    0    0    0    0    0    0    0    0    0    0    0    0    0    1   12   29   34   27   19    7    0    0    0    0    0    0 
   0    0    0    0    0    0    0    0    0    0    0    0    0    0    0    0    1   14   27   23   11    3    0    0    0    0    0    0 
   0    0    0    0    0    0    0    0    0    0    0    0    0    0    0    0    0    0    1    5    5    2    0    0    0    0    0    0 
   0    0    0    0    0    0    0    0    0    0    0    0    0    0    0    0    0    0    0    0    0    0    0    0    0    0    0    0 
