   0    0    0    0    0    0    0    0    0    0 
   0    0    0    0    0    2    1    0    0    0 
   0    0    0    0    0    0    0    0    0    0 
   0    0    0    0    0    0    0    0    0    0 
   0    0    0    0    0    0    0    0    4    3 
  10   19   32   37   40   32    6    0    2    4 
  40   37   34   26    8    0    1    0    0    0 
   0    0    0    0    0    0    0    0    0    0 
   0    0    0    0    0    0    0    0    0    0 
   0    0    0    0    0    0    4   15   17    8 
