 -11  -10  -11   -5   -3    0   -3  -17  -14   -8 
 -11   -7   -8   -4   -3    2    1  -16  -15   -9 
 -10  -10   -9   -5   -5   -8  -16  -11  -10  -13 
  -6  -10  -18  -23  -33  -44  -48  -20   -9   -7 
 -13  -18  -30  -35  -32  -26  -27   -9    4    3 
  10   19   32   37   40   32    6   -1    2    4 
  40   37   34   26    8   -1    1   -1   -3   -1 
  -6  -10  -15  -14  -13  -13  -10   -4   -5   -6 
 -11   -9   -8   -3   -2   -7  -15   -2    0   -4 
  -2   -3   -1   -1    0   -2    4   15   17    8 
