  13    5   -3   -2   -2   -6   -5   11   21    9 
  22    9    1   -1   -4   -7    2   24   25    5 
  25    7    1   -1   -5  -13    9   29   13   -4 
  11   -2   -2   -3   -7  -12   10   21    3   -8 
  -4   -6   -2   -4   -2    0   20   23    7   -6 
   2    2   17   27   29   33   42   25   -8  -12 
   4    1   13   19    6    6    6   -8  -28  -21 
 -24  -35  -39  -42  -47  -37  -17   -3  -14  -14 
 -15  -22  -25  -26  -29  -16    4    7  -13   -9 
  -2   -2   -3   -2   -6   -1    4   -1   -7    0 
