   0    0    0    0    0    0    0    0    0    0    0    0    0    0 
   0    0    0    0    0    0    0    0    0    3    1    0    0    0 
   0    5    2    0    0    0    0    0    0   16   12    2    0    0 
   0   18   15    2    0    0    0    0    3   22   24   10    1    0 
   2   27   27    9    0    0    0    0   12   26   25   15    0    0 
   8   29   29   13    0    0    0    2   16   32   24   13    0    0 
   9   36   33   15    3    4    4    8   28   35   26   12    0    0 
   6   39   44   31   24   32   36   43   54   48   20    5    0    0 
   0   24   45   46   41   40   35   25   35   38   17    0    0    0 
   0    0    1    4    4    5    2    9   36   29   13    0    0    0 
   0    0    0    0    0    0    0    9   39   32    9    0    0    0 
   0    0    0    0    0    0    0    8   39   35   17    0    0    0 
   0    0    0    0    0    0    0    1   29   34   19    0    0    0 
   0    0    0    0    0    0    0    0    0    5    5    0    0    0 
