   0    0    0    0    0    0    0    0    0    0    0    0    0    0 
   0    0    0    0    0    0    0    0    0    0    2    5    1    0 
   0    0    5    5    0    0    0    0    0    0   22   18    1    0 
   0    0   24   17    0    0    0    0    0    0   37   24    0    0 
   0    0   39   15    0    0    0    0    0   12   54   15    0    0 
   0    0   52   10    0    0    0    0    0   54   53    2    0    0 
   0   11   49    6    0    0    0    0    0   66   42    0    0    0 
   0    6   18    6   22   28   25   22    0   52   20    0    0    0 
   0    3   11   15   25   23   10    4    6   55   12    0    0    0 
   0    0    2    0    0    0    0    0   18   46    3    0    0    0 
   0    0    0    0    0    0    0    0   12   41    6    0    0    0 
   0    0    0    0    0    0    0    0   18   49    8    0    0    0 
   0    0    0    0    0    0    0    0   19   37    0    0    0    0 
   0    0    0    0    0    0    0    0    5    2    0    0    0    0 
