00000000000100001011000010111001
00000000001100011101001101000000
00000000000001100010010100011000
11111111111111001100100110101000
11111111111000011001000000110010
11111111111111011101100000001101
00000000000101011100010011010000
00000000000010111000100011100000
11111111111000100001101110011001
11111111110010101001101110101001
00000000000100000000101110100001
11111111111101011110000010000100
00000000001000111001110000110010
00000000001001110010111111010100
00000000001000101000111010000111
00000000000001000011111110001010
00000000000110010010011010010110
00000000001001100110101000010010
00000000000110100011110000000000
11111111110111010010110000000110
11111111111010100001101001011011
00000000001011111101010000000001
00000000010011010001100101101111
00000000001110001110111011101000
11111111110101111110101010111000
11111111110111010010111001101100
11111111111111010001111110101110
11111111111100101010010101101101
11111111111000100110011100110101
11111111111001011010111011011000
00000000001000000111011001101001
00000000001010100001100111111101
00000000001011001011010111101101
11111111111000100011100100011000
11111111110000000100111101010111
00000000000110111010010001001000
00000000000011101101001110010001
00000000001000010101101100000101
11111111111110110011101011001111
11111111111100111001011000100101
11111111111100000100101100101001
11111111111100111011010011001111
00000000001000111001110001001001
00000000001110100010100101101001
00000000000111000000100100100110
11111111111011000001100111101110
11111111110111111100001011101111
00000000000001110111010111011001
11111111111010101100100111101011
11111111110110010011011011010011
00000000000111110111101111000110
00000000000000001101100000101011
00000000000100110100110111001000
00000000001001001111000100100110
11111111111110100011101101100100
00000000000111001000111111111010
11111111110111010100011100110110
11111111111111010010011111011101
00000000001000000000111000110010
00000000000000100000000110110001
00000000000100110000001100001100
00000000000110011000100110110010
00000000000101101110010100011001
11111111111000101000111011011011
00000000000011110010110001110100
00000000000110011100100110010110
00000000000010011100100101011100
11111111111110111010110011010100
00000000000100000001001100111110
00000000001011010100000001010011
11111111110111101110011000011011
11111111110101010110101000010000
00000000000000011111001011011010
00000000010010001000100111101010
00000000000101000101110000001101
00000000000000001010010000111011
11111111111000111111100011001010
11111111111111010001000110001001
11111111111011010111110001000100
11111111110101101111011011110101
11111111111100000000001101101100
11111111111010010111100110010100
11111111111110101111110101100111
00000000000101110101011011111010
00000000000111101000100100110100
00000000000000100110101100100110
11111111111100110001101001100110
00000000000111000101100100000110
00000000000001011001100010100110
11111111111011101111000001100011
11111111111101000011100101000001
00000000001000100000100011110001
00000000000100001110101100101110
11111111111001010010111011100110
11111111111011110111001111001010
11111111110100010111110000110001
11111111110011011001101110100101
11111111110111011111101110010001
11111111110111111010011001110001
11111111111010111101110001000110
00000000001010001010000101100100
00000000000110111000011011000101
00000000000011111010000001000001
11111111111001010000000111110000
11111111110001000101000010010110
00000000001001010101000010001010
00000000000101101011100001001101
00000000000111100111000101010110
00000000000101111000110101000100
00000000000110111101111111100010
00000000000001110011011100101110
11111111111101101010111001111101
00000000000110101001111011100010
00000000000111110000101001010010
00000000000101011110001011100000
11111111111101101000110001101000
00000000000001101000001110010001
00000000000001110110101010101011
11111111110111001011111111111001
11111111111011101001100010000111
11111111110010111100111110001010
11111111110100111110011000110101
11111111111001001011011011110011
11111111111001111010000011001001
11111111111000111111011000101100
11111111111101000110011111000110
00000000000000100111000010000111
11111111111111101000001111010100
00000000000010100101001110110010
00000000000101010001001100010010
11111111111101101010101111110110
11111111111111010001101100101111
11111111111111000100010000111010
11111111111111010000000101010000
00000000000010011000000110011100
11111111111100000111101000011101
11111111111101000101010010011011
00000000000001111100010100111111
00000000000011001101001011101011
00000000000010011110000111111000
11111111111101001101101100110110
00000000000001001101000101101101
00000000000001001111001010100001
00000000000001001011101100110010
00000000000001111000011111001110
11111111111010111000100001110110
11111111111101010111011010110000
11111111111111001010100000111001
00000000000000010000000010000000
11111111111110010111101111110000
11111111111000111111110000010101
11111111110101011101000001011000
11111111110010101111011111011111
11111111101100000101011011111110
11111111101101110001101001010101
11111111111000001101010111101010
11111111111100101011010001001010
00000000000000101010101101101100
00000000000010011110001001000010
11111111110111000100100011000100
11111111110110010001011100011101
00000000000000001011100111001001
00000000001001101101110111111011
00000000001100111011010011001100
00000000000001010111101111100110
00000000000101111100010001010001
00000000001100001000011100100111
00000000000101001001100001011111
00000000000001001110110111110011
11111111111000010111001100100100
11111111110100010111010000011110
11111111111000011010101011001001
11111111111001011110011001011011
11111111110111010000011011000111
11111111101110010101011111100110
11111111111101000000010111111011
11111111110100111001010000101100
00000000001010001001011001110011
11111111111110000110100000101100
11111111110110101001001111011100
11111111110100101011011110000001
11111111111001111110111111110000
00000000000110111110010111110000
00000000000100010001001011001100
00000000000110111000010000010111
11111111111100111000011010101011
11111111110011000001011010011001
11111111111110111111111001110000
00000000000111111100100010011110
00000000000111110101100000010100
00000000000000000001101011000000
11111111110011011000101010011000
11111111111011111100010000001110
00000000000111100000110010101010
00000000011000000001001010011010
00000000000011010100111110000110
00000000000110111010001001100110
00000000000001101011111000001011
11111111111000100101000100110111
11111111110011010010010111110011
11111111111100001100111010010000
00000000010010011111000100100000
00000000000110000010011101101111
11111111111011110111111110100100
11111111110110100110010110001101
11111111111001101010100000110111
00000000001000101111000011101101
00000000000100001011001010101001
00000000000110001001100010101010
00000000000010100000110100000000
00000000000000001011010000001000
00000000001000001101011001110001
11111111110110100011000011110011
00000000000101101000111001010011
00000000010111010101100111010101
00000000000101110001010010101011
11111111111100010100101011010111
00000000001100000110000101000010
00000000001010110001110110000100
00000000000100010001101011100010
11111111111010000010001011000100
00000000000010101010100101010001
00000000010001111101110000011001
00000000001111011000010100001011
00000000000000001100010110100001
00000000000000010011101110100100
11111111110111010111101000110110
11111111110111100011100010011010
11111111111011110001110001010011
11111111110100000101111000101100
11111111110001000100010110110110
11111111111110010100001101111001
00000000000011001110110101001100
00000000000111010001111011100001
11111111111011101100110001110001
11111111111110101111011110001001
11111111111110001000100101111001
00000000001111101001110010000110
00000000001111001100110000011101
11111111110010010110001001100010
00000000000110110011001010011100
00000000000111101101000000100011
11111111111111011000001001110010
11111111111101010001101000100001
11111111111011000011101001110111
11111111111000100000001000100010
11111111111100001010010110111010
11111111111011100111010001110111
11111111111011100000111011100000
11111111111110101101111110100011
