00000000000101010100110010000111
00000000000111011111010010001110
00000000000101000001110110100011
00000000000010001110010110110011
00000000000110010100100110110110
11111111111101111001001110110001
00000000000110000000101001110100
00000000000101100010000111001001
11111111111111110001110010111000
00000000000010111111101000001101
11111111111101011010010010001010
00000000000000100111111100100010
00000000001001000011111100000100
00000000000101101011011011010100
11111111111001010001100010001001
11111111111100100010000110011110
11111111111110010101101011110110
00000000000010110000000111100001
00000000000011111111101111101011
11111111110101010111101011000011
11111111111100101101001100010000
00000000000100110000010010101010
00000000000011110000001110111101
00000000000011100010101000011100
11111111111111010000001000000101
11111111110011100011011110011111
11111111110110101110011100010110
11111111111001110110111001110110
11111111111110101010000101111001
00000000000101100000101001111100
00000000001000000110000100100101
00000000000100011011100001000001
00000000000100010100101101101010
00000000000111001011100101011010
00000000000010001110000111011001
00000000001000011101110111100000
00000000000011000001011101111100
00000000000111011111101110100100
00000000000011000101000101111010
11111111111010100010000110100110
11111111111111110111001101000101
11111111110101101011111111011001
00000000001000000001000110101000
00000000000101000001001010110000
11111111111101001110100111101000
00000000000101110001001010110101
00000000000000111010010101011011
11111111111100110110101000001101
11111111111001011110110100011010
11111111111011001010000010101101
11111111111100001011010011100101
11111111111000010011001101010100
00000000000100100100001010111011
11111111111010110001110010010110
00000000000001111111101000111100
00000000000011100001100101001001
11111111111011010110111000011110
00000000000010100101010100110001
00000000000111011010010010110001
00000000001100010101011110100111
00000000000001000001010010101110
11111111111110011010000000100101
00000000000111011001101001111100
00000000000100110000100010010111
00000000001001000000101011111100
00000000001001110111100101110000
00000000000011011010100001001100
00000000001011010000000001110000
00000000000100111010101110000111
00000000000110101000100100110010
00000000000010111111100000100011
00000000001000000100001100010000
00000000010010100100101011111111
00000000000110001000000001111011
00000000000110011011011000100001
00000000000100100100110010010110
00000000000101010000000111000110
00000000000100110111110111001101
00000000000100100010000000001111
00000000000011000010110111011000
00000000001001001000000100111010
00000000000000001100111100010111
11111111111110101010111011001000
11111111111001100111111101111110
11111111110101110000000101110100
11111111111101110100100010010110
00000000000000100001101000101011
00000000000010101100101001010111
11111111111110011000110110100010
00000000000100111111101110100111
11111111111111110001001001010000
00000000000000100000101100010110
11111111111100111010010011001101
00000000000011111111101011010110
00000000001110010001100001011111
11111111110011000010010100001011
11111111110110111001010000010101
11111111111110000111011011100011
11111111111101110111010101010110
00000000000101000000100010001010
00000000001001011001101010110110
00000000000011111011001010101110
00000000000001011100000101001100
11111111111101001010110011000011
11111111111111110110100101101110
00000000001110100000110010100010
00000000001001101110100000011111
00000000000001110101001011010010
11111111111010111011111111101001
11111111111001010000111010010010
00000000000110110000001011011001
00000000000111001100011100110011
00000000000011001011110011111001
11111111110101011111011000100111
11111111110011110110000001111100
11111111111001111110111010000010
11111111111011110010011101111011
00000000000000001101110010000000
11111111111010011000001010001010
11111111110110101100111100001111
11111111101111101101001110001011
11111111110111101110110001100011
11111111110100111010111111111001
11111111111000101000111000111100
00000000000101001111110101010101
11111111111101111110001001010110
00000000000000101010000001110001
00000000000011110001010111011000
00000000000011001010111111100100
00000000000010110110110000010010
11111111111011111111111000011001
00000000000000011110100001101011
00000000000000111101011110100101
00000000000000010110100000010001
11111111111110000110111111011110
00000000000000110111110111001110
00000000000110000100101100000000
11111111111111100000110011011001
00000000000001000111110101100111
11111111111110001110110101010100
11111111111101101001000110110000
00000000000010010001011001110010
00000000000011011010100011001111
00000000000010111110000100101000
11111111111110111010000111000011
11111111111011010001001010000101
11111111111111000100100111000100
00000000000011010111101000011011
00000000000011011001111000110100
00000000000001001010110101100010
00000000000110000001011010001001
11111111111011100100011100010110
11111111111011110110000000100100
11111111111110101101111100011000
00000000000110000001010101000010
00000000000011001000111101100111
00000000000010111010011110100110
00000000000000110001101001011100
11111111111111010110100000000010
11111111111010100000101100001000
00000000000101101000111111110101
00000000000000001010000111001110
11111111111010011100001101010000
11111111111100001000101011101101
11111111111111011110001011111011
11111111111000010110001100110010
11111111111100001101000000000010
11111111111110110001111100000010
00000000001001111100001110001010
00000000010011101111100100000111
00000000000000001011010101000011
11111111111000001000010010001100
00000000000010110111000000111110
00000000000000100111111110111001
00000000001011011000000000100100
11111111111100011110010101010110
00000000000000100100101101110111
11111111111011001101001011101011
00000000000001010110011011100000
00000000001010010000011110000111
00000000000100011100110010011001
00000000000001010111110100011000
00000000000000011101010111001100
00000000001000010010011111110001
00000000010100010011010100010000
00000000000001111111010101100011
11111111111000110101011011101110
11111111111111100100101110000010
00000000000101111000010011001000
00000000001110101110110011100110
00000000001010100011011100001111
00000000001010000110000001001110
11111111111110110011100010100100
00000000000001111111010010110110
11111111111111001001100001100000
00000000000100111111010111000100
11111111111111000000100111000001
11111111111110000111101111011001
11111111110110010011111110111011
11111111111010000101100010010101
11111111111101100111010111101100
11111111111111000100011100101011
00000000000000000111010100100000
00000000001011000101100011001001
00000000011001010111111000100000
11111111111101111000110001100001
00000000000001100011110010100100
00000000000010010111000110111001
00000000000011111101010110011110
00000000001101110111001111110110
11111111111100111111001000001100
11111111111110011010000111000010
00000000000000000110001101100100
00000000000010010000100001110001
00000000000101000000011111010011
00000000000001011111001001001000
11111111111100010110001011101101
00000000000011010000110011101110
00000000001001010111000101111011
11111111111100100101110110100001
00000000001010000100011101110100
00000000010010011011000111111100
00000000001100000010111010101101
00000000010001110110011101110110
11111111111101010001101101001110
00000000001011001110110110100110
00000000000011000111101101000110
00000000000000111110001110011011
11111111111011000111000100100011
11111111110101100011000110011000
00000000000110001000000111101000
11111111111110010101101011000100
00000000000001111011010001111000
11111111111101110000010000100011
11111111111010101010100011100101
00000000001010001100001010101111
11111111111111100100001111011110
11111111111011010111011010010011
11111111111100100011001100100010
00000000000010011100100001011001
00000000000010110110010010100001
11111111111011110100001100111000
11111111111001111010111010101011
11111111111111000110010001011110
00000000000011111001100111111100
11111111110101011100000111111001
11111111110101111000000110100110
11111111111011111101000000100010
11111111111111101110010011000011
11111111111111101110110011111000
