00000000001000100111111000100111
00000000001110101101000000001110
00000000000111001000000010001111
00000000000000001110000010100110
00000000000010000000000110011000
00000000001000010001001011010001
00000000001100011101001101110101
11111111111101000111000100111110
11111111111101000011001000100110
11111111110100011011001000101101
00000000000100010010011100111110
00000000000110110011010110101000
11111111111110101100110010010110
11111111111111001000100100010011
11111111110101000001000100110110
00000000000010111111110101100100
11111111110110000111000101000110
11111111111010010011001010101011
11111111111011101000111100101010
11111111110110101111011100110001
00000000000010001011010000110010
11111111110111001110001110010100
11111111111011101110110000001010
11111111111010101001100010001101
00000000000100000001010001111000
00000000000000111011101000111110
00000000000001011100111101100100
11111111111111011101111000101110
00000000000010110011100010110111
00000000000000111001101001100010
11111111111010100110010101011111
11111111111110011100100111101001
11111111111100110011100000000010
00000000000101010101111001000010
00000000000011000100110100011010
11111111110011001101110101110001
00000000000001010001100001010100
00000000000111111111011011100100
00000000000110110111011010011100
00000000000010111111001110011100
11111111111010100010010110111001
00000000000000101011011101111010
00000000000011101011111011111010
11111111111011111000010101101101
00000000000100101100010101011101
00000000000111100111100101111001
11111111111111101001101001101000
00000000000001010111000001000101
00000000000111010101001011111000
00000000000000010110100110110010
00000000001001101000110010010110
11111111110111010011011000011010
00000000000000100010111011001001
00000000000011100101001001111001
00000000001000010101011101110101
11111111111101001101001110010000
11111111111100010101111110001111
11111111111100011011000001001000
11111111111111110101010011101010
00000000000000001100100010110001
11111111111000010110010011110000
11111111101110011001101010010100
11111111111100101101101011001010
11111111111111010001110111011010
11111111111101110010110000010000
11111111110101110011010110110111
11111111110010000110011010011101
00000000000101001110010000000100
11111111111101001101110111100010
11111111111010101100110100100111
11111111111011101101101011100101
00000000000000010010111010110110
00000000000011101010001110011011
11111111111011101000110101000011
00000000000000000011001101000101
11111111111100111110011010011011
00000000000000011011001101001111
11111111111011111010100101101011
11111111111011100000011010000110
11111111111010011110101111100111
00000000000000111010100011111011
00000000000110000000011011001010
00000000001001001011001010111000
00000000000110001011010100010011
00000000000001110111111110110010
00000000001000011001101100100111
00000000001111100000000010111110
00000000001100011011000101100111
00000000000110111110111110000101
00000000000110001000001011111001
11111111111110110111000100010000
00000000000011011111000101000000
00000000000101011001001110001100
00000000000010100000111010010000
11111111111110000010111010110001
00000000000110110001111010110011
00000000000111101000101000011010
00000000000111101111010001001111
00000000000001001010110001100111
11111111110110000100111010100110
11111111111000100010101001001110
11111111111010101011011011111000
00000000000000001010111000100010
00000000000010011000011111000101
00000000000001001000111101101001
11111111110111100010011110000111
11111111111011010110000101101011
11111111111110101010111001101110
11111111111001100110000111010000
11111111111101110110111111011101
11111111111111000010111100111111
00000000000011011000101011000111
00000000000011010100111011110110
00000000000001101110111110100101
11111111111111011100010010011000
11111111111011101001011110111011
11111111111111100000000000011101
00000000000011010111011000001101
00000000000101010111001100110000
00000000000110001011010001101110
00000000000111100111100101001001
00000000000101000011000011100110
00000000000110110001011111000110
00000000000110100010100100101110
00000000000111100011100100000001
00000000000101001110110101001110
11111111111100100100111111000011
11111111111101101101100011111101
11111111111011111000011101000110
11111111111011100101101101001111
00000000000010111101000001010110
00000000000101001111110011100101
11111111111110111001110000110101
00000000000011111001001100010010
00000000000001101000111011011000
00000000000000111011011001100011
00000000000101010001010001000111
00000000000010111111010000001110
11111111111111100001001010001101
00000000000000100011000001010100
00000000000001011100011110001000
00000000000000001101110100000111
00000000000000011111010000100101
11111111111111000010011101000111
00000000000000110001111001001010
00000000000100110111111000010001
00000000000010100111010010100100
00000000000001101011111111110100
00000000000011011010001100111110
00000000000010011100101000001100
00000000000100011101000000111011
00000000001000100100000001111010
00000000001000011110011100000111
00000000000100011001000100101011
00000000000001011010110010110100
00000000000011101010011111000001
11111111111011111111110011010111
11111111111110100001010000010110
00000000000001111011011000101100
00000000000110111001011001010111
00000000001000010110011000101100
00000000001101011000010101001110
00000000001010010110111011011101
00000000001000001110101011010001
00000000000100101010000111101110
00000000000101010001111111001001
00000000000001111101111101011010
00000000000000001111011011110010
00000000000011001001110000100010
00000000000000111001001001001110
11111111111110100110100011010101
11111111111100111101100101010110
11111111111100101110001011011011
00000000000010001000010000011100
11111111111001110100001101100111
11111111111011011111110001011010
11111111111010110100100010010100
11111111111000111010010000010110
00000000000101011100011001011011
11111111111011010101101110000001
11111111101111110010010111111011
11111111111100001001010110011101
00000000000110011111110110111001
00000000001011101001010111000111
00000000001000110100100011011111
11111111111001100111101101010011
00000000001100010110000100100001
00000000001000110101101100001000
00000000000110100010000010000001
11111111110111111100100111111011
00000000010000011000101001010110
00000000001011100111010110100000
00000000000000000000100111110110
00000000001000001000010011100111
11111111111000001111111100000000
11111111111110110000001110001001
00000000000011000001000000001000
11111111111100111110100001101100
11111111110011110100000100000101
00000000000100100000111011000111
00000000000000010011011001110011
11111111111110101011010010100100
00000000000011100001101100010000
00000000000100000111001011100111
00000000000100011110001010011101
11111111111011111000111011110010
00000000000010100010110010010111
11111111111100010100100011001101
11111111111000111010000001001000
11111111110101111110010111110010
11111111110110100100101110011110
11111111110101111011101110110000
11111111111010110011010100000010
11111111111101111001011010101010
11111111110100101100000000110000
11111111111110111111011010111000
00000000000001010010000000011101
11111111111011110010011111101001
11111111111000100001111101111001
00000000000010000111100100110010
00000000000010001010000011010100
11111111111110111000011001010000
11111111111011110001010010100001
11111111111101011100011000010100
00000000000101110100010000001000
00000000001101110000111101011010
00000000001011010101010010111011
00000000000101100110110111001100
11111111110111101001111101010111
00000000000011010001000100011100
00000000001001010100010111110111
00000000000011000010111101100010
11111111111110000110111010011111
11111111111010011000101001001010
00000000001000000110011000011010
00000000000101001011111011100111
00000000000010111010101111011000
00000000001101001011010001000101
00000000001001110000101111101111
00000000000100100101100001001011
11111111110110000111011100110101
11111111111010001010010000010100
11111111111110111101110100011101
11111111111100000110000000011111
00000000000010001010111001101000
11111111111100101010000011011001
11111111111001011000000000001000
11111111111101100000010101111100
11111111111111111010011000011110
11111111110111111110111000000010
