11111111111111001001000111111100
11111111110101111110100001101010
11111111110011011010101110010110
00000000000011010101100000110001
00000000001101100110110010101100
00000000000010001111110100111011
00000000001011010010100111101111
00000000001011100111110111100010
00000000001000111010110000100100
00000000001011100010011110011000
00000000000000011111100001100100
00000000000101011000001000011100
00000000001000101001101000001001
00000000000011101100001111010011
00000000001001100110111110011110
11111111111000111010111001000110
11111111111001111011110110111111
11111111111010111101110111100011
00000000000100101111001110111010
00000000000001010000101111100110
11111111111101001010111110110001
00000000000100101001100001100101
11111111111100101010011100011001
11111111111111001000000011100101
11111111110111110101101001010101
11111111111100111001110000110100
11111111111101001001011010101101
11111111111010101100100110001010
11111111111000010001000111100010
11111111111001001000000110001000
00000000001000110100000010101111
00000000000011001111000111000100
00000000000101011001001100111111
00000000001100011010010001110010
00000000000100010111001100111011
00000000001000000001110001110000
00000000000110100010101010100001
00000000000011111000101100110000
00000000000100010001000110110110
00000000000110000111010110111100
00000000000011001010100001111000
11111111111110011000011000110111
11111111111110000111100100101100
00000000000000111101100000011011
11111111111101101001110100101101
00000000000001100101011110001110
11111111111110101000111111010110
11111111111110000010000000100011
11111111111001001001011110111011
11111111110111111101101110111111
11111111110101000000100001100000
11111111110101000010110100001010
11111111110010010100010111001110
11111111111001110000101110000110
11111111111110101111100110011000
00000000001000101010111111111001
00000000000110011101111111111000
00000000000100011111010111111001
11111111111110001000110001110100
00000000000111001101100011111011
00000000000110011111010011100100
00000000001010001101010111011110
00000000000010100001100011001000
00000000000101101010110110011111
11111111111111000011100010001111
00000000000111101110111100011000
00000000001110000001111111111110
00000000000101001000001000111110
11111111111111001011110101010000
00000000000010100111010111001000
00000000000111011001110111111100
00000000000110010011101110010110
00000000001111001000110101110000
11111111111110000100011101101011
11111111111001011111110110100010
00000000000000101100010110000100
00000000000011101011000111001011
00000000000110011100001010111101
00000000001001001010011101011010
00000000000011100010111011011000
11111111111111111100101110010011
00000000000011110100000011011100
00000000000001010010011100111000
11111111111110110011110100100001
11111111110110110011001001001111
00000000000010101011011101100000
00000000000001000010100110111110
11111111111010011110001010111100
11111111111100010000000101011110
11111111110111001101010101100011
11111111111110011111000000101011
00000000001010010011101101011000
11111111111100001010000101111100
11111111111110111110101101001001
11111111111100111001001111100101
11111111111111010011010110011010
11111111111100010000000100000010
11111111111010000011100010100101
11111111110101111110001110100000
11111111111001111110010111011010
11111111111110010111010100010001
00000000001000010110101000101001
00000000000001111111101100001010
00000000000110010000110100001101
00000000001001100101000110000110
00000000000101011001101101011011
00000000000010101010110001111110
00000000000101110000000001111001
00000000001001100110110000011100
00000000001011000111000000000101
00000000000101010110000011101100
00000000000100111000000111011010
00000000000100101001111000010001
11111111111000000100111111001100
11111111110100001010010110011110
00000000000001100101000111010001
00000000000001010011100111010010
00000000000000101100101101001111
11111111111100101111110100100001
11111111111001100000011101010111
11111111111010001110110110101101
11111111110111010011001010011101
11111111111000100101000001000111
11111111110111001001010000100011
00000000000000000100100101011110
11111111111111100000110100001110
00000000000100000000111111100001
11111111111011111111101011100001
00000000000110000010100000111011
00000000000011111110101110100111
00000000000011110110001101100000
11111111111110010110001010000000
00000000000001010101101011111101
11111111111100100100100101000101
11111111111100000100010001111111
11111111111100011101010010011111
00000000000011110110010011010101
00000000000100000011100110010111
11111111111001111001110110110101
11111111111100110001111000111100
00000000000011110110111101001001
00000000001000001100000100110011
11111111111100100111011011110010
00000000000010101111101111010111
00000000000001111010000000111010
00000000000000000001010101011111
00000000000000100100011011110110
11111111111110000001110111100011
11111111111101000110011001100010
00000000000001111101110010011011
00000000000011101011011111001101
00000000000110010000101111000010
00000000000111010111110111011010
00000000000101000101100011100010
11111111111111001001000010101110
00000000000010110000000110010100
00000000000001000000011000011000
00000000000010011010111001001000
11111111111111010100000000000001
11111111111110100000101110100110
11111111111101101001111011111110
11111111111000011100000011110101
11111111111101100001111000010111
00000000000011101111011110100110
11111111111111000101011101110110
11111111111111000111111001001100
11111111111011010000001000100111
11111111111110100101100011100000
00000000000001000110001000111111
00000000000100011101101111001011
11111111111100101101001001010111
11111111111111110001001011010011
00000000000010100101111010010001
00000000000000001011110000010011
00000000000000001010010111101000
00000000000010110010110110000000
00000000000010010001100000010011
11111111111101000001111010101101
00000000000000010100010000100100
11111111111010101101110100111111
11111111111100100101101101011110
11111111111011001001111110101111
11111111111100000110011010010011
11111111111111000101101011010001
00000000001110010101111001010010
00000000000111011011011010000110
00000000000000001111101000111110
11111111111101011100110010011101
00000000000110001101101000001010
00000000001110011001010111101000
00000000000011101111111110111011
00000000000010111100001011101100
00000000000010001100000100110000
00000000000001101111110000010110
00000000000110001111111000110001
00000000000011010000011111001011
11111111110111100001010110011111
11111111110001100110111110001010
11111111111000100100010000000110
11111111111101000011100011011010
00000000000000001100011101100100
11111111111101100010001111111111
11111111111010101000011011100010
00000000000100001100001010111010
00000000001001100100011001100111
00000000000100000111010010110011
00000000001001110000000000101111
00000000000100110101110001101110
11111111111011101001100001011001
00000000001100111110100010010100
00000000001101110100111111000000
11111111111110011100010010101100
11111111111011000010100011000000
11111111111111010000101100100000
00000000000110111011011001101111
00000000000110001111100010001011
11111111111011011101010011110001
11111111111000010011101100001001
00000000000100010101001111110101
00000000000111000000011110001001
00000000000010110111010000010100
00000000000100111100101111010110
11111111111101111100110011100110
00000000000001100011001000010111
11111111110111101101100001010001
11111111111111000000111110010100
00000000000011111011001101000101
00000000000101110110001011000010
00000000000000011101010000001010
11111111110101100010000000111101
11111111111101000000101110101011
11111111111101000011010010111011
00000000000000100101000111001001
11111111111011110000000011101001
11111111111001000100111011001111
00000000000000000101110001001000
00000000000010111101110111001010
00000000000000011000011101110100
11111111111001011100011011001010
00000000000011100010110000111000
00000000000101011101000100111011
11111111111101111001100110100110
11111111110110001100011011000000
11111111111110010011111010111000
11111111111111110101011111000100
11111111111101001110100010110011
00000000000000011101011010010001
00000000000000100101101110101011
00000000000011010100101101010011
11111111111110000110010000110001
