11111111111011010010011010000011
11111111111001111010011110111100
00000000000011000101111100111101
00000000000110011110100000100010
00000000001010001011010101011111
11111111111000110111011101111101
00000000001000101111001010100111
00000000001100000110111101111011
00000000001001001111011111101001
00000000010101111001111110101010
11111111111110100010011101101100
11111111111011010101001001111000
00000000000000110111100000100110
00000000000110011001010001110101
00000000001011011000000010100110
00000000000011001111000011101000
11111111110001111101101111001100
11111111110010001011110001010100
00000000000101100111101101110010
00000000000111100100010000011010
00000000000101110011110101000010
11111111111011110110100101010011
11111111111100010110101001101101
11111111111111110011111111001100
00000000010001001100000100000111
11111111111100000101110110010100
00000000000110100101010011100110
00000000000000000110111101111110
00000000000001110011001010110100
11111111110101001001010100110100
00000000000111011011011011111000
00000000001110100011101011100010
11111111111010011011100010100011
00000000000010010110011100101100
11111111111010011100111011010101
00000000000101011001101110111010
00000000000100011010001010110000
11111111111000001111111101100111
00000000000011111010101100011110
00000000000001010001110000111011
00000000001100001010001111011110
00000000000110010110100011000111
11111111111010010011000000001000
00000000000110000000100101000100
00000000000000100101101111110101
00000000001010001111000001010000
00000000000110110001011000001011
00000000000010111011010100011010
11111111111110111000010101001010
11111111111101001011011100001011
11111111101110011100011010010101
11111111110111011010010011100010
00000000000101001011001000100111
11111111110001001101100011000111
11111111111101110001110101101111
00000000001100010000100001011011
00000000001011111101001011110100
00000000001101101101000101101000
11111111110111000101101100001101
00000000000000101000000010000100
11111111111111001010100110011001
00000000000001001110101001110111
00000000000010001100011100011111
11111111111010101000100100101101
00000000000001010101000010010001
00000000001011100001100100100111
00000000001000011110011000010101
00000000000111111011111011110100
11111111111111001110100000101110
11111111111100010011110000111011
00000000010001011110100000111110
00000000001001000100111110011111
00000000001011000011101111001001
11111111111101001111011001101000
11111111111101000111101000010001
00000000000010011100101110001101
00000000000111001000101111111011
00000000001011101110000000101011
00000000001000001011010100100110
00000000000101011100110111110100
00000000000111100011000111011010
00000000000001101001001111101010
00000000001000110111111010001011
00000000000100000111000001110111
00000000000000110010111010100111
00000000000001100110101011111111
00000000000010110000100111101111
00000000000010000111010000001111
11111111111111100110010110010010
11111111111000110010001100001100
00000000000000000001000001000111
00000000000010100101111110001111
00000000000001011000011000111010
11111111111101110110101110010000
11111111111001111100100001101101
11111111111000001100001011101010
00000000000001011100110000111010
11111111111011100101000101100001
11111111111111000010100111100100
00000000001010001101110100010111
11111111111011111001101100110110
00000000001000101111100111010100
00000000001010001011101011011100
00000000010000010100001011010011
00000000001001010010101100010111
00000000000101011000101011000111
00000000001000001010001100100110
00000000001110010000101101010101
00000000001010010000100000011110
00000000001010111001110100100100
00000000000111000000100100100011
00000000000000001000000001000100
00000000000110111011010110001000
11111111111100010000010001011100
11111111111111010011001110001101
11111111111100101111011000010100
11111111111111111110111101010110
00000000000001000111010101001000
11111111111010101001010001010100
11111111111001010010000111100101
11111111111101011010101111111001
00000000000000101011101101100000
00000000000001011011110100101100
11111111111111000111100110000101
00000000000100000000010101001011
11111111111111001100100010111000
00000000000011111011001001100110
11111111111001110010010101011110
00000000000011100011010001110001
00000000000100010001001110011011
00000000000000101000101001001100
00000000000000111111000101001000
00000000000010100110101100110001
11111111111111111011000100000101
00000000000000101111110111110111
00000000000100011111000011010010
00000000000001101001110010101010
11111111111111001000111001111000
11111111111111011011010101111011
00000000000011101000000100101101
11111111111111010111011100111100
00000000000000010010001110010100
11111111111110011000100100000101
00000000000000101110010010000110
00000000000110101010000011111011
11111111111011111110001010011001
11111111111110100010001010010101
00000000000100010011111111001111
00000000000011001000001001001001
00000000000000100110100100001001
00000000000000101111010000001001
00000000000010010001001010000110
00000000001000010011110110111110
00000000010000110111011100010100
00000000000100001110000001000010
00000000000000110101100010110001
11111111111100100100101110111100
00000000000100101001110011001101
00000000000110111110011011001101
11111111111101111001001011110000
00000000000100010110011001010000
11111111111101110000111011101010
11111111110100100010110110110110
11111111111000001111100010000101
00000000001001001101001011011001
11111111111110110110000111000100
00000000000010000100110000111100
11111111111101111101010100000100
11111111111101001011000001000100
00000000001000011110011000110111
11111111111010000001110000001001
00000000000101100111000001010001
11111111111101010001110100010011
00000000000010001011010101000010
00000000001000011011000111110000
11111111111111010101110011111000
00000000000010011101111000101011
11111111111010110001000011001101
11111111110001010100010101010000
11111111101101000000011111010010
11111111111100000100111011011001
11111111111000001001000100101011
11111111111100010101111000011001
11111111110100000100110110101101
11111111111001111010000001010100
00000000000100101010011110011110
00000000000101010010100101110111
00000000000110100010000110010101
00000000001000001101100011000001
00000000010001000111001010110100
11111111111011001100101101111000
00000000000000000011011000111001
00000000000010010101001110110000
00000000000101110000101101001001
00000000000110011001000011100101
11111111111011000011110111101111
11111111110011100001011110001100
11111111111011001000110001011000
11111111111111110001101101100010
00000000000001101100001111010011
11111111111010110000101101010101
00000000000000110011111101100000
11111111110010110000101101111001
11111111111010100001110011001100
11111111110111101011111000000011
00000000000101100011010010011010
00000000001010101111101000011110
11111111110111111100011000000100
11111111111100111101001000000001
00000000000111001101101010100101
00000000001000111110011000100111
00000000000001000111111001000000
11111111111011110011101010111011
00000000000101101101101110111110
00000000001000101110101000111110
00000000010000000011001011010010
11111111111000101001110000010100
11111111111001110100010111010000
00000000001001100110011001000001
11111111111011101100000111100010
00000000000010100010000001101110
11111111111010010110111101010010
11111111111100101111110111011111
11111111101111110111000010100001
11111111111000100100101101001011
11111111111001001101101000011000
00000000000000001011011010101011
00000000001110011111111011100110
00000000001000111100110011110111
11111111110100111011110100010000
11111111111110010110100000001010
00000000000001110011011101110000
00000000000000001010011001010110
00000000000011000010010101101000
11111111111100000000001100011011
00000000000010100101100111001100
00000000000100000110111111011001
11111111111001101101100101001000
11111111110011110110000100011101
00000000001000101010101011101111
00000000000101111010001110110001
00000000000000011110010111101111
11111111111011001110010111100111
11111111111000011111001111101000
11111111111111110110100100100100
00000000000001100011111000011000
00000000000110111000110011010000
11111111111111100101100111000011
11111111111111010001001101001110
00000000000010000110010001110010
