11111111111010000111110001011010
11111111111100011011001000011110
11111111110011000110110111111010
00000000000001011111001001000011
00000000001100010100100001111000
00000000000111011010110101011101
00000000001101100101011010010110
00000000000111001100110010101000
00000000001000000001110000101000
00000000001011010011010111011100
00000000000011000000110000111110
00000000001101010110011110001100
00000000001000101010010110000100
00000000001011000001101100111010
00000000001001010111101101011101
11111111111101000010000101101010
11111111111101010010101011101110
00000000000011110101101011110101
00000000000101001100011110010010
00000000001000000000010000100111
11111111111111101000101010100110
00000000000011001001001110101101
11111111110101000111001100001110
11111111110011110010010111000111
11111111110111001010000011101000
11111111111011011111011101100110
00000000000011011010000101100110
00000000000000010000111001011010
00000000000110011011010011010110
00000000000000100010010110101011
00000000000100001111100000111100
00000000000000010001001000010011
11111111111010110011001101010100
11111111111111001111111111010000
00000000000101011011111100001100
00000000000101100101000010010010
00000000000101000100111010110110
11111111111111101001101101010100
00000000001010010111001011010011
00000000000100000111111000010011
00000000000111100111111001000111
11111111111111110111000101010100
11111111111101100100011010000111
11111111111111111001011000000101
11111111111101000001100101010000
11111111111111010110010000101011
00000000000100001010010010110000
00000000000100100111011000000101
11111111111100110110101110101010
11111111111000101111000110111101
11111111110111001100010001101001
00000000001011000101000001001100
00000000000000111111111001100101
11111111111010111111000111001101
00000000000101010010011001000100
00000000000010100001011001110010
00000000000010001000011110101001
00000000000001010100001001011110
00000000000000110100101111110100
00000000000011110110011000010001
00000000001000111011110010000010
00000000001000100001101000011101
00000000000010001100100001011001
11111111111101111110111101111101
00000000000010110100101000001000
00000000000010010000010111111000
00000000001100011001110110010000
00000000000111010000000000000101
11111111111101001001010110000011
11111111111000110100100100001110
00000000000100100011110101100010
00000000001000110001001100010001
00000000000000111110000110100000
11111111111101000111011001001001
11111111111001110011101101010100
00000000000001011100100011001100
11111111111001000100101000111001
11111111110111001010110000100011
11111111111011111001110001001111
00000000000111000011100101000001
11111111110101001111010110000110
11111111111010111000011101010111
11111111111100011011111011110111
11111111111110011011001011001101
11111111111111110010101100100110
11111111111111010010100100101110
11111111111111011111011101100100
11111111111110111011001100010011
11111111111101011111000110011110
11111111111101111111001110011011
00000000000010001110010100011010
00000000000000110100110011001101
00000000000101110010110101101011
11111111111100101011101001111001
11111111111100111111111101001000
00000000001011110010011100111111
00000000000111000111001100110000
00000000000001000110101110110111
11111111111101011101010110110000
11111111110110001011111111110000
00000000000110100011010000110010
11111111111100100011011111001100
11111111111010011101110010001100
00000000000011110011111111000001
00000000000101011000101011000001
11111111111110111111100100010000
00000000000011001010011100100000
11111111111111100000111101111011
11111111111101100110111011010101
00000000000010100101011001110000
11111111111011110000111011010011
00000000001000000111011001111000
11111111111101111010010000111000
00000000000000011011000111101010
00000000000111110111100100000001
00000000000011111100100010110001
00000000000011110101000001000101
11111111111111100010100010010101
00000000000010100110110011110110
11111111111001011000001110000111
00000000000000101011001100011100
00000000000001110110010100111001
11111111111111001000001011110101
11111111110111010100010011000000
11111111110111110101111111101111
00000000000011001100010101110010
00000000000010101010000101110101
00000000000000010000101101110100
11111111111110011100110100000000
11111111111001101110111100001010
00000000000010001101100110110101
11111111111111111011110110100011
00000000000001111011101001011001
00000000000001100000110110010101
00000000000011011100001000111101
11111111111111000111011000101000
11111111111010000111001011000101
00000000000001010100000111011101
11111111111111010111001110101110
11111111111111010000100000100111
11111111111101111110101100010111
11111111111100001000010110001111
11111111111101100011010101100101
00000000000000001000100100010000
11111111111111010010000111111100
11111111111110111101100011011101
00000000000011110011100110011010
00000000000000001010010100000111
00000000000001011001101100100000
00000000000011010110010100001010
11111111110101011001000001011011
11111111110101011001110010011010
11111111110010100010110101100111
00000000000011001001110001010010
00000000010000100111010101101011
11111111101111000110000000101100
11111111101110000100011000011000
11111111110111101110000000011010
00000000000000000011010001111100
00000000000101111000010111001010
11111111111001001110011011111101
11111111111010101101010101011100
00000000000010001001001001001101
00000000000000100001010111100101
11111111111111101011101100001000
00000000000110100100100001110101
00000000000001101101101011011111
00000000000100110011010000111100
11111111111111101110000000100001
11111111110000100101110100101001
00000000000110100100010100001101
00000000000011000011100101010010
00000000000101001101000000110010
11111111111101010101110000010000
11111111111000001010110010110000
11111111111111010000101001111110
11111111111101111001000000111111
00000000000001000010110000010011
00000000000100110011011111101001
11111111111111000010000101011111
00000000000000100111101000010101
00000000000001001011010110010011
11111111111100110100110101111100
00000000000000101001000111101000
11111111111010010000111000100010
00000000000110001010101100010110
00000000000010001000100100111001
11111111110100111110010011100110
00000000000010110110100110101111
11111111111001000010011110000000
00000000000101111010101001110000
11111111111111001010001100000001
11111111111111101101101000010010
11111111111010011111000110010001
00000000000010110111001100100110
11111111111001110111010000100100
11111111111000011011111001011001
00000000000101001010011001010100
11111111111001110011110000111000
11111111110010010101110101001000
00000000000001101101100100010001
00000000000011001010011011000001
11111111111110010000000111001001
11111111111100110011111011000101
00000000000001101010011110101000
00000000001001110110101111010010
00000000001001101100000001000001
11111111111110011101001001010110
00000000000001001110111111010111
11111111111101100100010001100111
00000000000100001101101011011110
00000000001101011111010011000000
11111111111101101101010100110011
11111111111100011110000111011111
00000000000010000000001100001101
00000000000101000001010110111011
00000000001011110010101110011001
00000000000010000010100000000001
11111111111010001010111011111011
00000000000100101111101011001111
00000000000000010010101101010100
00000000000101111011011101011001
11111111111000001011110101110111
11111111101110010110000011111100
11111111101111011110111110110111
11111111110001000001011110100110
11111111110100111011100110101010
11111111110000100100100011000101
00000000000010000111001000110111
00000000001010101111100100111010
11111111110100011111100011001010
11111111111000101101101110110001
11111111111001001010100010110010
11111111111100100110100011100000
00000000000100000110101101011011
11111111110100010001100100001000
11111111111011010011011000101010
00000000000000001111010011111010
11111111111011010111011011101011
00000000000101100100001000101111
11111111111001000000010000000110
11111111111010101110000101001110
11111111111001010100000011100010
00000000000011101011001111101011
11111111111000110011100111101011
00000000000011101100011100111000
00000000000011101100101001010101
00000000000010010001111101010101
00000000000000100100010001111100
00000000000011011111010111000101
