00000000000001111111100110100110
00000000000000001011011101110011
00000000000000100010000010000000
11111111110100101011111001100010
11111111111110010011111111000011
11111111111010100110000001010110
00000000000001100111001101010110
11111111111010111101010011111111
11111111111010010000110101101010
00000000000100001100001010101011
11111111110111000011111001011001
11111111110110100100001001001010
11111111110111001111001010110001
11111111110100010111000001000000
00000000000100000000110001011101
00000000000001010010110011111001
11111111111001000100100000010010
00000000000100100111100100111101
11111111111010110101100011100111
11111111110100110011101100011110
11111111111101111111000111010010
11111111111101010011010110111010
00000000000111110111000101000111
00000000000001100111000001100001
11111111110111101010001000100110
11111111111100110110001111100110
00000000000001011001111000001000
00000000000110010100001001111101
11111111111111101100011101000000
00000000000010010101101001010101
00000000000010000000101001000101
11111111111110011101111110100101
11111111111100110010001100111011
11111111110100011010001011000010
11111111111111101111001000001101
11111111110100010001000110110111
11111111110110011110000010100101
00000000000011111010011000111010
11111111111111001110011111011110
11111111111011100011100101000101
00000000000010100110001111001001
00000000001110110100110010111101
00000000000010110010101011010101
11111111111100011010101001111100
00000000000000001011010010010100
00000000000000100000011000000000
00000000000110011100011101010110
11111111111100110000010010100011
11111111111100000010010001000100
00000000000011000100000010010011
11111111111101101101011011001100
11111111111010001110001101000000
11111111111101111111101001000111
11111111110110000111000001111011
11111111111000010001110110011101
00000000000000011010001111011100
11111111111110001100001010011110
11111111111010010101011110101001
11111111111111100100001001101110
11111111111100111110110010010011
11111111110001101000000100101010
11111111111010111101110001001000
11111111111111100000011100101011
00000000000001111000101011100011
11111111111110000110100110001110
11111111111010010100000011101111
11111111111111101011110010001001
00000000000001001010100101101000
11111111111100001011101110000001
11111111111010000010000110111110
00000000001000010010101100101011
00000000000101000100100011011100
11111111111111010111101111101000
11111111101111101001111010110110
11111111111100000011100110111100
11111111110010011001011010110001
11111111111111000101101000000000
11111111111100001110111101100111
11111111110101101100110000010001
00000000000010011001011111101011
00000000000001000100000100101011
00000000000101111000100001000010
00000000001111010111001000010111
11111111111100111000100010010111
00000000000101101011001000101101
00000000000101000100101001110010
00000000000010110101110001000010
11111111111011100011010100001100
11111111110111110100111110010000
11111111111100001111111001111101
00000000000100011000101011010100
00000000000010010110111010111010
00000000000000010111110100011001
00000000000100010110011100111001
11111111111101111100101001001111
11111111111100000111110001101001
11111111111001001100001000000101
11111111111001000110001101000000
11111111111101101011011001100000
11111111111101001000111011000100
11111111111101001101010000101010
00000000000001000000110100100100
11111111110111101110000100111010
11111111110101101110110110001001
00000000000110101111011100100010
11111111111110111001011100001101
00000000001011000101000011101010
00000000000001101001001111100011
11111111110100100100000011010100
11111111111111000011111110111000
00000000000011000011010101000110
00000000000100111110010001001011
00000000000110001001011111001010
11111111111110100100000000000100
11111111111001111101100011010101
11111111111100001111000111001100
00000000000010010100001111010100
00000000000100110110010101100110
00000000000100110010100110011110
00000000000000110110110101101111
11111111110111010100011100101010
11111111111111011110101011111000
00000000000011100101100010101001
00000000001010001100111101010001
00000000001011000101101111101101
11111111111100011100011011011110
00000000000011010001001000000110
00000000000101100010100010011101
00000000000101101101010001000000
00000000000000011010001000101110
11111111111101000000110111010011
00000000000001010010111100111001
11111111111111110111001011110000
00000000000001100110111110001101
00000000000001001011111001101101
11111111111100110101001100110001
00000000000011101110100100010001
00000000000011110100101101111010
11111111111011000010011001111100
11111111111101001110011110111110
11111111111111011011111101011111
11111111111101010101000101110011
11111111111100010110101011101110
11111111111100100111011101000101
00000000000011100011110110110000
00000000000011010110001011101010
11111111111111011101100101000110
11111111111111001010100110000101
11111111111101110011000101111110
11111111111110011101100011101000
11111111110101010010110001111101
11111111110111111001110100000000
11111111111000011100111001111001
00000000000010010011010011001101
11111111111100001100100111001110
00000000000110011010010101011001
00000000000110000100001110100010
11111111111110001111111001101101
00000000000011000010110000010110
11111111111100101000111100100110
00000000000110101111000011010010
00000000000011000011101110001110
00000000000010010110001100101011
00000000000001011000101110110110
11111111111110000101100111111101
00000000001010000001100011001010
00000000000110000000010001101011
00000000001010101101001110101111
00000000000001001001010011111001
00000000000001100100001001000001
11111111111111110010011100111001
00000000000100010000010110111011
00000000000000010110000010001000
11111111111110011100001100011001
00000000000010101011100100001011
11111111110101101100101001000001
00000000000001010111011010000101
00000000000101100010111010000100
00000000001101101001110100010010
00000000001000100010110000000011
11111111110010111001010010100101
11111111111010101001001011000001
00000000001100100010110011100011
00000000010011011111010000111111
00000000001101011011100101111111
00000000000000100111001011011000
00000000010000010101010011100110
00000000010111101111100011111010
00000000001010010110001011100010
00000000000110111000111011110111
11111111111000111101011110110100
00000000000000001111011011010001
11111111110011111100000110100010
11111111111100111100010111100000
11111111111100001100001001110101
00000000001000010001110010011101
11111111110101000101001100010101
11111111110101101011011100100011
00000000000010010000010111100011
00000000000101100111001000011110
00000000000101010111111110000101
11111111111000011001011011010100
11111111111011011101110110111010
00000000000101101111010000111110
11111111111001111000000000100110
11111111111001001000111110010101
11111111110100011011111111010001
00000000000011111110100100000010
00000000000001010100111110100000
00000000000100101111100010000011
00000000000001001111000111000010
11111111111011110000001101110010
11111111111110011011011000000101
11111111111001011101010101111001
11111111110111101100110101111011
00000000000000100011000010100000
11111111111011000111111001001011
11111111111010011110001001010110
11111111111000110001001001010000
11111111101100000001001011001100
00000000000010110110001011011100
00000000000010001001100100010011
11111111111011010100001101101101
00000000001001101100011110101111
11111111101011111111011101010101
11111111111100101110110011011001
11111111111010000011100110001111
00000000000101100110010101000010
00000000001010110011101010100001
00000000001010111110011000001011
11111111111011101010010010000010
11111111110011111100011011001110
00000000000000010000001011101100
00000000001100000010111101111000
11111111111111111001100000110101
00000000000110011000100111001010
00000000000001010000110001110110
00000000000000100010101100101010
00000000000101100101100100000100
11111111110111010111111110000010
00000000000110111101101100001010
00000000001011010000000001111010
00000000001001011001000000011001
00000000001010111110000111001001
11111111111110110001110110100001
00000000000101001011011011101101
00000000001101000110100011111101
00000000001000101110100100101111
00000000000000110010111010110101
11111111111110010010100010011011
