11111111111011111101001001100000
11111111101110000100110000111010
11111111110110010111001100111111
00000000000101011010011000111101
00000000000011101110001110101001
00000000000010011101011110011001
11111111111000111000110100100111
00000000000000010011100000111010
00000000000111111001110110001001
11111111111100100010111000111100
11111111111101001110101110001100
11111111111001111111100111110101
00000000000100000011111010100100
00000000000000010111011111111001
00000000000011011000001011001100
11111111111101100011101001110000
11111111110001100111010011011000
00000000000011000000110100111010
11111111110111100000011111110101
11111111110110101010110101000100
11111111111001100001010011001010
00000000000000111011001100011101
00000000000101110100000100000010
00000000000000100011000001001101
00000000000101000000000111101101
00000000000001001010100100110011
11111111111101001101110011110100
11111111110011001100111101010000
11111111111000110001011110101001
11111111110111111000011100001000
00000000000101000100010000001010
00000000001001011011001011001001
11111111111011111110011111110000
11111111111000111001101110111010
11111111111000001100001101110111
00000000000110100100011001011011
00000000000011001101011101000101
00000000000111001101101100000111
00000000000110101111000000001001
00000000000010010100011011110010
00000000000101001010001000011001
11111111111101101101111111111101
00000000000000111001110010000111
00000000001011000101011111110100
00000000000010000011110100111000
11111111111101011100000000011110
11111111111001000110000110111111
00000000000010000011011110101001
11111111110010111110011111111101
11111111101100011100111000100001
11111111111001101000001010010110
11111111111001111011011001011101
00000000000010000001010011010110
11111111111000101101010110010010
11111111110101100000100100001100
00000000000110000011011000111111
00000000000010100000100001110011
00000000000100101111100011001111
00000000000001100100011011000100
11111111111011010011110111111111
11111111111110111110011000011101
00000000001000111111010100111000
00000000000111110010001101110010
00000000000100010100100000010110
00000000000011101000110110011101
00000000001101000101101110100100
11111111111100110101111111010000
11111111111111001011110101010000
00000000000010001111001101011110
00000000000100010101001101000100
11111111110111100101101100110010
11111111111000001001101100001100
00000000001010111110101101010100
00000000000100001001011000011000
11111111111101110010001001100011
00000000000001111011010001001000
11111111111110000010100110111101
00000000000100100001001111000110
00000000000110100111100111111000
11111111111110111111110001000000
00000000000111001100100100110111
11111111111101100010000100001111
00000000000010100111110000000111
11111111111100110011111010001101
11111111110111011101001100100110
11111111111001100101100001000100
11111111111101110011010000101000
00000000000011010001001100011001
11111111111111110111110001000001
11111111111011010001000010100100
00000000001001100001101100110110
00000000000110110010101011101011
11111111111110000001011111000010
11111111111100111010011100001010
00000000000110101010010011111001
11111111101011100010001011111100
11111111110011111001110010010110
11111111111000010110011101001011
11111111111101110000010111001011
00000000001011101101011111000010
00000000001000101010111011010001
00000000000101101011101000100111
11111111111110101001100101010110
00000000000001011100100011000000
00000000000000100100111110100101
00000000001001101110011111111011
00000000000101110110111111010111
00000000000011001000000011110100
00000000000010100101010001101111
00000000000101100100110010101001
11111111111110100111010001000011
00000000000010000101001001001001
00000000000100110010110101111010
11111111111100010010111111011101
11111111111010000100111011000101
11111111111100100110000001000001
11111111110100100001000010101101
11111111110101001000111111111101
11111111111000101000001000110001
11111111101110011001000000000010
11111111110111111011100101000111
11111111110110000111111000110010
11111111101110010100100000010001
11111111110111100100100101100011
00000000000001000111011101011000
00000000000000001011110001111111
11111111111011000101111110111101
11111111111110011001111110100101
00000000000001111101101011110100
00000000000010111011111011001111
11111111111100100010010011101111
00000000000010111001011000001010
11111111111110111100000111111010
00000000000001001101110111101110
00000000000011000101000011100100
00000000000010010101011100111010
00000000000101101010011101101111
00000000000100110101001111101000
00000000000001110100001001100101
11111111111101110101101001110110
11111111111101100110111110011101
00000000000111000100110100011110
00000000000010000010001111001110
00000000000001010111110010111100
11111111111111000001100011100110
00000000000000010001010101001101
11111111111110111111000111100000
11111111111010110100010001011111
11111111111100001101101101111011
11111111111100000111111101010011
00000000000101100010010100100001
11111111111110100010111010100100
00000000000001111101111100000111
00000000000010100110010100110011
11111111111011001000000100010110
00000000000001101011110100110110
11111111111111000010000001110101
00000000000011011110001010000110
11111111111111111000111100110101
11111111111100011101101010001010
11111111111010010101011011010000
00000000000010101010110000110001
00000000000101010011111110110000
00000000000000101001011111111100
11111111111101001000111110111100
11111111111111000100000110100111
00000000000001111110000100101100
00000000000111000111010011111110
00000000000110100000001100100001
00000000001100110101101000011011
11111111111110000101001101001000
11111111111110110101101011110001
11111111111111010111101110011100
11111111111010111101110010101101
00000000001100010000100100010100
11111111111011111110001010011111
00000000000101001011101000111111
00000000001011010010111001111101
00000000000000110110000101111011
00000000000010101101000000011110
11111111110011110110001001000100
11111111111111000010110111011001
00000000000000111000100000010010
00000000000011101011101001101111
00000000000100011111011011100101
00000000000011001100001010011100
11111111110110010001011111101110
11111111111001000000011011111000
11111111111101111001110101000000
00000000010011001001011011110000
00000000000011001011111111010111
00000000000100100100010101100010
00000000000101100100101000010000
00000000000011110100000001110001
00000000001001010111011011001110
00000000000101001010111010001100
00000000000010000010111101100101
11111111111011010011110000101000
00000000000011000110101110000010
11111111111001010101100011001100
00000000000000111001011110101111
11111111111111001110001010000100
11111111111010001010011101101011
00000000000001000011011110000011
11111111110101101101111101100011
00000000000011100100010000101011
00000000000011001011000101100010
00000000000000111100010101100100
11111111111111110110100110110110
11111111111110010010001111000100
00000000000101111011100111111100
11111111111001110101111000101110
00000000000100100101111101011000
00000000000001101001100000110011
00000000001010110110110100100010
00000000000011101000000011011010
11111111110010000101010011010111
00000000000011110111111000010101
11111111111101001100000000000010
11111111111010110101110101110010
11111111111000110010011110100110
11111111111111110110011111000111
00000000010000001001101000001011
00000000001110011001000100011110
00000000000110110000101010011011
00000000000000011011000111110101
11111111111110000010000001010000
00000000001011010110101000101101
00000000001001101100000010000101
00000000000101001011001111100001
11111111111100111011000110100100
11111111111110100111101100110000
00000000000101011111100011111010
00000000000100010100100100100000
00000000000000011101111000100101
11111111111111111101001110111100
00000000000010010011001101110010
00000000000110000011100100001010
11111111111101010000111111010010
11111111110111101101001111111111
00000000000010111011011101011111
11111111111101101100111011010101
11111111111010011110000011000101
00000000000011101000100111111000
00000000001010101000011110100100
11111111111011111111100101010010
11111111111100101100100000000101
00000000000010010001000011101111
00000000001000000000101101001001
00000000000001001111110110011010
