00000000001001100011100011011101
00000000001001001111100001101000
00000000000101000110000010111111
00000000001000100100100101000000
11111111111110010101011001011101
00000000000000011111110011011111
11111111111111101010001011111000
00000000000000011100010101011111
00000000010000011101101001001011
11111111111101000101000011000100
11111111111000111010000010010111
11111111110101011100000000000011
11111111111011001010010100011101
00000000000000100011111111110101
00000000000100111010001101101010
11111111111001010101110011001011
11111111111100000001010111001000
00000000000001101110000111111000
00000000000001001010101111000110
11111111111110010111100001111001
11111111111110100000110000000001
11111111111110110001110011100000
00000000000101010101101010110100
00000000000111010101010001010100
00000000000111100100011011000100
11111111111111101010001000101111
00000000000010001010000001101001
11111111110101000101000100011101
00000000000101010111111011100010
00000000001000110110110101001100
00000000000100000000111101100101
00000000000001110110011110100101
11111111111001110000011011100010
00000000001011100000111110001110
00000000000110101001101100110010
00000000010000011000100010101010
00000000001010010001111101000001
11111111111110110111001010010101
11111111111111001110001011000011
00000000000010001000110010000001
00000000001111101001000010010110
00000000001001101000110010111111
11111111111100001111000011110000
00000000000001111110010000100100
11111111111101011110001010101001
00000000001100111011011001111001
00000000000100001000000100011000
11111111111111001111111111111111
00000000000001110000111111101100
11111111111110111110110111011110
00000000000010010110011101001110
00000000010100101110101001101000
00000000001001100000101110011011
11111111111100101100101001101101
00000000000111110100110011110000
00000000000010111101110001010111
11111111111100110001101011001111
00000000000110111111001111001101
00000000001010011011111010110111
00000000000110101101101110101000
00000000000010000101100110010100
11111111111111100011100100101000
00000000000100011010100000101101
11111111111000010000101011011010
11111111111100001100110110110100
00000000001100001000011010000100
00000000010011001101000110111010
00000000001011010111110111011111
00000000000000101110010110101101
11111111111010001010110000011101
00000000001011000001101010001010
00000000000110101110101100010100
00000000000000110001010010010011
11111111111100111101110011101011
11111111110011011100110101001001
11111111110011010001100100000111
11111111110010010001000100110110
11111111110100000101100101100011
11111111111101010100000001000011
11111111111110001111101010100011
11111111111111010011101100101001
11111111111100110101000011111010
11111111111001111001110110101110
11111111111001011001110110011110
11111111111111011011011111101111
00000000000011100000101110000100
11111111111111100010000000101010
00000000000111010000111110101101
00000000000011101001110111100000
11111111111101010111010100111011
11111111111001010001011000111001
00000000000011011111010100100100
00000000000101111101101011011100
00000000000111000000110000111010
00000000001001011010111101010111
00000000000110001111100001101100
00000000000100001101001000000011
11111111111000001001110011101011
00000000000000001111110001110110
00000000001001111100011011101001
11111111111110011001001100001010
00000000000100000110000100011111
11111111111011111010111100100011
11111111111110001100001010111100
00000000000010111000000100101111
00000000000111110101110001100100
11111111111010110010111110100100
11111111111110011110110110000001
11111111111011110011110101111100
11111111111010110000001100101111
00000000001101101001010000110001
00000000001000001110001101111000
11111111111101011110100101000010
11111111111001100100101000100111
11111111111101110010111001101111
11111111111011101101001100011100
00000000000101000100111110110001
00000000000001000010000100010001
11111111111100001001101110110100
00000000000101000000101110100111
00000000000010101101011000100101
00000000000000011100101110010101
00000000000000011010110011001010
11111111111101010100101111011101
00000000000001111010011111000001
00000000000010010011011111110111
00000000000101101010000111101111
00000000000100000000010011111111
11111111111110000111101100010110
11111111111001100000010110111010
00000000000000110001110111110101
11111111111111101101101101010100
00000000000011001011001001011010
11111111111110110001001000110000
11111111111111111100110101011001
11111111111101000000101100100111
00000000000000100010110010110010
11111111111110000011011100101001
11111111111111111101100000001001
11111111111100011000101010001000
11111111111101110001100000011111
00000000000011000101011100011000
00000000000101001000100100000000
11111111111111111011100101110001
00000000000011000000101001101001
00000000000000110011010111111100
11111111111111110101011000101000
11111111111101100001000011111011
11111111111111010011000101101001
11111111111111110111010001110111
11111111110001111010111110110010
11111111101111001000100000011011
11111111110011111110010111011001
11111111111001010000101011101010
00000000000111000110011100111111
11111111100101000100101111001110
11111111110011010111110100011111
11111111111000011110100000110010
11111111111001111010100100010001
00000000001011100100000001001010
00000000000101010011111000000010
00000000000110100101000101111100
11111111111111010001001011001110
11111111111111011100110001101100
00000000001101011010101000100101
11111111111111100010011111000111
00000000001000010100101010010101
00000000001010000010010111101011
00000000000001011100110111001000
00000000000111110101010111000110
00000000000000111001101101010001
00000000000000010110101010000010
11111111111110100001110101110100
00000000001000010110010111010100
00000000001101001011011001110100
11111111111101110111001110110001
11111111111101001101101110011010
00000000000111001000101010010101
11111111111110001111100010101000
00000000001000000100110100110000
00000000001001100010110101011010
00000000000111100100011011001101
11111111111010001111010111101000
11111111110101110101011110000110
11111111111100101110110110010011
00000000010111000111000001101101
00000000010100100110100010101110
00000000001001110000010001000010
11111111111100011000111101000000
11111111111101111000011101011000
00000000000011111100100011101000
11111111111100101100100101011011
11111111111101001001101100111110
11111111101101011000010101110101
00000000000010100111001111000101
00000000000011110010010110111001
11111111110111010110110110100011
11111111111011001100000101000101
11111111101101100010101000101101
11111111110010110011101101001011
00000000001000011111101100010101
00000000001011011010010100010111
00000000000110111001001010011001
00000000000010000110010101101011
00000000011000010011011000101100
00000000000011100100100110010000
00000000001001001010100000100001
11111111111000010011010100000010
00000000001000100000011010101001
00000000010100101000111100101110
11111111111101111100011111011111
00000000000001110001001100101111
11111111111101000110011101011010
11111111111110111101000001000101
00000000000100110100001101010011
00000000001010111000100101100010
00000000000100010010011101100101
00000000000001011011011100111101
00000000000001001000110110110001
00000000001000111110010011111011
00000000001001111101111011100010
00000000000000110110000001110111
11111111111111111010010010011101
11111111111001001010100011110100
00000000001101001100000101010111
11111111111101010100000000110100
11111111111101100100111101101001
11111111111111111100011111100110
11111111111001001100001101111001
11111111110100110011100011111110
11111111110010000000010110011010
11111111110111010100110101101000
11111111111011000111110001011110
11111111110111110001000111000101
11111111111010111100010001111100
11111111110111010001111011000110
00000000000101000110101011110101
11111111111111001101101001111001
00000000000100100011101010011011
00000000010100110010110101011010
00000000000010111000010100100111
00000000001001001110111100111011
00000000001000101011000100001110
11111111111100100111001010110000
00000000000100110010111110001011
11111111111110111110110111000000
00000000000001000011010011001100
11111111111111101100100111001000
00000000000101001010011011101011
00000000000110011101111100110111
