11111111111000111000001000001101
11111111111010010011001011111111
11111111111101110101011101111110
00000000000001111100010101100001
11111111111011011001111100000001
00000000000110111001111000111111
11111111111111110000010110100101
11111111111101100000001011000011
00000000001001100001111011110111
00000000000000001101011001001001
00000000001101011100110010011000
00000000001001010101100001111101
00000000000100111111011001000000
00000000000001000110001110000010
00000000000101000100101011011101
00000000001000101101000100111101
00000000000000101010100010011100
11111111111101100100110010001010
00000000000011101101011101011010
00000000000010001100001011001110
00000000000001100100111001010001
00000000000011001101001010011100
11111111110100100101111010011100
00000000000000111010101011000000
11111111111001000111001001110111
11111111111011001010100111001101
11111111111101011000001110001010
11111111111111111101111011110011
00000000000000111011011100110110
11111111111101101110000000000000
11111111111111010110001011000111
00000000001001000000100001100111
11111111111110100111101101111000
00000000001000110010111001100001
00000000000101000001100001001110
00000000000001111000100101110001
00000000000010110001100010001010
11111111111011011100011101101011
00000000001010111101001011010011
00000000000101010100010101010011
11111111110100100100101001111100
11111111111000111011101100110101
11111111111010101000010011001111
00000000000011101101000011111111
00000000000100011011000101101101
11111111111100101011011011100000
11111111111001001101101110010001
00000000000001101010001100110001
11111111111110110011010101011111
11111111111001001100000000011111
11111111111011110011001011111111
00000000000001111101000001001101
11111111111100101011001011011111
11111111111011101100011100110110
00000000000010011011111100101010
00000000000010000111100100100000
00000000000011100001010000000100
00000000001000111110010101110011
11111111111101001011110111100011
11111111111010111100001001000100
00000000001010111111101100100000
11111111111111000001110000111011
11111111111001100101101100000000
00000000000000000010011000010010
00000000000000100110101101100111
00000000000001111011000000101010
11111111110110110010010111001100
11111111111111110001011011000110
11111111111001011110111000100111
11111111111110100000101101011101
11111111111101011111011101111100
11111111110010010101000000010110
11111111111110101000000010111100
00000000000110001110001010000011
00000000000001111110111111001000
00000000000101001110010111011001
00000000000011000100110100001101
00000000000000010010100111110010
00000000000100100110000011011110
11111111111000111110101011111011
11111111111111010110101000111110
11111111111110100110110111000110
11111111111110101100000100001100
00000000001001000001010000101010
11111111111100111101100100010010
00000000000001011001000111000010
00000000001011001010010000010110
00000000001001001000000011110010
00000000000110111010100100010110
11111111110010010110000001011100
00000000001000100001001101110010
00000000000101011011101011101000
00000000000100000100001111101011
00000000000110001111100011001110
11111111110101110000010001111111
00000000000111110101001011000100
00000000000100110011001110001101
11111111111100001110001001100110
11111111101111110100000110011111
11111111100011110010011110000110
11111111111111100010010111011011
00000000000000110110100001111100
00000000000010001101000011011011
00000000000001001101011111000011
00000000000010010111010010001011
11111111111000011011111101011100
11111111111110010010101111001001
11111111111111111000001101110101
00000000000001000010011011000000
11111111111111110101000100101101
11111111111010101011000001110000
00000000000000011011001001101010
00000000000101011010001001000011
00000000000110111011011111010001
00000000000100101001001011100010
00000000000111010011000111010011
00000000000010110110111101101110
00000000001100001111000110110110
00000000000101001111111000001100
00000000000000100011100000011011
00000000000111011011010000011000
00000000000011111000000101100101
11111111111101111010011011110110
11111111110101010111101100110101
11111111110101011101111100000010
11111111111101011100010110000011
11111111111101001011001001001001
11111111111111011011010101101001
11111111110110111000010010101010
11111111111000011010010110010101
00000000000011000101011000111101
11111111111001101110111000101001
00000000000001101011011011010011
11111111111101110111101111100100
11111111111100001100111110000011
00000000000010011001010001101000
11111111111110101101011100100101
11111111111100010011001010100001
00000000000010110111111100011010
00000000000000110101101100110001
00000000000000001100000000001010
11111111111100110000110100010110
00000000000001101001000011011010
00000000000001011010000100000000
00000000000000110110100001000010
00000000000100010010110100011011
00000000000001100010011100001111
00000000000001001010111110000001
00000000000010011011001000101111
00000000000011101101011001111100
00000000000011010111111101110100
00000000000010011111110011110111
00000000000111110010011101101011
00000000000100010101000101001011
11111111111000001100111100010010
11111111111010010000101101001011
11111111111111110100011010100010
00000000000110010110001110101010
00000000000111010001111110110000
00000000000100001001100000000110
11111111110111110110001101100100
00000000000001100110001010111100
00000000001000010011000000100110
00000000000101111100100111100010
11111111110110000000101100010000
00000000001001110100111001111000
00000000001000111101100011110001
00000000000101100100001010011001
00000000000001000010000011000001
11111111101101101000010001001110
11111111111101101101110001011111
11111111111101010111100111111111
11111111111100001110001011110111
11111111111010000011010111000111
11111111101110100100001101001101
11111111111110000100110101010110
11111111110111110111101011000000
00000000000100111011110000010110
00000000000100101110010100001100
11111111111011001101000010101111
11111111111001000001110001010111
11111111110001011011110001001011
11111111111110110000010011010000
00000000000011111010010001111111
11111111111101110011111010101011
11111111100010101101001101111110
11111111110110011011111101111101
00000000000100000000001001000011
11111111111101100010111100111110
00000000000011001110000100010011
00000000000001000011110011110111
00000000001010010101100011100011
00000000000011110010000010110100
11111111111111100101010011100000
00000000001111101111100010000011
00000000001011110101010100100010
00000000010000011100001110100000
00000000001000111101101111110001
00000000000000110000100001000111
11111111101110101101101001101111
11111111111000011000100110000011
11111111111100101100000000001000
11111111111011010000011100001000
11111111111111110000100001001101
11111111110000001111111110000011
00000000000010100110100011100001
11111111111111100011101001000111
00000000000000100111001111111001
11111111110110010000100010100010
11111111101110011001011001001100
11111111111000001010000001110001
00000000000001001111100000011111
11111111110111100101101011110010
11111111110110100110101111100100
00000000001100000101000001001011
11111111111110010011111011001101
11111111111111001001100101110111
11111111111000011111001000000100
00000000000000101000110001100000
00000000001011011100100000110011
11111111110101011100011100010111
11111111110101001101000010100101
11111111111111000011110011100000
11111111111000111011001111000111
00000000000001000100011101001011
00000000000011001011011011010010
00000000000101100010011100100011
00000000000101100011101100011000
00000000000010010110011000100111
00000000000001001000101000111001
11111111111011010100111011110101
00000000000001010101110101001110
00000000000011100000100001001001
11111111111001111111111000010101
00000000010001010010001100100010
11111111111111101001000001011111
00000000000001110101101010111000
00000000000101110101100111001110
00000000000001100001101100100100
00000000001000011011010011011110
00000000001000100000000001100110
00000000000000001000111000110100
11111111111010100100000100100011
11111111111110101001001011101011
11111111110100101110001111111100
00000000000001010011101110000001
11111111111010100111011000111101
11111111111001101010111110000001
00000000000010001011000110010111
11111111111110010000000111001001
