00000000000110000100110000101011
00000000000101101110001001111100
11111111111001111010001100110010
11111111111000111100100011000001
11111111110101111010110101100001
00000000000001101011001110111101
11111111110110001000101100111100
11111111111110011101100001011010
11111111111110001001010101010100
00000000010000000110011110000101
00000000000011101001100101101011
11111111111011110011010101001000
11111111111011001000010010010011
00000000000100110000100100001010
00000000001111100101110011010001
00000000000010011111010011000111
00000000000001011011010000100000
11111111111110011011111010001111
00000000000110101011101000010100
11111111111011001100011010110001
00000000001000100110011011000011
11111111111101000110001000011111
00000000000010001101101110000011
11111111111111011100011001010011
11111111110000110110110111110101
00000000001010111011111000001100
00000000001001110010000111000000
11111111110101110010010010110110
00000000000001101001010111110011
00000000001000101010101011011010
00000000001101101001100000101100
00000000001000000010010001110010
11111111111011100001111111111001
11111111110110001011111011100111
00000000000110000111000011101001
00000000001010111010111001000100
00000000000110111111000010100001
11111111111101000100010111110111
11111111110100110010011010101101
11111111111101100101110001001101
11111111111110110110010100111101
00000000000011000010001110111000
11111111111010110001110100011011
11111111111101100100100001011101
00000000000010011101101110110110
11111111111111111100001011010100
00000000001011001000111000011101
00000000000110101111110101101110
00000000000110011110001100001111
11111111110111110011010010100101
00000000000010100011010101100111
00000000100001000100000001111100
00000000010011100111010010111111
11111111111011000111000011001011
11111111110101101101001101100110
00000000010001100100100011001101
00000000010001010111111100111011
00000000000100111000100010001101
00000000000000110000010011111001
11111111111110110000010000111000
00000000010010110100101001111011
00000000001100001001010011000001
00000000001000011011011000010000
11111111111001110011100010111000
11111111111101010011100111101000
00000000000101101101100011101001
00000000000100010011010010111001
00000000000011010111110100001001
11111111111111100111100110100011
00000000000001101010000100010010
11111111111110100101001000010010
00000000000001111000011100000001
00000000000100111001010100110001
11111111111110000001101011000011
11111111111011000011101011011000
11111111111111011011000101101110
11111111111011111110000000001111
00000000000001001000110010111000
00000000000001000101100111011010
00000000000010111000101110100000
11111111111110000010000110010101
11111111111101100110111011000101
11111111111010111001101111000110
00000000001101110010101110001111
00000000010001001001111000111111
11111111111100011011010110101011
11111111110111011111111111000111
11111111111111110001001000100000
11111111111100010110000111110001
11111111111111111111111001111000
11111111111101010111000101001101
11111111111110010111111110101110
00000000000001010000110011000010
00000000000111100111100000011110
00000000001001111011111001111001
11111111111101000001011011100111
11111111111110001101000001110001
00000000000110111110110101111010
00000000000100010011010001100101
00000000001000111110101011110100
00000000001000100011100110001001
11111111111101000011011100001010
11111111110001111111011000100100
11111111110101010010111110011101
00000000000000001100111101001000
00000000000110100000100001000010
11111111111111100010110000101001
11111111111101001111110010011001
11111111111111011100111011101111
00000000000000010001000100000101
00000000000010111100011000110010
11111111111100101000001100101010
11111111111000100101001010110100
00000000000100100000011011001110
00000000001001000011001001100011
00000000000110011000000111101011
00000000000111010100000010110100
00000000000001101011011011100011
00000000000010100101000001110110
11111111111100101110001011101111
00000000001010001111011101010110
00000000001010101111110011010101
00000000001001001010110110110000
11111111111100001100010100011010
00000000000100000011001100111100
11111111111100011110101111100111
00000000000010101110110100110011
00000000000101101111001011111101
00000000000100010010111011001000
00000000000110010100110111111101
00000000000000001101010000100100
00000000000000101110010011010010
00000000000010110111010110011011
00000000000100010001011110101000
11111111111110111001001001111000
11111111111011111101011111111000
11111111111100100110111001100001
00000000000001111101101011001001
11111111111110001111110111001011
11111111111101110100010101111111
11111111111101100011011001101011
11111111111110010111001010110111
11111111111011111001111000000010
11111111111001100111101100100100
11111111111101010111111011011000
00000000000011110000110110111010
11111111111100010000011101001111
00000000000011101110111110111001
00000000000000100000010011011011
11111111111110001110101100011101
11111111110011111000011001101001
11111111110100001010000111001101
11111111110010010101110100001101
11111111111111010001010000110000
00000000000100101101110110100001
11111111101110110110001001001101
11111111111111111101001001101101
00000000000011110110000110001101
00000000000001000100000001011000
00000000001100010111001111100001
11111111111101010001000110100110
00000000000100110001101001001111
11111111111010110000011011011010
00000000000010000110000001011001
00000000010001100001100000001111
11111111111011000110000100111011
11111111110101011000110100010111
11111111111000111011100100110101
11111111111110001100111000101100
11111111111100011100100000101111
11111111111010011101011011000111
00000000000000001001100011110011
00000000000011111001010100000101
00000000000011110110101100000111
11111111110111111100101110010111
00000000001110101110100001010011
00000000000110010110011101101011
00000000000000010111011101010011
11111111111100111100001001000110
00000000011011100011000011101101
00000000001111110010101111110110
00000000001011101001101000010010
00000000000010110001000101101100
11111111101101001101001001011011
11111111110000110111100110001001
00000000000001010100101100011110
00000000000000011111010110011011
11111111111000011011111000000000
11111111110001111110100001100010
11111111111100010100011011001010
11111111111001011010000101010101
11111111111100001101001111101111
00000000001000011111100000000001
11111111111010010010010000110100
00000000001011110011100101111100
00000000000101111110010001010110
11111111111101000111000111100110
00000000000000011111101110110101
00000000000010100011011000111111
11111111111110100001100010100001
00000000010010010110101110101011
00000000001010110010111000111001
11111111111100100011011110111001
11111111111000001000111001011111
11111111101110101011101010001010
00000000010010011010011100101010
00000000000110101101110010011000
11111111111010100001011101001000
00000000000101101111001100100101
11111111111110010000100011011000
11111111111111011011100001001010
00000000001000001010110110000000
11111111111111000001110001010010
00000000000110101100011100100110
00000000001101011001111101101011
00000000000000111101101100001000
00000000001100000010011110111010
11111111111001100110100010101001
11111111111111101000000001000011
11111111110110110001101101011000
00000000000010101001000110110110
00000000000001010101010100010010
11111111101111110110011001100101
11111111111010000010010110100101
11111111111000010000111010100011
11111111101110010100011011101111
00000000000001000111111111010010
00000000000011111000000011100111
00000000001000010011000010010100
00000000011001101111111011111011
11111111100111110000111101100110
00000000000011111111011010110100
00000000001100010011111101110110
00000000001001011011001100100100
00000000001100100101001001110001
11111111110111110000110101011111
00000000000000010101011110010110
00000000000000111011000101110000
00000000000000110101001000011010
00000000000111110100001000001000
11111111111011010100101010101100
11111111111010011001101010100011
00000000000000000110001101100001
11111111111010010110101101011010
00000000000111000000110000001110
11111111111010000011010011100111
11111111110110101101011010000000
11111111111011101100001101111110
00000000000001111111000010101000
11111111111111011101010001001100
