11111111111110011000001110001111
00000000000100010010101101001111
00000000000101111001000101010000
00000000000011000010111110101000
11111111110000100111011100010111
11111111111000001100011101011011
11111111111101010001100011100100
00000000000101111110001110010010
00000000000011010001110001101000
00000000000110100011101011100011
11111111101111011111101110111011
11111111110110010011100101000110
11111111101111100001001001101110
11111111111000110010100011110001
00000000000001000100000101100000
11111111111001110000101001111110
11111111111100000110110000011101
11111111111101111011011111100001
00000000000011111001111000101000
11111111110010000010101011010001
00000000001000011000000010001010
00000000000010100000100110111111
11111111111110110011101110100100
00000000000110101010010110000111
11111111111111001101100110101101
00000000000001101110101101010110
00000000000011000011100110000001
00000000000101011010110011010011
00000000000110100000111011011011
11111111111110100011100100011111
00000000000001100011010010100011
00000000000101010100111110011011
11111111111110011001011100010000
11111111111010001101111010110000
11111111110100001010011111101111
00000000000011110110010011110111
11111111111100110010100100001000
00000000000001000110010100110101
11111111111010110000010010111101
11111111110101101100111110000101
00000000000110010100001111011001
00000000001111010010110010000100
00000000000001100000111110001101
00000000000001010100010110010010
00000000000111000010001110000011
00000000001011100001100101111111
00000000001100001111111111100111
00000000000101101111000010010111
00000000001010010110010010000101
00000000000001011001000110000111
11111111111000110111001010010011
11111111111100010101100000010110
00000000000001010011000011001011
11111111111111101011010111110000
00000000000001011011011011011101
00000000000101000110101000000000
11111111111001010101111011010111
11111111111011011111101001010010
00000000000101100000000110100111
11111111111110010001110111010011
11111111111000110000010001011000
11111111110101101101001000000110
11111111111000100001010110011101
11111111111101011010111000010000
00000000000000111111101101100011
00000000000100110000110001110010
00000000000000010100001000001110
00000000000110100001100000011000
00000000001001101101100010110010
00000000000001100101010100010111
00000000010000000000101101101000
00000000001101011010000110011110
00000000000101000011011100100110
11111111111110001100111101010001
11111111111110000011011101001101
11111111111010000111000111001000
00000000000000010010101111111101
11111111111110001010001110111111
11111111111110001000111110000010
11111111111110111000000101101001
00000000000110111011000001101000
11111111111101011111010001010101
11111111111110001100101011011100
11111111101111011100101101111010
11111111110100100011010101110001
00000000000001110000011111010110
00000000000100001011101000111010
00000000000111100101001010011001
11111111110111011010011110000101
11111111111011010111101101001010
11111111111011000001011011100111
11111111111111101000011110101111
11111111111110101000010001110111
00000000000001111101010010111110
00000000001100111101000101110101
11111111111011011100100110111011
00000000000100000100110001111000
00000000000110001101101001000010
00000000001010010101001101101011
00000000001111111100110110010100
11111111111101000001100101111111
00000000000011011110111011011111
00000000001001000011011011000110
00000000000100001010111001111100
00000000000111011101111101110100
11111111111100111011100001100001
00000000000011100011010100111010
00000000000001100100111010001111
11111111111111000101011000011111
00000000000001000111100111000000
00000000000011001011100011101100
00000000001000000101101010111100
00000000000100001010111110010010
11111111110100101010000101000011
11111111111111001001011101100111
11111111110111010010001100111000
11111111111011000111010110001011
00000000000110110110110111101000
11111111111101100011001111111101
11111111111100111110110000000101
11111111111111110101100101000110
00000000000001001110001000110011
00000000000001100111010101111110
11111111111110110000011000101100
00000000001001101110111101111110
00000000000011011001011001000001
00000000000001111110000000000110
00000000000110001111100101101100
00000000001001011110010001000110
00000000000111010110110110000100
11111111111111001101111011001000
11111111111111011101010101001110
11111111111101000110010100010110
11111111111110010001111010110110
11111111111101101100011011011110
00000000000100001101100010010111
00000000000000011111011111100011
00000000000100011111111100100111
00000000000110001011000000101110
00000000000000110111100110111001
11111111111101010100000110100100
00000000000100101000100100101100
11111111111111011100101111001010
11111111111100000111100001000101
00000000000100011100100010101100
00000000000010101000001110000110
00000000000011010000010111100001
11111111111101110111110001111010
11111111111111110110010100110110
11111111111100010011011000100111
11111111111011111000111001001001
11111111111101110100001000111011
00000000000011100011001010110011
00000000001000010000001100001101
00000000000000110111000011001001
00000000000000000110001101001110
11111111111010101110111111111100
11111111111001101111101110110000
11111111110111101010101100000001
11111111111000110101001101001011
00000000001001100010001000100011
00000000000010111001011101110000
11111111110010111000110100101011
11111111110101101010110000000000
00000000000100101101011111001111
11111111111100001101110101011101
00000000000010110011000001010100
00000000000100111010100100111101
00000000001001100110011111100111
00000000010011100110110110110110
00000000000001101000001101000000
00000000000100101011111010010000
00000000000001111111010010000101
11111111111111111100111001111011
00000000000111100101111110010001
00000000000011011010001101101010
00000000001100001000111110001001
00000000001010111101010010000011
11111111101110010010010000000100
11111111110100110000011111100011
00000000001000000000011001001111
00000000000100000010001100000010
00000000000001000101011000011000
11111111110100010111100011001101
11111111110111101011111100111001
00000000001010001000110111101100
00000000001111110100100010010001
00000000001101110101010100110111
00000000000000110101010001000100
00000000001010101101111110111110
00000000000110000011100011011100
00000000000001100001101110101000
11111111111110000011001101001000
11111111111000000101111010110011
11111111111011010100110111001101
11111111111011011101100011101100
11111111101101010011101110110101
11111111111000101000011000001101
11111111111011000100111101110100
11111111111100001111000101000000
00000000000011001110011100010001
00000000000110000101111001111110
00000000000110000001100011111111
00000000000011111000101001001001
00000000000111100010101011110011
11111111110100011011111111001000
00000000000101001001011110011110
11111111111101000111000101101010
00000000000101011111101000000010
00000000001101011001101011100100
11111111111000000100011101011010
11111111111111001111111010111111
00000000000101000011010010011000
11111111111110111010100001011110
11111111111101001011111001011111
00000000000111011100010010101101
11111111111110111111111100111010
00000000000000100001100010110101
11111111111001100000111011000001
11111111110100010110001000001010
00000000001110011000110110010010
00000000001010001110111010101101
11111111111011110100010110111001
11111111111011110000101111110100
11111111111011101010011111011101
00000000001001001011110100110011
00000000000110001010000001010111
00000000000100110110000110001111
00000000000100001101110100101000
11111111110110111011010110011001
11111111111110010001010000111111
11111111111101000101001111000100
00000000000000010101110011111111
00000000000100010001000100100011
11111111111100100000000111001101
11111111111000111001100100000001
11111111111110010110011100100111
11111111110100001001110011101010
11111111110011101011110110110101
11111111111100111011101000110111
00000000000011111110101001010101
00000000001101110001000110010100
00000000001011000000000110011101
11111111111101101011100001100011
00000000001000010010111001000111
00000000000010101000010001011001
11111111111101111100011011010000
00000000000110000011000101010101
00000000000100011100010100100110
00000000001000110010101010011101
