00000000000000110011001011000010
00000000001000000010011011111011
00000000001101101001001110101100
11111111111111100100011100111100
11111111101010010101101101001101
11111111111010110001111110001011
11111111111000111101101011010000
00000000000101100111011111010101
00000000000101101101000010111011
11111111011100110001000111101000
11111111110100010111101001111011
00000000000001000100111000011101
00000000001001001110111011111000
11111111111101100110110100110110
11111111111000010110010100010111
00000000000001101111010000101001
00000000000000111001010011100111
00000000000101000011000000010110
00000000000010010011010111010010
00000000001011010001001000101101
00000000000111010010110001111000
00000000000000110101111100000010
00000000000001001010111101100011
00000000000101001110001100100111
11111111111110001001100110000111
00000000000111111110111010001100
11111111111100010011010000001101
11111111110011000101101001101010
11111111111111110001101100111100
11111111111001110001011001111101
00000000000101010001101111110001
11111111111110100001110101000011
11111111110110100101100111000111
11111111110111000000001011100111
11111111110001000011111110011100
00000000000101110101011010001110
11111111111111000101000000010000
11111111110110000010010010001001
00000000000000100000100011001001
00000000000011000101111000010110
00000000001101110011110111101001
00000000000011010011000001010110
00000000001001110001010111001001
00000000010000101000000011111101
00000000001100001101100111111000
00000000000000010100100100111100
11111111111110110110000010100100
00000000000001101100100000011100
00000000000000011110100000011100
11111111101011011111111101000111
00000000001000100111001011101100
00000000010100000111110100110000
00000000001110101011011010011111
11111111111011100010110100111111
00000000000110100111001111101101
11111111111001001101101110101100
11111111110101011111110110100000
11111111110110111000110101111110
00000000000010000100101110100111
00000000001000010100100111001010
11111111111100011001111000010010
11111111111100101110101000010110
00000000000000001100000111111001
11111111111000011100011001001110
00000000000110111111101110110000
00000000010101000111011110011111
00000000000110100101010011101100
00000000000001010010110000101110
00000000000100111000010101110011
00000000000110011110111111001001
00000000000010001001110111011001
11111111111100100110111000010110
00000000000010000110101111101001
00000000000101101100100010111010
11111111111011010100011011011110
00000000000011111110110101101011
11111111110111111010110110100111
11111111110010011101010011110010
11111111110111011111000011110100
11111111110001011101001011011000
00000000001010101111001001111000
00000000000010100101001111101010
11111111111111010001101101101010
00000000000011111010111111111110
00000000001001110010011011011010
00000000000010101010100001001010
00000000001001101100110011010101
00000000010011001100001011100000
00000000001100011111111001110111
00000000010000111001111111000110
11111111111100111010111101101011
11111111111111011010101111100100
00000000000100001111110011101111
00000000000101000001101010110110
00000000001001100111111001101000
11111111101111001010110011010010
11111111111010100000011101110000
11111111101100000110100000011100
11111111100111011100100101001010
00000000000011111100010100101000
00000000001110010100111001110011
11111111111101010110001111010000
11111111110110100001011111100011
11111111110110111101110100000001
11111111110111001111100000010111
00000000010110010011101001010101
00000000000011011101111110001011
11111111111011000110010110010001
00000000000000001010000001110111
11111111111100000101110110001001
11111111111111100000010100101010
00000000001100111110010011100111
00000000001001101010101101101011
11111111111111010000111111010001
11111111111110001000100100110100
11111111111001111000101001111010
11111111111011111000111010100000
00000000000110100000101111001011
00000000000100110000100001010101
00000000000000111110001110110101
11111111111010110011110010111001
11111111111110010101010101111110
11111111101101101001110101101111
11111111110101001011001100101100
11111111111101011010110111010111
00000000000001110000000111110000
00000000000010110101001001111000
00000000000110010010011101010011
00000000000010000000000111100100
00000000000000101000001110100100
00000000000001011110000101010110
00000000000001001011100100110111
00000000000001011101111101010000
00000000000011010010001100001101
11111111111110011010100011011011
00000000000001111111010101000011
00000000000100111100001001101110
00000000000000000000000001011001
00000000000011111101010001001011
11111111111111011011000010010000
11111111111110110001111000011110
00000000000000010010010010010111
00000000000010111100010111101111
11111111111111000000010011111000
11111111111111010110001101000100
00000000000010011011101001100001
00000000000011100101101111011100
00000000000110011001001001000010
11111111111110100100111101010110
00000000000001000101110100011011
00000000001010100011011010011001
11111111110011011011111101000010
11111111101110000011000001111000
11111111101111100100111001001000
11111111101000001000001000011100
00000000000010011100101110100101
00000000000011000000011100010010
00000000000001010101111100001001
11111111111010110001100010011101
11111111111010110011001011010111
00000000001000110010000010110111
00000000001000001111011100000100
00000000000111000010110001011011
00000000010110111100101111101010
00000000100101001101100110001010
11111111111111110111000001011001
00000000001001010111100001001110
00000000001001111101100101101010
00000000001010010011010111100100
00000000010011011001100011011000
11111111110010101111110010001111
11111111110101111110111001110010
11111111110100101100011000110101
11111111110011111110111010101111
11111111111011100000010000010101
11111111111110110101111111001001
11111111110101111011011101011101
11111111110101000101101101101010
11111111110110100011101100010011
00000000001011011011001100001101
00000000010011101010101000001101
00000000000111000111111010011100
00000000001000111110100111100111
11111111111101010001000011001101
00000000010101001100111100110100
00000000010111000110011110101100
00000000000011000111101010011110
11111111111010111111001110101101
11111111110111111111000000001010
11111111110010111101011101110001
11111111101111001111011101101100
11111111110011001000000110000100
00000000000010010000101100110111
11111111110111010101110100001000
11111111110011010010110110001110
11111111110110000100110001100011
11111111111011101000010010011010
11111111111110000100011100001001
11111111111111000001110000000100
11111111110001010101110001000110
11111111110111001100011001101001
11111111111110110011000011111111
00000000001000110000011000000111
00000000001011010111110110001101
00000000010000100111000111111001
11111111110011111001010011100100
11111111111100011000110111101110
11111111111111010011001001001001
00000000000111001100001110100010
00000000000100111100010101011100
11111111111110111010111111100101
00000000000110110000100000111110
00000000000010000011111010011001
00000000000100111110101011000000
00000000001110100111011001000110
00000000001110011110101000100010
00000000000011110111011110001000
00000000000111100011110111011000
00000000000001011100011011110011
11111111111100010010100101101010
11111111110101110101101010111100
00000000000101011010100111101101
00000000001000011010100100011000
00000000001000001111101011000100
00000000010010001100000111010000
00000000001111111100010101100010
00000000000100011010100001000111
00000000000101110011100001001010
00000000000110011011111000000000
11111111111100011110000111001000
00000000000101010100011100001100
00000000000111011010010010111101
00000000000010001101011000011001
11111111111010111000101110100011
11111111110101110111100011010110
11111111111100000110110110111101
11111111111101111000011110000010
11111111111101010101011011011110
00000000000111111011111110001111
00000000000011011101101010110110
00000000000101010001111111110110
00000000000010000111100001100011
00000000000000010011101100010000
11111111111100101100101101110100
00000000010111111000111001011011
00000000000101101010100011110010
11111111111100110100100000010001
11111111111110011010110110101011
00000000000100101100011001100111
00000000001000011100100100001111
