11111111111101010101111010001100
00000000000000111100010110001000
11111111111110001110101100011000
11111111111010101110100000000100
00000000000001110001111110011100
00000000000000100101110000110000
11111111111101101010111011000110
00000000000010100011110011100011
00000000000000011110111011010011
11111111111110100011000111011110
11111111111100000000010011100011
11111111111100010111000111111010
11111111111110001100011110010011
11111111111100011011100101011000
00000000000000010101000010100010
00000000000010000000111000101111
11111111111100100111000000011110
11111111111011111011010011010101
11111111111011011100110001100110
11111111111100111110110101001000
11111111111010111010101010111101
00000000000010110100001100111001
00000000000010000110011110101111
00000000000001011011101011110101
11111111111110001011000001101111
00000000000010000110110101110111
00000000000001110101100000110011
11111111111111110011100001101111
00000000000001001010011111001000
11111111111101011010111100101101
00000000000001101001110010100011
11111111111110100000010011101100
11111111111101010010111111100010
00000000000000000000100101011110
11111111111110011101010001000011
11111111111111001001001110010100
11111111111110001101000000101001
00000000000000011001110001101001
11111111111110100101111111100101
00000000000001001011110000011011
00000000000000110001100111101010
11111111111111110000100010101011
00000000000001110011100101101000
11111111111101000010111011110100
11111111111111001110010110100101
00000000000000101011000101011010
11111111111111101010011101001011
00000000000001010000111100101001
00000000000011100100000011100110
00000000000101000011011010101100
00000000000000010101000010100011
11111111111111001001001001011000
11111111111111011110000001010100
11111111111110000001111111110010
11111111111110011011111101001101
11111111111110101001100000010101
11111111111110100100011011111001
00000000000011100110111101010110
11111111111111010100101000110110
11111111111100100110010010001111
00000000000000011110000001011110
11111111111100000010100011110100
11111111111110110110001001111110
00000000000001011101010010101011
11111111111110000010010111111011
11111111111111101000010010111001
11111111111100100001010100111110
11111111111111110100010100010110
11111111111110000010110011011000
11111111111110101001111010111111
11111111111110001001100001110011
11111111111011111100011110011000
00000000000000000111110101000110
11111111111100011011000100001110
11111111111101111101001100001000
00000000000000111110111111101001
11111111111100011001100011110000
11111111111101100000000111010010
11111111111011001100010001111000
11111111111100110111001100000001
11111111111101101110101000000101
00000000000010011000001010001011
00000000000010110100111100001010
00000000000000111000111101110011
11111111111111110100011011101101
11111111111111011110000011101000
00000000000000010100001111101110
11111111111110101101010100001110
11111111111011011101000111010001
11111111111011011100100100111011
00000000000001011000000010000101
00000000000010110010110011101100
11111111111111010111000111111100
11111111111100001110111111010110
11111111111011110001010100000110
00000000000000001010010101111011
11111111111011101101101110000111
11111111111101100111101011001001
11111111111111111100001100001111
11111111111110010101001010111101
11111111111111101111000111111010
11111111111100110010100001010100
00000000000001011001101111110111
00000000000000100100110001010010
11111111111011011101010000001011
11111111111111101100100010000100
11111111111110001000011110010101
00000000000001100101010100010101
00000000000001010110111011111111
00000000000001100111001111010011
11111111111100100001010010110011
11111111111110010011010101101100
11111111111101101100101111111011
11111111111101011011101111100010
00000000000010011000000110001011
00000000000000011100110011100011
00000000000001010110011000011110
00000000000000010001000110100000
11111111111011011011000100110111
00000000000010110100111010101010
11111111111110001000110101110101
11111111111011011101111100001010
11111111111011011000000110000101
00000000000010000011011000101010
11111111111110101101100000000000
00000000000010010001010011001110
11111111111110000011111100010001
11111111111110101001100100001100
11111111111101000010111110010000
00000000000011101001000000111000
00000000000000101101001000100111
11111111111110110111100110001011
00000000000010001100001011001111
11111111111100100110001000100101
00000000000001001101111011011111
00000000000010010011001001010101
00000000000000001011011010111111
11111111111111111100011101101011
00000000000000001000001111100110
00000000000010010100100001111011
00000000000010100100100101011100
00000000000001100000001000001001
00000000000010100110111111100010
00000000000001011011111001111111
11111111111100010111010010110000
00000000000010000111001010011011
00000000000000101111010001110111
11111111111011111111001100011000
00000000000011110110101000100011
00000000000001000100001110011100
11111111111100100101000110100101
11111111111011011010110100110111
11111111111010111010111110100111
00000000000010001110100111101001
11111111111011000001101011110000
00000000000001011001101000111001
00000000000010110000011000111111
00000000000011111110111011111100
11111111111110100100010000000011
11111111111111011010001110000100
00000000000001100010011111110000
11111111111111000111001010100110
11111111111110011010100110001110
11111111111101101110110001100100
11111111111101001100101011010110
00000000000010111101110001011101
11111111111111000010001011011111
00000000000010011110111011001110
00000000000011000001001011001011
11111111111110010110101101110011
11111111111101111011100011010110
11111111111101110010100011110110
00000000000010010000010101011000
11111111111101111111111101001010
11111111111101110011011100101101
00000000000000000110100011000010
11111111111101001010111011111001
11111111111100001101111011100100
00000000000000011000000100100101
11111111111101011001000010111000
11111111111011100111101101010010
11111111111110010111000111010100
00000000000010000111111100011100
11111111111111000010100001000001
11111111111111010011011000011100
00000000000010001010111100100101
11111111111110011010011000101101
11111111111110111011111000001001
11111111111110011111000111100010
11111111111101000111000001111000
00000000000010011100100101100000
11111111111111000100011010110101
11111111111100010111011100010010
11111111111101011010001001010000
11111111111111110111010101011001
00000000000000010101110100100001
00000000000001010110011111100101
11111111111011001010010110101101
11111111111111110011111000101111
11111111111101110010111101111000
11111111111110001000000100111101
11111111111110101110100100001110
00000000000000101001010011101100
00000000000001110101100110001011
11111111111011111100110001001110
00000000000000001000011111001110
00000000000001010100011000011000
00000000000001100101111100101001
11111111111101101010111100110111
11111111111111111100111101100110
00000000000000111000010101110111
11111111111111001001100001000011
00000000000010110000110001011000
11111111111011110100101010111011
11111111111100100110111110010101
11111111111101110000111001010111
00000000000010001010010001010111
11111111111110111000011001110010
00000000000010101110111010110100
11111111111100000101010000110101
00000000000010010011011000110011
00000000000011110001111110010011
11111111111110100011101010011110
11111111111110100001010101000101
11111111111100000001101111011010
11111111111010011001010000001001
00000000000000010011001001111001
11111111111100011110100110101000
00000000000100100011110010101101
00000000000101010101011000111001
11111111111101100000100111001011
11111111111011010101000100111000
11111111111110111000000111100000
00000000000100101110111011010001
11111111111101110110000011000101
11111111111110110001000001010100
00000000000110000001101000111100
11111111111100101001111011000001
00000000000001001001101101010111
11111111111110100011101011110100
00000000000001001010110101111010
11111111111110011100000110100100
00000000000001010011111010111000
11111111111100100100011001001011
11111111111101011101110000111011
00000000000001110111110110101101
00000000000000000001001001111000
11111111111011111000000000110001
00000000000000010011011010000110
00000000000000101110101101100101
