00000000000101010011101110000000
00000000000000001101110000001000
00000000001010101110000100110010
00000000000110001010111001110000
00000000001001101001011110011101
00000000000011010001110100011100
00000000010000011111111101100011
00000000001110011000001010001010
00000000001100101111011100110110
00000000010001101110111001100011
11111111111110101100001100100011
11111111111011100110111000000101
00000000000011001111111111100111
00000000001101001000100101101111
00000000001000010111101111011111
11111111111010100011000001110110
11111111110010100000010101011101
11111111111100110100010101001100
11111111111011110101110110101010
00000000001010011010011001100111
00000000000100010101100100111001
11111111101100001110000100111100
00000000000101100001111001110100
00000000000010111110100111011010
00000000011101011001010111001001
00000000000010001110111001011100
00000000000101000000011000100101
11111111111001100100001100011101
11111111111110101100110100101101
11111111111011111101111001101000
00000000000010010010010010101011
00000000001001110100001010111011
11111111111101000111100100000001
00000000000001100010001010111010
11111111111000000011011001111011
00000000000100001110101100100110
11111111111110100000111110000011
11111111110111000110000000101000
11111111111110101000001000111011
00000000000000000110010010110110
00000000001101011001000001101010
00000000000011000100101111001110
11111111111101111010001011001000
00000000000000101100100000001011
11111111111101010001100000111100
00000000010010000111011111100001
00000000001100011011001001111000
00000000000100100111010100011010
11111111111101101001001010111110
11111111111100100111011001000000
11111111110001000011110001110101
11111111111101110110110111000011
00000000000100010010100100100001
11111111110110000010010101100001
11111111111101101000000101111011
00000000000000110111001111110000
00000000000011010111111110001111
00000000000110010101011001000111
11111111111101001111000101000011
00000000000001100011011101000000
11111111110011101101111110001101
11111111110011000100100000100000
11111111110101111110101100001001
11111111110011101011010010101110
00000000000000000110000010000100
00000000000100000110101011011111
00000000000001011110001001001110
00000000000110111101110110100010
00000000000010101101001111011010
11111111111001110100010011101011
00000000001000000110000110000101
00000000001100011110100110010000
00000000000110110011000001010100
11111111111111000111010011111010
11111111110101111111100111010001
11111111111110011001000010010100
00000000000001100000001100101001
00000000000100001110110100111000
00000000000101010110001011011100
11111111111101100100110100000001
00000000000111001101101010010100
00000000000000111101001010111111
00000000000000010001011110111010
11111111110110010101010100011101
11111111111111000101010100001110
00000000000101000101110101011000
00000000001000010011100000000111
00000000000110011100110000110011
11111111111010010101000001010011
11111111111011100110100101010001
11111111111011100001011001011100
11111111111001011111101000001110
11111111110111101110010000110011
11111111110111111100110111111101
11111111111110011010101010101111
00000000000001001100101001110000
11111111111111010010011110100000
00000000000010001111101001000101
00000000000011110111010000100011
00000000010110000011011111100101
11111111111111011011110001011010
00000000000110111110000000110100
00000000000101100000001100010100
00000000000001100010000100001110
00000000000100011000100001100010
00000000000101100011110100110101
00000000000111011011100110011000
00000000010001011110010001001000
00000000001010100110001011100010
11111111111111110101111000001110
00000000001110011000001001111101
00000000001001010001000111011001
00000000001001011111000101000010
00000000000001011111101000000001
11111111111110111011110000000010
11111111111111010101110010010011
00000000000000011000101101101001
11111111111110000001111101111100
11111111110110000100110111100100
11111111110100101110000111111100
00000000000000010100100100001000
00000000000011111110100101111011
11111111111101111100010000101000
00000000000110011110110011100100
00000000000111100111011011111110
00000000000000101001001111101101
11111111111001010100111101111111
11111111111010011000001100000100
11111111111100110111100010100010
11111111111111000000111011000110
00000000000011101101101110101110
00000000000111011101011100010100
11111111111101111100000101100101
00000000000001000011010001100100
11111111111110001100000110001110
11111111111101110101111101111010
00000000000100111111000011111010
11111111111110110111010100110111
11111111111110001001000010101000
11111111111111001101110111110100
11111111111011000111101010011101
00000000000100001100000011000101
00000000000001011100111101001000
00000000000001100011001101001010
00000000000010111101010010111010
11111111111100101000001011011010
11111111111110110100011001001111
00000000000100000011000111111000
11111111111110010000110000110100
00000000000010101001110010111000
11111111111101100111100110101011
11111111111100011111111111001100
11111111111111011010101001010010
00000000000110110001001111001011
00000000010001010011111011101111
11111111111010100011111010001100
11111111111101000001101001000011
11111111111100111011101001000111
11111111111111000111000111101011
11111111111010110011001101100111
00000000001000111111111001010110
00000000000110110101110101110001
11111111111001011101001111110011
11111111110011100101001100110011
00000000000110110110011011001000
00000000000001001110101111100010
00000000000111110010111010111101
00000000000011010010101000001011
11111111110110000010000101101011
00000000001110110101001111101111
00000000000010001101111001111010
11111111111100000110001001000101
11111111111011101101011101110111
11111111111111011011000101111000
00000000001000111111110110011010
11111111111011010010011100010001
00000000000101010100100100001110
00000000000010010011111111101111
11111111110111111010000101110111
11111111100000100100010000011011
11111111110011001001001000000100
11111111110101000100100100110101
11111111110100101110111001010011
11111111101101100001101110101001
11111111110111101010100101110100
00000000000011011110000111110101
00000000000101110110000110111000
00000000000101000001110011100110
00000000000010100110001010010101
00000000010011001011100010010101
00000000000011100111010111001101
00000000010011110110100110100011
00000000000101011010011000001010
00000000000011001011110101110011
11111111111110110000111010101011
11111111111000011111111011010110
11111111111010111011000110011010
11111111111101110100100110000000
11111111110100110111110001011011
11111111111110011001100101000110
00000000000001000011101011110000
00000000001000000011100110110110
11111111111001101000100011001111
11111111111011001001100000001110
00000000000000111000110001110111
11111111111100110011001011000110
00000000000110100110101001001011
00000000000000001000001000010111
00000000000001100010011101100001
00000000000100000110110001000010
11111111111010100100110101110100
11111111111011000110001101110010
00000000000000101001010001001101
00000000001100001100101101101010
00000000000011000001111001101100
00000000001101101010001110000111
11111111110001101101111110000100
11111111111001111100000000000111
11111111111111010110000111100100
11111111110011110101001111000000
00000000001010001010010111100001
11111111111100110100110100101011
11111111111010100101110101010001
11111111110111100001100110001001
00000000001010100100100101100111
11111111111100011011001011100011
00000000000000101001110010000111
00000000000011111001000010111011
00000000000011110100010011101000
11111111111100111100000111111010
11111111111101101100100100001111
11111111111100101111110000101011
11111111111111111011110111011001
00000000000100110010110000010111
11111111110101000011101010111111
11111111111000101110110011010001
00000000001111100101001111011100
11111111111111010011101001101010
11111111111000010110101011000110
00000000001001110111000101100000
11111111111101000101001000110001
00000000001100110101010001000010
00000000000110100101010111101100
00000000001011010100010110001000
00000000010000011110011000011101
00000000000000111001110010001001
11111111111110100010001000011111
00000000000111010111011111100110
00000000000010010100010011010000
00000000000001101011101111010010
