11111111111110100111000010101011
11111111111111101010000100101110
11111111111100100011101010001010
11111111111100010101101011101101
11111111111101111000111011101011
00000000000100011100110010101101
00000000000101100010010101110000
11111111110110101001111001010010
00000000000000101001001000010000
11111111111111011101111110000101
00000000000101101010111101001010
00000000000000111001101010011101
00000000000100111001110101111000
00000000001001111001001010000101
00000000000100101111100000100110
00000000000100000000101111001010
11111111110111011011010100011100
00000000000010111010001010111101
11111111111111111110010011110110
00000000000101100001111100110010
11111111111111100100000100111010
11111111110100100011111101000010
11111111110101110111011000011001
11111111111100000101010001100101
00000000001010010011100001011011
00000000000111001101011010000000
00000000001000010001110101100100
11111111111010101101000001100111
00000000000111101100001011010100
00000000000010010100010000100011
00000000000010101010000110100011
00000000000100100001000110011010
11111111111000011101110100111001
00000000000001110000001010000110
11111111111100011011110000100111
00000000000011101101110111000000
00000000000010011100111101101001
11111111111000110101011101100001
00000000000001110101101111001000
11111111111000100000110110000101
00000000000001110001001110100110
00000000000000010010111011000001
11111111111010110110101100111000
00000000000101110101000011000110
00000000000101100010000000101000
11111111111100000001011110010011
00000000000011001000111000110110
00000000000110011001011000110111
00000000000010110101001111010010
11111111111101100111001000110011
00000000000100011001001011100110
00000000000111100010000010111111
00000000001101101001010000111001
00000000000011000011111101001101
00000000001000010101000000101001
11111111111010110001011001001100
00000000001000011011011100100000
00000000001010001011100100110011
11111111110100101111111110101011
00000000000010000011111101110000
00000000000110001011110011011011
00000000000111010011011101110110
00000000000111111111101001000010
11111111110100001110011101101110
11111111111101101111110001101110
11111111110111010110111111110011
11111111111011000101100100001100
11111111111011101011110001001101
11111111111001000101101011110011
00000000000011111100011100000111
11111111110101110111110110111110
11111111110001010111111001111100
11111111110111010000101000001000
00000000000100100001110001111011
00000000001110111100111000011110
11111111111010100100001100011110
11111111111101010110110001001000
00000000000010111011101100001101
00000000000011110010101101110101
00000000000000001101010001111111
00000000000010011110011001001100
11111111111110010001001100001100
00000000000010110000111111000000
00000000000110100110011111101001
00000000000110110011001111111110
00000000000001110010110000111101
00000000000000100100100100011101
00000000000010101110001000001000
00000000001000010010110010000100
00000000000001100011111000110110
00000000000110110100001011010101
00000000000000100110100100000100
00000000000110010010101100111101
11111111111110111110000111111101
11111111110110001010001110101111
00000000000100101000001110100010
00000000000100100010000011000000
11111111111101010011000000000001
11111111110010111001100000000101
11111111110011110111101001111110
11111111111010011101101101011000
11111111110110100011010000000101
11111111111001010000010100101100
11111111111101101011000000111011
11111111111111111010110010000010
11111111111110001010000111011110
11111111110111000100011111101011
11111111111000000011011110101001
11111111111100011100110110111010
11111111110111101010010101000000
00000000000010000010101010110111
11111111111111011001001010001111
00000000000011101101111011001010
00000000000101001110100000011001
00000000001010101100010101000000
00000000001010100100010011110000
00000000000101101111111100101100
00000000000110010101111010110011
00000000000011011101110111101100
11111111111111001001100101111111
00000000000011001111101110111010
00000000000101101101001011010110
11111111111010101101000000101011
11111111111111011011011000001011
11111111111101100101100100101101
11111111111100001100010101111101
00000000000001111100100100110101
11111111111111100001010100000001
11111111110110101000001100100000
11111111111001011100010110101001
11111111111100110000001000010100
11111111111011001001011011011000
11111111111101110001111000001011
00000000000001001011100100111101
00000000000000000110100001111111
11111111111110101000011100111011
11111111111100000101110111000000
11111111111111000000010101110100
00000000000011010111100101001000
00000000000001101110101110110010
00000000000100101101001110101000
11111111111101010101011100110101
00000000000000111001101101011001
11111111111011001101110001001010
11111111111101011101111111000100
00000000000000101101110110111110
00000000000000101000111000010001
00000000000000110000110001110110
11111111111100111111111010011101
11111111111101000000011101010001
11111111111110011000000011011010
00000000000000000110000110101100
00000000000100011010111001111001
00000000000011111111001111010010
00000000001001101010000110001100
11111111111100100111100111110001
11111111111011010111110001101001
00000000000001011110000010101100
00000000000111011001011011010110
00000000000011011101000111010111
11111111111111111000101101010101
11111111111011011100101110001010
00000000000110110101010100001010
00000000000101000000011011011101
11111111111101000001001010100101
00000000010001001110001010011001
00000000001101001011101100110100
00000000000011001000010000100100
11111111111001100110001011010111
11111111101100011011101100111000
00000000000101000001101001011000
00000000000001011011010011001010
11111111111011110011100010001110
11111111110100100100110111000001
11111111110010000011011010100101
11111111111000011010101011000000
11111111110111010001100100001101
11111111111111001011100111101010
00000000000100000110011011110111
00000000000011010111101000110110
11111111111111110000100000111000
00000000000110000101001000010011
11111111111101100001001111001010
11111111110110101110101010010000
11111111110001000111111111001110
11111111101110100011101011001010
00000000000010000100000100000101
11111111110101001101100011000111
11111111110110100001011111000001
11111111111011110011001100111000
00000000000011001101100011011011
00000000000010011100100010111111
00000000001101010011000000111010
00000000001001001111100000001101
11111111111101010111011100010011
00000000000000001001010000101110
00000000010010101011010000100110
00000000000110111101101111100100
00000000000010110011101000110001
11111111111101000110011000010100
11111111111010111010011010100110
00000000001000001110001011101100
11111111111011110001100010100001
11111111111001010000100011100111
11111111101011110001111000101000
00000000001000010011010011000011
00000000001000001001100111111010
11111111111101100001010000010000
11111111111110001101001000111100
11111111100100100001111000000100
11111111111111001011001011010001
00000000000010011010000001111101
00000000000100010110010011011010
00000000001111000001101000000101
00000000000011010110100001011011
11111111111100000010100011110011
11111111111101101110110000010010
11111111111110010100010001101100
00000000001101111101000011110001
00000000001010010101101010100001
11111111101101110011101000010101
11111111110010100100000100001011
11111111111111011010000000110100
00000000000111000001011100010111
00000000010001111100011000000000
11111111111011010010101010111100
11111111111100010101000010000100
00000000000000001101011111100010
00000000000110110110100111010111
00000000001110010010100000110010
11111111111000000100010010101100
11111111111001101010100110100101
00000000000010000110101111000010
00000000000111011110110011111011
00000000010011100101111000110001
00000000000100110000101111000011
00000000000101101110110001010100
00000000000000101011000100001110
00000000000011000110100001001110
00000000000010101101000010111100
00000000001010000111101010111011
00000000000000011010100100010100
11111111110110011111000100010011
11111111110111011101101001011001
11111111110110101001111001001001
00000000000110011110101001101010
00000000000100011111001101111010
11111111111011000100010110100010
11111111111010101010000001010101
11111111111101101001001101000011
