11111111110101101011011111101101
11111111111100011001100100101101
00000000001011100011010101100111
00000000001100001110011001111111
11111111111010100101110110110100
11111111111000110001010010110000
11111111111110010110000111111010
00000000000011111101101000001011
11111111111110000111000010011111
11111111111111011000111000101101
11111111111111100010010101100000
00000000000000010011101010010000
11111111110111110010111110010001
11111111110110001100011110001010
11111111111000000100110011001111
11111111111110111100011101101111
00000000000000110101110000111101
11111111110101111011000011100010
00000000000001111101011001110001
11111111111111101001000110101100
11111111111111000010101111011101
11111111111100110101110111111001
11111111111001101101001011110110
11111111111111100011100000110111
00000000000000111001111101001010
11111111111111100001111110001100
11111111111100011001101100110110
11111111111110111011110110000000
00000000000000111010000101100101
11111111110110111010101111001111
11111111110110010111110011110011
11111111111111111101001110110000
00000000000011101111001110100110
00000000000011110100001110000111
00000000001000110011011100100011
11111111110000001100110010100011
11111111110110111110001111010101
00000000000000111110001100011000
00000000000000011101111011100111
00000000000111101001000011111000
11111111111011101111100011100000
00000000000111111101100100101110
11111111111101110110110011110111
00000000000100111110100010000000
11111111111110011010010000001111
00000000001011000101010100111010
00000000001001000111010010011110
11111111111011111110000100001111
00000000001000010101100110010110
11111111111101001010111111000010
11111111110110101000000111010111
11111111110010111101010110111010
11111111111001000100000101010101
11111111111000111000010001011101
00000000001000100101010111011110
00000000000000000110011111110010
11111111111010010001000010000101
11111111111110001000000111101001
00000000000000100100110001010000
00000000000011001111000010110011
11111111110100111001011010010011
11111111110001000101101110111111
11111111111100001101101110000001
00000000000000010110100110010110
00000000000010000110110100000110
00000000000011011000100000101001
00000000000000110001100110110010
00000000000110010111001111110010
00000000000001000000011100110100
00000000000000101100110110111111
00000000001010101011110100110100
00000000000010111001111111010101
11111111111110100001111100100000
11111111111011010001011110010001
00000000000110110000010010000110
00000000000000111100000101101011
00000000000111000001110101001001
00000000000011010101001000001010
00000000000001011101100100101110
11111111111001100101100110110101
11111111111010100100100100111111
00000000000001111010010001110100
00000000001010000101110010101101
00000000001001010010011001010001
11111111111001001010010100010101
11111111111011000010010101001000
00000000000011110101000010100110
11111111111110010001100101110010
00000000000101101000010000001111
00000000000110111101101101011001
11111111111110001000011110001010
00000000000001100101110110001111
11111111111110011001110110010010
00000000000110011101100101110101
11111111111100010111100101110100
00000000000000110011000010110111
11111111111111010110010011001111
11111111111110001101111100001010
00000000000001110001010100100011
11111111111011000011101000011111
11111111111100100011000110001011
00000000001101101111011111111010
00000000001000000110010100011011
00000000001111000010001101010011
00000000001101010101011100101110
11111111110000111110111100100110
11111111111000010001110101101110
00000000000010000000110011000011
00000000000101111010010011101110
00000000000010011110000101100101
11111111110011100100100100011101
11111111111111110100001000011101
00000000000001100010000100011110
00000000000110101011010110111100
11111111111011100101100100000111
11111111111000011001111000110111
11111111111100000111011000011111
00000000001001011000001101101111
00000000000110010010000001001100
00000000000101001011100110110101
00000000000101001001100011110111
11111111111100110101111001010001
00000000000111011000001101011010
00000000001000101110111010010100
00000000000001100111100110001110
00000000000110101110011110001101
11111111111100001011100000000010
00000000000111011000111010011111
00000000000010001001100011001110
00000000000110111111011010101010
00000000000000001010010101000011
00000000000000000110110101000111
11111111111111100011100100111110
11111111111110000100010000000101
11111111111110010100010010010001
00000000000000100101001010000010
00000000000011101100111010100000
00000000000001111000100010111000
11111111111101001001100001110100
00000000000001010111000110111011
00000000000010010101001111000011
00000000000010000011101001111111
00000000000101111101110011010001
00000000000001001010111000100000
11111111111110111001000010100101
00000000000101010001101111100100
11111111111100110001110110111101
11111111111011100011100110110011
11111111111101110000101101100001
11111111111100100001101011100001
00000000000011010111111111110101
00000000001001010101111111011000
00000000000111111111101010111110
00000000000110110010010100000100
11111111111111000001100110011100
00000000000001010011011110011011
11111111111111111101111111111000
00000000000000010010110001001000
11111111111011101001011011111100
11111111110100100101101001111011
11111111110100001110100100111000
11111111111000110011001011001110
11111111111010111110001001000111
11111111111110000000001001100110
11111111111111101101101111111000
11111111110100011110111011101111
11111111111110011011001000100011
11111111111110010110011110100001
11111111111110010100110001001110
00000000000010111001101100110011
11111111111001110010001010111100
00000000000001101100110101001011
11111111111101001111000100101100
11111111111101001111111110001010
11111111111100011111111001011010
00000000000101000001001100010011
00000000001100011100101101001101
00000000000100111110001001101011
11111111110110000110101110111000
11111111110100011100000110000001
00000000001011001101000101011001
00000000001000111111000011011011
00000000010101110111100001010000
00000000001000011110100111101001
00000000000011011110011111010110
00000000000000101001011110010000
00000000001010110111111001011101
00000000001110110000011110100111
00000000000101101101110111010110
11111111111011110000011101111000
11111111111011111011101011111011
00000000000000100111010000011111
00000000000001001100101111111111
00000000000011001100001111100000
11111111111001011000110100001100
11111111110000111011100101000111
11111111110110110000111000110000
00000000000000111001000000100110
11111111111001110101011101111010
00000000001000000110111000011111
11111111110101001000011011111111
11111111111101010110011100000000
00000000000010010101100110101110
00000000001100000100011010001111
00000000010110101001001010111000
11111111111010110101100010010111
00000000000010101011111101110001
11111111111110110101001000000111
11111111111011110110101010110000
00000000000001000010111001000110
11111111111100001100101010011000
11111111111110001100000011111000
11111111111001010101101000101101
11111111111001011111101011111100
11111111111011111011111011011100
00000000000100100101100000111111
00000000000001010010011100110110
11111111111000111101000001111001
11111111111001111000000110010001
11111111111110000101101111101011
00000000000110000011110001100001
11111111111100110111101010111011
11111111110010110100100000001011
11111111110100110000000001110100
11111111110111001000010111101000
00000000010001001010110111011011
00000000001101001111001110011000
00000000000110000001001000011011
00000000000010011101101101100111
11111111110011100001001001010011
00000000000110001000110000100010
11111111111011100110001101011000
11111111111100100000111010100010
11111111110111110110101000110101
11111111111001010000100011010010
11111111111011011101101001001111
11111111111110011010000110110000
11111111111011000111000001110101
00000000000001010110110100000000
00000000001010010100001011011010
11111111110101111011000110101001
11111111111100011010111110000101
11111111111000111011000100100000
11111111111011011011000010010010
00000000000101001010110010101111
11111111111101111100000110010111
00000000000000110010101111101110
00000000000111100000010100011100
00000000000010000001111110111110
00000000000000100011011111010100
