11111111110001101100100110110010
11111111111011010001100010100110
00000000001010001101101001011001
00000000010101001111011000011111
11111111110110110001001011100011
11111111101111011001000111100110
11111111110100100110011011100110
11111111110011001011111111010110
00000000010001010101111101101010
00000000000101101010101000111001
11111111110010101011010111001110
11111111111101101001110101100000
11111111111111001011110111111010
00000000000010111001010000000100
00000000000101110100010100101100
11111111111111000101000000110110
00000000000001010110010100011001
00000000001001001001001111010001
00000000000101011010101000100011
00000000000100010010011011111010
00000000000000100101111001001001
11111111111010101100010010010111
11111111110010110111110101010100
11111111111110100110010101101011
00000000000011010101001011110111
11111111110100010001100000101010
11111111110011011001101101101101
00000000000100000111101000110100
00000000001000101011100111101111
00000000000100001111101010010101
11111111110000110010101001010000
11111111110100001101001100101000
00000000000010110001010110110011
00000000000111000100100111011000
00000000001110001000101100101001
11111111110111001110101000100100
11111111101100101101000001001000
00000000000010000110110011111010
11111111111110110001010110001011
00000000000101001011011100101100
00000000000010000100011000111101
11111111111001000101100010011110
11111111111110111110110101110101
00000000000001010100100101011101
00000000000010001101000010000111
00000000000101010000000001010110
00000000000011111010100011110010
11111111111010010110011001010111
00000000000010001000101110110101
00000000000010010001011000111001
11111111111010101001110000110010
11111111100111101010110111011010
11111111110101110001100110001001
00000000000100100111001010110010
00000000001010110111000110000101
11111111100111011001011111111111
11111111110001000110110010011011
11111111111001101101010110110011
00000000000010110111011001000100
00000000000110011000111001101010
11111111110101100011110101010110
11111111111110010000000001111100
11111111111001110110001100001001
11111111111111100111101101101000
00000000000110001110101111010111
00000000000010010001010000000011
00000000000101100010000011110010
11111111111000001000001000110100
11111111110111110011011001001100
00000000000101010100010011100001
11111111111100000110001000110101
11111111110101011111111001100001
11111111111000000001001011101100
11111111111110010110100000001111
00000000000110010100101011001011
00000000000010100111100010110011
00000000000000000010111001110101
11111111111111100110101000010011
11111111111111101011111011001111
11111111111010101000000010101011
11111111110111110010110110100110
00000000000000001001001011000010
11111111111110101111010110001101
11111111111110100010100111101100
11111111110010101101100100110101
11111111111100100000011111110101
11111111111100111100100110111101
00000000000010000110100010111110
00000000000000100101001111001100
00000000000011011110011111011101
00000000000010010110011010010001
11111111111100111011011111001000
00000000000001001000000010101010
00000000000001111101001101101101
00000000000100001010101101011110
00000000001000100000111110000101
00000000000101010100111010001101
11111111111101101100100000100011
00000000000001111111000010111100
00000000000011010100000111000001
00000000000010011011110000110001
11111111111001001100111000110101
00000000000010101011100001011110
00000000001001001111010101110110
00000000001000100100110001100010
11111111110011010100100010000000
11111111110001011011100100101001
11111111111010111110001100000100
00000000000010011110001011111111
00000000000011010110011100000111
11111111110011000000101011001101
11111111110001110010111010000111
11111111111001100101000010000111
00000000000000111101111100110000
11111111111001011100010010111110
00000000000110110000001011100010
11111111111111010101100101001100
00000000000011100101110011001101
00000000000001110111101111010110
11111111111111101000000001100111
00000000001010010111100010010110
00000000001010011000101100110100
11111111111111100010000111011001
11111111111100001110010001111111
11111111111100110101100010111111
00000000000010101010000101010000
00000000000100001001110111110000
00000000000010010101011001100011
11111111111110110111000111110101
11111111111101111101000001110010
00000000000011001000001100000101
11111111111011010001111001111101
00000000000001000111000110110011
00000000000001100110010111011011
00000000000000100001111101010100
00000000000001111110100111010010
00000000000110011000110000111011
11111111111010001111110110101110
00000000000000101101000001101011
00000000000011010101101101101000
00000000000001111010100101101001
11111111111101010010100000110111
11111111111010101001100111000001
11111111111111111011000100100100
00000000000101111001001001010110
00000000000100110010011010010110
11111111111101010101111011001000
11111111111111011000001000111100
11111111111100100001001011001101
00000000000000101101000110110011
11111111111111110101110100101101
00000000000000011100110011001100
00000000000100111110010010110011
00000000000001010100011000010110
11111111111000101011000110001011
00000000001010110111001111110011
00000000000011010111100101010010
00000000000000100110001011011101
00000000000001101000001101000111
11111111110100100000100101111100
11111111110110010010100011010111
11111111110110011111001010010011
11111111111100110001011001010110
11111111111001110001011110111001
11111111111000011101111010101101
11111111111111000100011101111110
00000000000011101110110110010110
00000000001000000110011100001001
00000000000010010011110110010011
00000000001000001000110110010001
00000000001101100000100110110011
00000000000111111110010110011010
11111111111110011111010100010011
00000000000001011110100010100011
00000000000111100101101110101111
00000000000011011000111010011011
00000000000110111001000010001110
00000000000001011101100100001010
00000000000110011110100100101111
00000000000101011010111111001011
00000000001001101000011010011110
00000000000110101101011010100110
00000000001010001100100101010000
00000000001001001001100001001100
11111111111001001101111000010010
11111111111010111000100010100011
11111111111000000010111111011100
11111111111101111011111011000001
11111111111111000100100100110000
00000000001101011100010010011101
11111111110110101100111101011111
00000000000001011100010110000000
00000000000010001101010101000100
00000000000111101010110010111110
00000000000001100010100111111100
00000000000100011110111000000001
00000000010101101110100001100010
00000000001011100111110111011111
00000000000100001100111010010010
11111111110101001100010000011010
11111111100100001000110000100100
11111111101101011001101011111101
00000000001000000011011011110010
00000000001111101110011111100011
00000000100010101010011001100011
11111111101011000011100101110011
11111111101110010111001001110101
11111111111111111010101001100100
00000000000111001010111001110011
00000000010010000110111111111110
11111111111111110010011011101100
11111111110001001110111111000101
11111111111110000100011111011010
00000000000100001010000010100111
00000000001010101111001000000001
00000000001001011001110100001000
11111111110101111101001111000101
11111111111111011010101010110010
00000000001001000001000011001111
00000000000011010101100111001101
00000000001100100101011100110000
11111111110101100111101100110110
11111111110110100001111011011111
00000000000101010111111011110101
00000000001000011100100111100010
00000000000011100111000001100111
11111111111110000001010100110110
11111111111110101001101111000100
00000000001100010001101110100111
11111111110011110000100010001010
00000000001000100000001101110110
00000000000100000100110011101101
11111111110101101011011110001011
11111111111100100100110001000010
11111111111110000010101101001010
11111111111101110011010001000111
11111111111101101011100000001101
11111111111011011010001110101001
00000000000000001000101000101100
00000000000011111010000000110010
00000000000000000011000001111110
00000000001010100000000101001100
11111111111110111111010101011010
00000000000000111010001001001111
00000000001111000001100100100011
00000000000110000001111110000011
00000000000011110110101011000000
00000000000110000001110001010011
00000000000110001011011010001000
00000000000111111111110110010011
