11111111111011011101001011011111
11111111111100110111100010110011
11111111111001111111101100110000
11111111110101111001011010101110
00000000000100000101010101000011
00000000000100101110001011011000
00000000001111000111111001000111
11111111111110110101011101010000
11111111111001100000101010111010
11111111110111010001101001011111
00000000001010100100001101000001
00000000001100011111110110101011
00000000000011100101011000000100
11111111111011110101011011010010
11111111111000101011100000101100
00000000000011100001100100110011
11111111111100000101100001001011
00000000000100011000011100101111
11111111111011010000001111100101
11111111110100110011010110001000
11111111110111100100111110111100
11111111111011010010110111011111
00000000001001111001001100010101
00000000000111010010110011110010
00000000000101000000111110011110
11111111111011010011001000011111
00000000000100110111110100100110
00000000000100000110010101001000
00000000000111001100010111111100
11111111111111000101100101111100
00000000000010010110110101000010
11111111111010011110100011001110
00000000001010010011010010001010
00000000000111010100011011001110
00000000000000001111111101000001
11111111110110100011101101000100
00000000000000000110010110000101
00000000001010110011011101100110
00000000000101001010100001001110
11111111111010101101000101100110
11111111110111110100100110001010
11111111111100110101000110111000
11111111111101000111011101110101
11111111111000101011100001100110
11111111110001111101000010001001
11111111110101111100011101110101
11111111101111011001001111111011
11111111111100111010100101010000
11111111110011111010100011011011
00000000000100000010001001110000
11111111111110011100110101111010
11111111101011000111001010000101
11111111110001010011000000100101
00000000001100001001110101001100
11111111111010001000000001100011
11111111111001010000010011001000
00000000000010111110010010101100
11111111111100010001010101100111
00000000000010010110001111101101
11111111110111110010011001010011
11111111111001001101110101101100
11111111111011100111010010011100
11111111111100010001100000101011
00000000000111000000110011000100
11111111111100010111011101111100
11111111110100011101010100110100
11111111111100010101111010100110
11111111111111001001000010111101
00000000000110101001010111000111
11111111111001110001111010001001
11111111110000110111011100100101
00000000000001011010000001010001
11111111111100100111101110010110
00000000000001110000001111001110
11111111111100011100111001101110
11111111111110011100000100110000
11111111111111001100001000101001
11111111111111010001001000110000
00000000000000111100100100000010
00000000000011001100110001010110
11111111111101111111110100111001
11111111111110000110110010101110
00000000000001110110100100010001
00000000000011110000001111010000
00000000000101101011011101111100
00000000001100001110011010000100
00000000000100101110011010001001
11111111111101110000111111011110
11111111110000110100000110000011
11111111101011101000110111111100
00000000000100100010100011000100
00000000000011001110101110101001
11111111111101101001000001100111
11111111110111011101110000010110
11111111110110110011011011111011
00000000001011001111001000001110
00000000001110100111010100011001
00000000001001111100001100100001
00000000000111011010111000000100
00000000000100100010011111001100
11111111111001000100011101010000
11111111111010111111010000101100
00000000000010011001101001110011
00000000000110100000101011011100
11111111111100011110010111101110
11111111110010100001001111000110
11111111111000110000111001010010
00000000001000000011001100011101
00000000000110000001010111010000
11111111111010100111100011011001
00000000000111111110011111010011
11111111111100001110000111111010
11111111110111001111111000110100
11111111111010100010011110100100
00000000000000011111110001101100
00000000001000100101001100111001
00000000000011001011000111001010
11111111111101000001010010011001
00000000000010101000100100001000
00000000000001000011011111010101
00000000001110001001000101111110
00000000000111101011110111010101
00000000000111110101000001010100
00000000001100001010111111010011
00000000001001000000111100010100
00000000000000001001010111100001
11111111111000101001110110011000
11111111111001111111001100011011
11111111111110100111000000100110
11111111111101101001011011111000
11111111111100000111100011111010
11111111111101111100010000001011
00000000000001010011001111101100
00000000000100100111001111110001
11111111111100111111010111000000
11111111111100010011101001001010
11111111111100010110000111111000
00000000000000100110011100010111
00000000000001000000000010011010
11111111111110111001011110010001
00000000000000101001101100011010
11111111111011000000001000110111
11111111111111100011010111101000
11111111111010111001100000000011
00000000000000110001010001110101
11111111111110101111100101110100
11111111111110110000000101110011
11111111111011000000111111001001
11111111111101000101110010111001
00000000000011001100100010100011
11111111110111010110000001010010
00000000000100100011111001001101
00000000000111010110011101111001
00000000000100001011101101000000
00000000000101100001110100101000
11111111110110101101100010000110
11111111111011000010111010010111
00000000000101011101011111001100
00000000000100001111100100001101
00000000000111001010001000000010
00000000000000010011011100111001
00000000000011111001101100100011
00000000000111001100011000000001
11111111110100001101100100110001
11111111110011000101110000110101
00000000001011100011100111000110
00000000000110111010111001100000
11111111111000010000110110011010
11111111101011010100101101010000
11111111100110101100111110100010
00000000000111111111110110101000
11111111111100110000100001100001
00000000000000101100111011111001
00000000000100011001111111010011
00000000000100111001111010001110
00000000000111000100011101011111
11111111111101010011100010011000
11111111111011110100100001010101
00000000000100110111000111101110
11111111110100101100100011111010
11111111101100101011000111101101
11111111101111100000110010110001
11111111111100010100011000100100
00000000001101010010000100110001
00000000000011101110001100101000
11111111101010011101110110101110
11111111111011101011101101110101
11111111111111111000100011110100
11111111111111010110100000011010
00000000000101011111101111010101
00000000000010000010000010011111
00000000000010110100100111010100
00000000000001011010010110001001
00000000000010001001011111100011
11111111110001000110010000100000
00000000000110110100010100000110
00000000010001011001000010011110
00000000001110000101101101001000
11111111111110100011110000100010
00000000000101101110111101100101
11111111111100000000101111111101
11111111111111001011011111110101
00000000000011000000000000000111
11111111110000011001001110011011
11111111101111001000101010100110
11111111111011101010011011100011
11111111111000110101100110011010
00000000000011000000011100001010
11111111110110111000100010000010
11111111110011000100101001111011
11111111111110001110010100000011
11111111111101001110110010110110
00000000001011001100101111001010
11111111111101000111111111011001
11111111101111110000100100100101
11111111110000100111111110111011
00000000000000000000101100111111
00000000001010111100100110111001
11111111111111000111111110001110
00000000000011000111101100101010
11111111110100110111100111000010
11111111111000011000100100000011
00000000000100101110101011010011
00000000001000000110000001000010
00000000000100101011100010100111
11111111110101000010011010011010
11111111110101101111100010011000
11111111110001001001110001000111
11111111110011000100100101001100
00000000000011111001001001101101
00000000000010111111011000101000
11111111111100001100001011110011
11111111110100111110111100011000
00000000000000111010010001000001
00000000000110010000011110001110
00000000001000011101101100001000
00000000001010010001101100100010
00000000000110111110110001111100
00000000001101111011001100110100
00000000001101110101000101010001
00000000000010000011001111001011
00000000000101101100010010110101
00000000000100100110001111010001
00000000000010000101101111000111
11111111101001100100110010100010
00000000001010001001000100100000
00000000000011010000010110101011
00000000000011110000111000110001
11111111111011001111010010111100
11111111111010100000001011101001
