11111111111101011001110001010000
11111111111100011110001111000100
11111111111011001010000011111111
00000000000100101100110111010010
00000000000010101001100001010001
11111111111111101101111100111111
11111111111011001100110110001001
11111111111111110101010011000010
00000000000001111010111001000111
00000000000000111110001111110100
11111111111010001111111101001111
11111111111110000111000100101101
11111111111001100011001101000011
11111111111001100101001100101110
11111111111100011100011011111110
11111111111110110001101110101010
11111111111101110111010001011110
11111111111111000101101000011110
00000000000000011110011111000101
00000000000010000101000101000011
11111111111001111001010101111011
11111111111011111100110011110111
11111111111101001011000101101100
11111111111111000000000000110010
00000000000010100001000100111101
11111111111110000111000000001110
11111111111111001111111100111010
11111111111100100110111100001101
00000000000001001011110111010111
11111111111111011110001100111100
11111111111101011011101101100001
00000000000000000110001000000100
11111111111111010101100011100010
11111111111101010110100111011110
00000000000000100001011101011001
11111111111100001101101101100111
11111111111100101001000011010010
11111111111110100101110101100011
11111111111010101101110111101100
11111111111101010101100001110100
11111111111101101000100000001100
11111111111100110101100111101010
00000000000000001001001011100001
11111111111101010000100111001100
11111111111011110010010111011110
11111111111101111010111110111010
11111111111100010110011000110011
11111111111101010111110101011011
11111111111010110000001100000000
11111111111101111110001000110111
11111111111101110100000000000010
00000000000000101010101011101111
11111111111101000110001001110100
11111111111101011000101011010010
11111111111110101010000101001000
11111111111101111110010011010101
11111111111111101100011101010000
11111111111101110100011011011111
11111111111111110111110110111100
11111111111110010100101001011101
11111111111000100101110000010010
11111111111111111001001100111000
00000000000001000101101011001101
11111111111110000011000010011011
11111111111100101011100010011101
11111111111010000010111011100110
11111111111110010100110011100100
11111111111111100001000111011001
11111111111110011110001111111111
11111111111011000100110100000100
00000000000010100110011010111001
11111111111010111010011101000111
00000000000000001110000000101111
11111111111111000001110001100110
11111111111010101111111111000100
11111111111111111100110010011010
11111111111011001011110000011011
11111111111011010001010011000011
00000000000000101001000001111011
11111111111011010000111010001111
00000000000000000000110100101000
11111111111011001111101010011111
00000000000001000010101110001110
11111111111101111011101101100010
11111111111111001100101000011110
11111111111101100011111100000111
11111111111101101101100001010101
11111111111011001010001110001010
11111111111101011110001101101101
00000000000010000000101010111101
11111111111011101111000011111100
11111111111101011001010001110001
11111111111101100110101001110011
11111111111111101011000011000011
00000000000010010000000010101110
00000000000000011001010001111000
11111111111001101000001000000100
11111111111011011100100101110101
11111111111001110111110010001100
11111111111111111100001011100010
11111111111110000100111011000110
11111111111001100000111110000101
11111111111111101111010100001101
00000000000001110111010100100111
11111111111101010010101010001010
11111111111111100001111110000100
11111111111100101101010000010001
11111111111110011001100101100010
11111111111011111101101010110001
11111111111111101110100000000000
11111111111101111000110100011111
00000000000001011000001100100010
11111111111101110100110001011010
11111111111101100001100111111001
00000000000000011100101010010000
00000000000000101000111110011000
11111111111100101010111100101100
00000000000011010000000100001011
11111111111110101101000100000100
11111111111010001110010111001111
00000000000000010000011000101110
11111111111011101000001001100001
11111111111100110101100101001100
11111111111110001011110111001001
11111111111101010001000001001101
00000000000011000000010100111101
11111111111111101000111110111101
00000000000000100110000000101000
00000000000001011000101111111011
11111111111111010000000011000000
00000000000001001110010001001010
00000000000010100011111101100101
11111111111111010000110101101010
11111111111100110000001101110001
11111111111110001100111001001100
00000000000010110011001001111111
00000000000011001111001010110110
00000000000000000111100100000000
00000000000100010011001010110101
11111111111100111101110000101101
11111111111111111010110010100100
11111111111110100111011001111000
00000000000000011000000100010100
00000000000010000110010000110111
00000000000001010011100100100110
11111111111111111011100101011100
00000000000011101001000011101110
11111111111110011110101000011101
00000000000001011110101000110101
11111111111110010000100000010101
11111111111010001011100000010110
11111111111100101100001110100101
11111111111101001010110110010111
11111111111110110100011100110000
11111111111011101110000110110111
11111111111010100111100001100011
00000000000000100000110001101101
11111111111111010010111101110010
11111111111111010011000010000011
11111111111011100011010110010100
00000000000001110011110001111101
00000000000000010110010011111000
00000000000010001111100110000011
11111111111100110111110000001011
11111111111101101011001001100111
11111111111110010010100001001001
00000000000010001101000011010101
11111111111110110000110100010101
11111111111010001000111110001011
00000000000000101110110001110110
11111111111010110110100101110111
11111111111101100111011010100010
00000000000010111011101111010110
00000000000001000011110101010000
11111111111100000111011101100101
11111111111011110101001011011101
11111111111110110010111110010011
11111111111001110010111110100110
11111111111010111001011111100110
00000000000000011001100011100111
11111111111101010011001001010000
11111111111101011010110100011000
11111111111110110100101101000010
00000000000000000111100111011010
11111111111011111011101000101001
11111111111101111001110101011110
11111111111010010010001010001010
11111111111100101011000100100011
11111111111001110010011011000010
11111111111110010110000101111001
00000000000001000101110101111110
11111111111111101110001111010011
11111111111011111110101101001010
11111111111110110100011000001111
11111111111111010000100101100111
00000000000001101011000101101000
00000000000000110010101111001010
11111111111010001010101111110010
00000000000000101000101010101110
11111111111110000000110110010110
11111111111011001100111011110011
11111111111100000011101011011111
11111111111111101110100000101001
00000000000001011110100001011110
11111111111000111100000110100110
11111111111010100001001010101000
11111111111100011100000101010101
11111111111001101010100110100011
11111111111000111010100010100000
11111111111100001010101110100100
11111111111110111101011111001001
11111111111011010101001100101110
11111111111101100010010100000010
11111111111111000010010001100010
00000000000001010010100011000111
00000000000000100001100110111111
11111111111100011111101111101001
00000000000000001001101001010101
11111111111011101110011001101110
11111111111101100000010000100100
11111111111100100111000001101001
11111111111100011010001100100101
11111111111110000101101001001001
00000000000010010010101100101100
11111111111100110000100010111101
11111111111101010100001101101111
11111111111111000111000011100111
00000000000010110011110011000111
00000000000011110000000001100001
11111111111010001000111101111100
11111111111011101000100000101111
11111111111010101001001001111110
11111111111110001000011010001110
00000000000000010010111010100011
11111111111100010111100001000000
00000000000000101111000110101111
11111111111111000001001011111110
11111111111110111100001011000000
00000000000011011010110110110000
00000000000010000111010011011101
11111111111011010101001111011100
11111111111010101011111111000000
11111111111010100010101111111000
11111111111111001010001010111000
11111111111101100100000000111011
11111111111101101111111100001000
11111111111111000001100010110100
11111111111101110100011111100111
11111111111111101001100110000000
11111111111101100100111010010001
