11111111111010110100110111101010
00000000000000001000111101110101
11111111111111111010011001111010
11111111111111011110111001000000
11111111111111110111101001100101
11111111111010011010111000111010
00000000000001111110010000100100
11111111111100110101110101000101
11111111111110100011110010110000
11111111111111101010101001010110
00000000000000000001011001101100
00000000000000011011101101101000
11111111111110000101111000101100
11111111111000001010111110011110
00000000000010101110010011110111
00000000000000011011101101101111
00000000000000110000011101101100
00000000000110000001001001101000
11111111111011010011011100010001
00000000000001100010111010010010
11111111111010101010011010001100
11111111110110100100000101110010
11111111111010110100101010000101
00000000000001110000110110010010
00000000001001010100000110110101
11111111111110110110010001101010
00000000000000011011001000011000
00000000001001100011000010000000
00000000000010111010000000110001
11111111111010110001101101111001
00000000000000111010101100000100
00000000000100100100000011001100
00000000000011010011101000100001
11111111111011000100110010101110
11111111111010001001010111100110
11111111110101011110011110000100
11111111111001010100000101100100
11111111111100011010011100101101
11111111111101011111001101000011
11111111111011110001010011000000
11111111110101011000000010101001
11111111111000001010111010110100
11111111111110001101100111011000
11111111111011000110110100111101
11111111111000100010011011100110
00000000000000100000110011111011
11111111111100010101000110001110
00000000000111000100011111101100
11111111111010111100111001110100
00000000000100100101101011011110
00000000000001010100101010110010
11111111101100011011111011101001
11111111111111101110111110011100
00000000000111000010111100101001
11111111111010010001011101110010
11111111111010100111111000101101
11111111110110011001100001010001
11111111111100100111100010000111
11111111111110011110111101000101
11111111111010010101011111110111
00000000000001111010110100100111
11111111111001000000110010110110
11111111111010001110010000010011
11111111111001011100000100100110
11111111111000110011111010001010
11111111110110110000111111101111
11111111110010010111111111100111
11111111110101011111010111011100
11111111111000111000001000010001
11111111111011000110001111010001
11111111111000010111010001000100
11111111101110011000101000010100
11111111110111111111110000010011
00000000000100010110110100010011
00000000000010110100110101100011
00000000000000110111001001010000
11111111111100100100001110011110
00000000000000001001100110000000
11111111111110110111001110000001
00000000000001000111110011000010
11111111111101110010111001000100
00000000000011000110110010110100
00000000000101111110001001101001
00000000000101001110011000110000
00000000000110110000011011111100
00000000000000110110001110100101
00000000000001101001001101100010
11111111111101100110100000110000
11111111111111010100011010100110
11111111111100000100011000100101
00000000001011010110001001001010
00000000000101111111110010000001
00000000000011001111000111100011
00000000000100000100101101011110
11111111111101100001100100000100
00000000000110000000001001101101
00000000001000001000111000000110
00000000000010110000011111101010
00000000000101110001000100100011
11111111111101000011010100111011
11111111111011001010110001110001
11111111111111000001110001001101
11111111111101110100111100110110
11111111111110001010000010100000
11111111111010011001111010101110
11111111110001111110000001100110
11111111111110010000110011001011
00000000000111010010111101101110
11111111111110111110011001100100
00000000000000001101000011000100
11111111111101110011010010011011
11111111111011001001001011111011
11111111111111101001000101001101
00000000000100001101001101110010
00000000000011001101000101010110
00000000010000111010111110001001
00000000000100000110000011011101
00000000000100110111000010110001
00000000000110110101100111010001
11111111111111100001001001110100
00000000010000111000101101000000
00000000001000111010101101110000
00000000000101011011001000011000
00000000000000001010110101000110
11111111111100000110101110000110
11111111111100110001010110101110
11111111111110111110101110010011
11111111111001101001100101010101
11111111111010101110110010101001
11111111111101011010001111011011
11111111111110100101000000000111
00000000000001001101001000111110
11111111111111101011110111110110
11111111111110110111001011111101
11111111111101110010111101100110
00000000000100001011011000011110
11111111111110110100110110111100
00000000000000001011000100000100
11111111111001110011101000101101
11111111111111111111000101011001
11111111111101000010100010001000
11111111111010010000000101101101
11111111111110011101011001100111
00000000000010111101000010110111
00000000000001101101011000100000
11111111111110011011111011001101
00000000000000000011001111011101
00000000000001011010010101010001
00000000000011100010000100011100
00000000000000101011110011010101
00000000000100110111101000001101
00000000001000110010101000001010
00000000000001110011111101111111
11111111111101001000110111111000
11111111111111101011000010011001
00000000000101111010111100111100
00000000000111000011111001101111
00000000001010101100000111111111
00000000001100100101100101101010
00000000001001010011100100110010
11111111111010100000011100001000
00000000000001110000111110110011
00000000001011001001101101100101
11111111111111110100101010001101
11111111111010010110000000010111
00000000001101111011000010101001
00000000001101010001110011010111
00000000000111011010000011010001
11111111111011101001011011100111
11111111110011001110000011111100
00000000000110100001100001111000
00000000000011100011010100011111
00000000000001101010000100010110
00000000000100101010110101000111
11111111111100011101010111110101
11111111111000000100011100101110
11111111110101111110111000110000
00000000000101100110011001000100
00000000001010110111010010011011
11111111111100110110101101001110
11111111110001000111110011110110
00000000000000000010100110100111
00000000000010010100010011000101
00000000000110001000101000100111
11111111111001100101001110011111
11111111101010100000001010101111
11111111110100111111101010101111
11111111111110101000010100010011
11111111110111000001110010110101
00000000000010111000110011000101
11111111111010000011011100110100
00000000000100110010100000111011
00000000001010111110001001011100
00000000000101010111110001101101
00000000000001000110110111100000
00000000000100000100111011100000
00000000010111110011101001000110
00000000010010110101001110111100
00000000000101111011000110010010
00000000000100101100110001111001
11111111110000100110000110000101
11111111111111011101100000110101
00000000000010001011001101000101
11111111110010100110100100101110
11111111100110011000010011001010
11111111110110111101000011011100
11111111111010001011101000101101
11111111111110101101010100101100
11111111110010111110000010010010
11111111101010000001000110000111
11111111111001011001101111110101
11111111111101001000100000011000
00000000000011111001000111011110
00000000000011010100100101001001
11111111110110001010010100100011
11111111110011000101111110101001
11111111111001111010111101110101
00000000000110101010100011111110
00000000000100011000101101111101
11111111111011111001001100110111
11111111101110101101111101101000
11111111110001010001100001111110
00000000000010110011100100101101
11111111111010100011010100100000
00000000001100110100110010011001
00000000000010011010001110011010
00000000000110101111100111011011
00000000001100011000111010001111
00000000001010011111111111110110
00000000001111001100111010010001
11111111111110011001101001111001
00000000000001100111100011111111
11111111111111101100100100111001
00000000000111100111011101100001
00000000001011000111101101010000
00000000000001110101000010110000
00000000000100110101010111000001
00000000000110101010001001011001
00000000000101111001101001011010
00000000000001111101001010011100
00000000000100110010101000001011
00000000000110010111101000111000
00000000000010001101101000101111
00000000001000100011100000010010
11111111111110110010100000001000
00000000000101101000001000110001
00000000000101001100001101100110
00000000000001110010001011100111
00000000000001111001101001010011
00000000000101000010101010111001
