00000000000101011000001011011010
11111111111100110010001111100101
00000000000001001111001001011010
11111111111101100111111110111111
00000000001000001000000100000000
00000000000111110111001111111101
00000000000110000010011110001000
00000000001000000000001000011111
00000000000001010000110000001010
11111111111110101011100100000101
00000000001010000011000001011110
11111111111111001010100100101000
00000000001011001011001101000101
00000000001110110010111110101011
00000000001001001111110000011111
00000000000100100010100000011111
11111111111000010111011011001001
11111111111111000000011111000101
00000000000100010011111010011010
00000000010001101000011111011010
11111111111010011100001111100011
11111111111010001001001011001000
11111111111110010010011100101011
11111111111111100100110101111000
00000000010001101101001101100011
00000000000000011010011000001010
00000000001000100000011111111111
11111111111110001000010100101111
00000000000011000011010111011110
00000000000011101000001010001011
00000000001010001010101000010111
00000000001011010110010101100011
00000000000101111010000100011100
00000000001101100011100100011100
00000000000100010011111010010011
00000000000100010101001011110101
00000000000000111110011001010101
11111111111100110101010100101101
00000000000101000110110100000000
00000000000001010101000000100111
11111111111001011100101100011111
11111111111001110100010100100110
11111111111011000100100001010011
00000000000000000101001100010011
11111111111111011001111011101001
11111111111111001001110011000011
11111111111101010011011000000101
11111111111101010001110110001100
11111111110100101000010000110110
11111111111010110111000101100111
11111111111110010000010001101011
11111111110110011111111110110010
00000000000111101111100110110000
11111111111100111111101001110111
00000000000000111100110101010111
11111111111110101011111000111001
00000000000010100001101001001110
00000000000101111011010010000010
11111111111000100000011100110011
00000000000001000011000010111110
11111111111110011001000011000101
00000000000000000101111101100000
00000000000111010101101111011011
11111111111001101101100111001000
11111111111111111111111100101101
11111111111100011111001001101110
11111111110110111111001110111001
00000000000001011101100100011110
11111111110001110111001111110000
00000000000001011011100000011100
11111111110010111101110110110111
11111111110100011000100111100000
11111111111000111100010010001111
00000000000101010000001101010101
00000000000101000101111101101011
00000000001000100011110010000100
00000000000000100011111100000000
00000000000101111001010001000110
00000000000010101010101110001111
11111111111110111011011111111111
00000000000001100001111000001100
11111111111110001111110011111110
11111111111000010111111000001110
00000000000000101111111110111001
11111111111111110100100010100011
00000000000011000000001111110111
11111111111111110111010010011111
11111111111100111100001000001101
11111111111001111000010010110111
11111111111001111100011011100011
00000000000110010111110011100110
00000000000010001011110001000100
00000000000010100000111010000110
11111111110111110100100011010100
11111111110101110111001000101010
00000000000111101010000000001100
00000000000001100111000110010000
00000000000001001000010010111100
11111111110011110100000000000010
11111111110110000011010011101110
00000000000010000010100111010101
00000000000010010011111101001100
11111111111100100011010110001101
11111111111101011110111111011110
11111111111101111100100101001001
11111111111001111111010100011101
11111111110110111101011100111000
00000000000100000001011100110111
00000000000011011001010111110010
11111111111110010011000011101001
00000000000100111101010111111011
11111111110111000000011000011011
11111111111101001010011010101001
00000000000111011111111011101100
00000000000111011001011111111001
00000000000111100011010000100101
00000000000100110000001011000000
11111111111111111111110010110100
11111111111000011110001011010100
11111111111110111010010010010101
00000000000110100010101010100111
00000000000100101010100010010100
00000000000010111011110110010011
00000000000001100100000010100100
11111111111100011000000101011101
11111111111111101000011001111001
11111111111111100111001001100011
11111111111101110010101000001101
11111111110110011110000110011000
11111111111010111011101100111111
11111111111110010000000011000000
11111111111110001001010100100110
00000000000000100001000001111011
11111111111111100010011000100001
11111111111011111100110111010001
00000000000001110000000001011111
11111111111100111011000111110010
11111111111111110010010000001110
11111111111100111101000010101011
11111111111111010101000111101010
00000000000001100111010001100010
11111111111110110100011000001100
11111111111111111000010101001001
00000000000100010010111110010101
11111111111010111010010011010101
00000000000000010111111000010011
11111111111110000010001010100100
00000000000100101000001100001111
11111111111101110001001011111111
11111111111110001000001000011111
00000000000110001111100100111011
00000000000100011100001110000111
00000000001001010000010010110010
00000000000010100100001111010011
00000000000101001100111100000111
11111111111110001100110001001101
11111111111100111101000011010100
00000000000110110001010010011010
00000000001000011101001011100100
00000000000011110101011000101011
11111111111001011000001101100000
11111111111101100100011001111000
11111111111101000011111000000110
11111111111100100010011011011001
11111111111001011100111010000000
00000000000110111111011111101000
00000000001000100101011111001100
11111111111111010011010001010010
11111111111001011011000011101011
11111111101111000011111100000010
00000000000010110100100101111101
11111111111111111101011001101111
11111111111100001010001111111111
11111111111011000111101101011100
11111111110111001110110000100100
00000000000010110000110001011101
11111111111100011011001100100010
11111111111110010101100001100000
00000000000111001011010101101101
11111111110001110100111100101011
11111111110101101100110001101001
11111111111010100001011011000000
11111111111111010110101100110011
00000000000000100101110110001110
11111111111100000110111111011110
11111111101000110000111101010101
11111111111010001011011110000001
11111111111000001101110001111001
11111111110110100011010001000000
00000000001001101011001011000011
00000000001000010110110010011100
00000000000111101011010111001101
00000000000110111111000011000101
00000000001011101101100011010101
00000000001101110010110111110010
00000000000101001010010111111111
00000000010001100011001011110100
00000000001100011001001100111110
00000000001000001100111000000011
11111111111000101011001010101010
11111111111011111011100001011101
00000000000001101001110101101010
11111111111101101100111010110001
11111111111001001101111100111100
11111111101011011010110011100011
00000000000010110001011111000011
00000000001010100011110110101110
11111111111111001001010010000100
11111111111110111011010100010101
11111111101100010100100010010110
00000000000001111100111011111011
00000000000011100010001011001010
11111111111101110001111001100011
00000000001000110011100101000010
00000000001010100101001110010111
11111111111001001000101010111011
11111111111010000110000111101100
11111111111100101000101000111100
00000000010110111011010001100111
00000000001100101010110111101111
11111111110010100000101001010010
11111111110001110111001001110101
00000000001110010011011110010001
00000000010010000001010000001001
00000000010001000101010000111000
11111111111001001110011111101011
11111111111010010000010111001000
00000000000000000001111101001000
11111111111001111100100011000001
00000000000000110101001100001011
11111111111110000101010000111000
11111111111110110011110110111011
00000000000100100110011110111000
00000000000010110100011100101111
00000000001100100011000100100010
00000000000010111101000110111001
00000000000010011110100001010010
00000000001001001001010011000011
00000000001001001111011110011110
00000000001010110000000000100010
00000000000010000110100110011010
00000000000001111110000110010010
11111111111100011001011000010010
00000000000100100011101000100010
11111111110101110011001111010111
00000000000011010010011010111111
00000000000010101001001110100101
00000000000000111101111101001000
11111111111011111100000011001011
11111111110101100111000111001110
