11111111111101010101110100001011
00000000000101101011101000101011
11111111111110011111000010011100
00000000000010110000010110010101
11111111111100001111110000100110
11111111101010000011101100110100
00000000000111101010001000111001
00000000000110000101011111100101
11111111111000101110101001011000
00000000000111001001010010000101
11111111111001101011101011001101
11111111110000111001000110101101
11111111110110101100110000100011
11111111111110011101011000101001
00000000001001111111101110010010
11111111110000011110010000011101
00000000001111000110111100110100
11111111111100010100010101110001
11111111100011001001000010011000
11111111111101110111101010000110
11111111101100010101100011000001
00000000001001100110111011110000
00000000000011111111101110001011
11111111111011101101110000010001
11111111101001001101011001101000
00000000000110101001000001110110
11111111111010100000110000110010
00000000001101010001110010010011
00000000000001100001010010010000
00000000000100110110111110011110
11111111101101000001110101011001
00000000010101000100101101110000
11111111111111101100100100010001
00000000000000111000110111001111
00000000001110000001011011010110
00000000001111010111100010001001
11111111111010100101110101001010
11111111111100100110001101101100
00000000001101100010111101100011
11111111110101010011101110011101
00000000010011100010101000011101
00000000000110110110000010110011
11111111111110100101111001000101
11111111111001110110101100000011
11111111111001100001011000001101
00000000001000000011110100011011
11111111111101000001011001010111
00000000000001011001100100101110
00000000000111101011111100011000
00000000001101101111001001101010
11111111111011001101111011001110
00000000000100001101110111100000
11111111110101111000010010011100
11111111111111100000110011111001
11111111111111001010101011000001
11111111111111110011001011101011
00000000001000001000011011101101
00000000001001000101011000110010
11111111111001000001011111110110
00000000000110000100000111110101
