00000000000110100011001011011011
11111111111111110100001001101101
11111111110111111111011010000000
11111111111101011011100001011101
00000000000101001111000111101000
11111111111111000101110110111001
11111111111000010011010001101000
00000000000001100001011001111001
11111111110111110111111100110110
11111111111011001101100011010110
11111111111111100100001110001111
11111111111000000010000110111110
11111111111110111110001100011111
11111111111001100111000000101100
00000000000100101010101110101101
00000000000100110100010100011111
00000000000100000100111000101111
11111111111101001101000111111011
11111111111100001011000101110110
11111111110110101100000010100110
11111111111011110011011000011011
11111111110111101111110001011001
11111111111111010001010011000111
11111111111110100010101001111010
00000000000001011111101101101110
11111111111001100010011000111011
00000000000111100000101001001101
00000000000000000000011010010101
11111111111111111011010010010110
11111111111101000110010101100111
00000000000010111100011101100111
11111111111000110001000110000110
11111111111110011110100011001111
00000000000011111110011110110111
11111111111011100011111000001001
00000000000111101001010001010101
11111111111010001000100100000111
11111111110111001110101101000110
00000000000010100110001111011000
11111111111100001101101011001001
00000000000000000001010000000011
11111111111111110111001001011011
11111111110101011010101001000100
11111111111100110011100100111101
11111111111000100010011001010110
11111111111000101010010000101100
00000000000110001111110110110101
11111111111110010010001000000001
11111111111101010101100011100100
11111111111010100010101000110101
00000000000000111110011011000011
00000000000101111011101111111100
11111111111100000010110110110011
11111111110111000111110011011101
00000000000010010000000000110001
11111111111100010010111010001101
00000000000001011001110011010110
00000000000010110011000011000100
00000000000110000010111111101100
00000000000001001010010101000100
