11111111111001011011100011101111
00000000000110110010000100000100
00000000001110010111110010101000
11111111110110001110111101011110
11111111111001011101010110011101
00000000001010011001110110001111
11111111110000000101000110010000
11111111111010011010101101010000
11111111111000110100101111010000
11111111110010100001111000000001
11111111111111011010111100010010
00000000000010000101100101100010
11111111111100000110000011011110
00000000010010011100010011111001
00000000001011101000001010100111
00000000000001111100000010100011
11111111110100100000001100010000
11111111101110110111111111001111
00000000000100000101000111101000
00000000000010000011011110101010
00000000001001100000000000101110
11111111111001100101101001110011
00000000000111000011011001000011
00000000000110010011110000111111
00000000001000110010000001111001
11111111111100011010100110000100
11111111111100000010100010100010
11111111110110010011100100100011
00000000000110111100010101100011
11111111101010011001111000011011
00000000010010010010111110111001
00000000001000011111111111001001
11111111110101011100000000101111
11111111111111011000010101101010
00000000000101011110100101010001
00000000000011100111010111011100
00000000010000100111101000010101
11111111111110001001101000001000
11111111111110110010110110000100
00000000000100000111001010010111
00000000010000110111111110100101
11111111111001111111110100101001
11111111101001000010100010100110
11111111110110001010011010010100
00000000001000100011010000000010
11111111111010011110101000011001
00000000000110100101001001100000
00000000000110110111001101001111
00000000000101000100100100001000
11111111111011100100110111010000
00000000000011110100010100101100
11111111111010010101011000000010
11111111111010000100100101111000
11111111110011001011101111011101
11111111111111101101101001111101
11111111111010100010110000101100
11111111111001100111000010011001
11111111111100100111100111111110
11111111111110000001100001001001
11111111110001001111110111000000
