00000000000011010100111010000101
11111111111111101011000011001000
11111111111110100010110111100010
11111111110111111101111001111110
00000000000011110000011010110110
11111111111000010101101101110010
00000000000011001001111000000000
00000000000100001000010101000101
11111111111111010001010101100010
11111111111111000111101100010101
11111111111011001100111111011100
11111111110110010000000100110010
11111111111001001010010010111011
11111111111100100100000001101110
00000000000110001000010010101000
11111111111001100110001100111010
00000000000000100001000110010100
11111111111001010111101010111101
11111111111010001011101010001100
11111111111111001100101101000100
00000000000001111100101001001111
00000000000011010110001011010111
00000000000000010100111100000001
00000000000010100001000110000001
11111111111110010110111100011110
11111111110100101100010110111000
00000000000010111001111010000101
11111111111110011011011100110011
00000000000001010110111010101101
11111111111100000000101100110101
11111111110111101011000001000100
11111111111011001001010011001010
11111111111111111101111010100110
11111111111011000111010000101001
11111111111100010100010001101101
00000000000000111100100011010111
00000000000011001000011111000111
11111111111011111101101001111010
11111111110111010000101001011001
11111111111011101101111011110100
11111111111000000001001011000111
00000000000000011001001110100000
11111111110101001100001111101010
00000000000001001110101100010011
11111111111010010100011100000011
11111111111010001011110100001011
00000000000100100000001100010110
11111111111100101011111111101001
11111111111001011100010100000101
00000000000001000101000100110000
11111111110011001111000111000101
00000000000100101011011110000011
00000000000011011110100001111100
11111111111011011101110110111110
11111111110111101001010011100001
00000000000101111110110101010111
11111111111000100100010111110001
00000000000100011101001110010110
11111111111110110111110001001111
11111111110111011101001110001110
