11111111111100011001011101100011
00000000000010110011101111111001
00000000001001010110111100010101
11111111111010110110011110110010
11111111111101000011100110100111
11111111111111111010111001101001
00000000001111100110111000100110
11111111111111101110111001001000
00000000001101110011110000100111
11111111111101000011011110000111
00000000000000010000100111000000
11111111110111001010110101010100
11111111111011011110100010001100
11111111101011011010110001111101
00000000000010010000011010000101
00000000000001100000110000001101
11111111110111011000101001011000
00000000001001100110111010111100
11111111101101011011011010111110
00000000000001100011110000000010
11111111110101000001111110011001
11111111111011101111000111110100
11111111111111110011011101001101
11111111101101001101100000010011
00000000000001111000001111001010
00000000001011001110010110011111
11111111111110010001101011100111
00000000001000100001101111000111
11111111111000111111000101001000
00000000000000001001110000100100
11111111110100011110010110011010
00000000001110110111011111000101
00000000001010000011000100010100
00000000000010100101101110111011
00000000000100111011010101001010
00000000000000110100100001001000
11111111110010111001100000010010
00000000001001001101100100011000
00000000000010010000100110001010
11111111111101011110101011011111
00000000000011010011011110110010
11111111111111101101010110110111
11111111111101100011111111010011
11111111110100100011100000001010
11111111111101100110110101111101
00000000001010110101010001010000
00000000001111101110001010001000
00000000001001110100110111000000
11111111111100011011001010101000
11111111111111000001100110100110
11111111110011101011110101000101
11111111111010000010000101010111
11111111111111110001100101001010
11111111110010010010111010111000
11111111111100011011011101001011
11111111111010010110000011011001
11111111101111011011011010001010
11111111111111100000001111011111
00000000001110110101010000100100
00000000001110111011001100110010
