00000000000110010011110110100111
11111111111100100110010011110100
11111111111101000010001010101010
11111111111111111010010000111110
11111111111110001100110011101000
00000000000010110011111011110111
11111111111001011001111000111111
00000000000000100111110001010010
11111111111001100000011000011000
00000000000011111010000111100001
00000000000011011001110110000001
11111111111011110011011000010011
11111111111101110111101011111101
11111111111011101000101000011101
11111111111111101000000110010101
00000000000000101000010100101011
00000000000010110011100010001011
00000000000001011010001101110100
11111111111110101110001101001000
00000000000001100100110000011100
11111111111010100101110100111111
11111111111011000000110011100010
11111111111100010111111001100010
00000000000000001111101101010101
11111111110110101011001101000000
00000000000010001100000011011000
11111111111111000001100111100111
00000000000010000100110010110110
11111111111010001100010100010001
11111111111101000000101110100001
11111111111101011110111110111010
11111111111010110100000111101010
11111111111000001111011001000010
11111111111011101000110101100001
11111111111100000001001001000011
11111111111100011111001010011101
11111111110110110111110000010001
11111111111101110110110100001001
11111111111111001101000010010000
00000000000000011001101011001011
00000000000110001010100100100011
11111111110111111011111010111001
00000000000101010111010010010111
11111111111111110111011111000011
11111111111011101000001010101110
00000000000110101000101001011101
11111111111110011000000100011110
00000000000001100111100100110001
11111111111001011101110111111100
11111111111011011011001111101000
00000000000010101000000010100010
11111111111100011101010011010100
11111111110111010011001111001110
11111111111101111100110001111010
11111111111111000110000100111111
00000000000001100001011111000110
11111111111000110000111010011001
00000000000001101010101011101111
11111111111100001011010111000001
11111111111100011110101001100000
