11111111111101001000010011001110
00000000000000000010101110001001
11111111110110010010111110100010
11111111111001010010110000010001
11111111111111110111001011001100
11111111111001101010011100111101
00000000000001101001001000010111
11111111111010000010011000011110
11111111111100010100100000101000
11111111111010110010010000010000
00000000000000000100110011101001
11111111111110001110100100100100
11111111111001010111111011111011
00000000000101101110101101110110
00000000000000100010101000001011
11111111111001001000000101000100
11111111110111111011111010110000
11111111111100100111001101100110
00000000000011101100001000011111
00000000000011100000010101111011
11111111111001110100100001000011
00000000000101101101001111111011
11111111111011101100110010011100
11111111111001110100100111001110
11111111110111100010101011111001
11111111111100101000101000100010
00000000000001010011010111010110
11111111111000010000111100100111
00000000000010111100001111101001
11111111111000011111001010010111
11111111111000110001001110001000
00000000000000011100001110000110
11111111111011000110000101110000
00000000000000011000001001111011
11111111111111011001111101101100
00000000000110001110111011010000
11111111111011100111001101110001
11111111111111001010000010110101
00000000000110010101111101111010
11111111111111101010111111001101
11111111111001100010110010101110
00000000000100111100001111001010
11111111111110100111011110001000
11111111111000111110000000111110
11111111111110011000001100000000
00000000000101000010001101100101
00000000000001001111011001110111
11111111111010010011100101000101
11111111111001111000000011010110
00000000000011011100110111101100
11111111110101001101110100010001
11111111111110000111011110110001
11111111110110110010011000001010
11111111111111110001010011111101
11111111111000001110100011101010
11111111111010101101100111010011
11111111111011101111011011111100
00000000000101000111101010011010
00000000000001001010101000010010
11111111111100010111011011010010
