00000000000100111011000001011000
00000000001100100001000011101100
00000000001100011000001101100100
11111111110011111110100111110100
11111111111000100101000001011111
11111111111110011111111111101001
11111111111011111100010101111100
11111111111111111000110011010100
11111111111011010011000101101001
00000000000001101001010101011101
11111111111001111011110110111011
00000000000110000011100010101111
00000000000101000101110011010010
11111111110101101101111001001110
11111111110110111110010101101101
00000000001000000101001011101001
11111111111111011110000010010101
00000000000100010100100101111100
00000000000001011000110000111011
00000000001011011001011100001100
00000000001001111010010001110110
11111111111110011110101011001111
00000000000110011000111001111110
00000000001100010000001000110000
11111111111011011011011101110001
11111111110111100101010001001110
11111111111010111011010000010010
00000000010100101101001111100101
11111111111011010101101001000110
00000000001111110101000100101111
00000000000011001010100111011100
00000000000101111010011101111011
00000000010000111011110010000100
11111111111111111110000100010111
00000000000011010101010110111111
00000000001110011111101101001111
11111111111101110110101000100001
11111111110101010001111011010000
11111111110010011100101001101110
11111111110100101100011010100111
11111111111100010001100110111101
00000000010111111000000111000011
00000000000101001001011110011100
00000000000101011011110101101001
11111111101100011001110010011110
00000000001100111111110101101111
11111111101101011101100000110011
00000000000110011101011110110110
11111111101111000001001011111011
00000000001001100011111110100110
11111111111110101110100001100001
00000000000101001011111001010110
00000000001011111010111000101101
00000000001111101001001101001111
00000000000000101001111001001011
00000000000010110111010100010101
00000000001000011010110100111110
00000000000100010100011110101110
11111111111110000110010001100100
00000000000000101110111001001001
