11111111111100000011111111111101
11111111111100110111011011011011
11111111101101111000000010010101
11111111111100001110100111011011
00000000000001101100110100111001
00000000000010100010010110010000
11111111110100000100000110110110
11111111111011000110001000100001
11111111111010100001001110001101
11111111101100100000111101010111
11111111111100010101110111110011
00000000001000011000111111101000
00000000000111011001010000001100
00000000010000100000010111100001
00000000010010011010010010100010
00000000000001011011001100010010
00000000001100001101011001100011
00000000000111001111111001111011
00000000001001101100011000001111
00000000000010100010001001001011
11111111111011110100011111100110
00000000001000000110010111110110
11111111111011100001101111100110
00000000000000010011001100100110
00000000000011100011101101001100
00000000000010000000111111011100
11111111111100110001010100011000
00000000001111111100011011010110
11111111110101111010101110001001
11111111110000110001111001101010
00000000000011010111111001001111
00000000000001001100101101010101
11111111111001001001011000011101
00000000000110010010100100111111
11111111110110010110011111001000
11111111111010011000010110011110
11111111111011000011001110111000
00000000000100111001110010001100
00000000000001011011000001111011
00000000001100000010011100000011
11111111110100110110001110011001
00000000000010111000110010101001
00000000001001001100100001011100
11111111101010001111010011100101
00000000001111010111001101000110
11111111110110110010001001011001
00000000011001010001001101110100
11111111110101000001111100110011
00000000000100011100111111001010
11111111110101010010111000001010
00000000000101110011101000001111
00000000001001100101001010111001
00000000001001011010110111111111
11111111110011010010000110000100
00000000000001100001110011111011
11111111111010110011010010011000
00000000000110001010010111011110
11111111111101110100000011110010
00000000000101001010010111001010
11111111111101110101101110111011
