00000000000111011000010101110101
00000000000100001001100010000001
11111111110001100011110010000101
00000000001011111111101110011000
00000000001000001110100101000111
11111111111111011011101101101111
00000000000110100100100001100010
00000000000101000000011011000100
11111111111001111100001111010100
00000000000000010000001111110110
00000000000100010100100101011100
11111111110011000101011110010100
00000000000010001000000100110001
00000000000100010110101111001100
00000000001110101101101111011000
11111111111101000100101111111111
00000000001011110011001001100010
00000000000011110010010001010101
00000000000001100000000111001001
11111111111010001101010100110000
00000000000000000001001000111110
11111111111001011010010000011101
11111111111001011100000000100001
11111111111110000010001110111100
11111111111101010001111111100010
00000000001001100100010101111010
00000000000011101100101111010101
11111111100111111100000010110000
00000000001011100110101110111001
11111111111100010110001110111001
11111111110100011110000100100111
11111111111011010111001110101111
11111111111101111000001100101110
11111111111110100010111100001011
00000000001000010010111110011010
11111111111100000110011001011110
11111111111000110111111110011110
00000000001111110100001000011010
00000000000100100010001011001100
11111111110101000001010011101010
00000000000111101000111001101100
11111111110111101101101110100011
00000000001100111010111001001001
00000000000101010011000111111011
11111111111111100111000011100010
11111111111100110101100010010110
11111111111110111000000100000110
00000000001001000111110101110010
00000000000001010011000011001000
00000000000000101110101000100001
11111111111101001111000011101111
11111111111100100011110101001110
11111111110110100101101110100001
00000000001010110010001101110111
00000000000110101110110011011110
00000000001010011101010010001110
00000000001111000100101101001001
00000000000110110000001111000101
11111111111111001000000101010100
11111111111100101110001010101101
