00000000000010110010101111001010
00000000000001010001101001100111
00000000000110101100011001000011
11111111110101101000101101011010
11111111111100001110001001101000
11111111111011000010110110100000
00000000000111011110111101101111
11111111111101010111100010110000
00000000000100001110111101111000
00000000000111111011110110110011
00000000000110100001011110000111
11111111111011000000001010111000
11111111111100111100011010101000
00000000000100011101101100101000
11111111111000101111110000100010
11111111111010001110110010101101
00000000001011001011111011011000
11111111111001001011101010001101
11111111111100111010110001011001
00000000001001010011111001011010
00000000000101010100111011001010
00000000000000100010001100000001
11111111110101110011010101110101
00000000000001111011100001001000
11111111111110100101011101101000
00000000000101111011000010110100
11111111111001101011001101000001
00000000000111110001100000111000
11111111110011010100000100001111
11111111110110110110011111110101
00000000000001101101111000010001
00000000001001100000000100011011
11111111110101000011001111101001
00000000001001010101010100010101
00000000000001000010101110000001
00000000000111000011111100110111
11111111110011000101000010111111
11111111111011001000110000111001
11111111111001100110011101100010
00000000000100001001111101111000
00000000001111100000000000001011
00000000000001111111110001000100
00000000001110111000101011101111
00000000000010100101011100110110
11111111111110000010111111011011
00000000000011101101100000010110
00000000001010011011001011110111
11111111111010010001010011011001
11111111111000000010101000010101
11111111111001000011110111101010
00000000000000001001101011110010
00000000001000111000111010011100
00000000000110011000111000101101
00000000000000000011010111011010
00000000001001111001101001111111
11111111111011110110101000010000
00000000000110101001100110100101
00000000000010011101010100111000
00000000000100111111101100010100
00000000000101110110010101010110
