00000000000000000000111000010111
00000000001010100100011110000001
11111111110011010101100111011110
00000000001111000010110010100110
11111111111111101100101111101111
11111111110110011011010011000010
00000000000101000101010110011010
11111111111010001111000000100111
11111111110011011100010100000001
00000000001101101101111100000010
11111111111100000101101001111011
11111111110000001011100101110001
00000000001111111001010010101101
00000000000100010010100010001110
11111111100101011101111100101110
00000000000101010101001001100000
00000000001110011010010111100101
11111111111010011000001100001110
11111111111011011000110111110001
11111111110110111010101011011001
00000000000111110100000101111010
11111111111010000101010111001010
11111111110110101110100001000111
00000000001010000110101000100111
11111111110000111000110101001101
00000000001010011100100011110011
11111111111110101111101110001011
11111111101110001111110010010110
11111111111111101100010101101101
00000000001000011101010101101001
00000000000010000110010001101000
11111111111100111101000001110011
11111111111111011001111011110001
00000000000100001010101010100010
00000000001101001011000100101001
11111111111010011101100000100110
00000000001000100011001011001001
11111111111111110101111110110000
11111111111011111001110101001011
00000000000101100001100010110110
00000000001110010101100010010001
00000000000001011001101111001101
00000000000001001101100110010011
11111111111110101100101011101010
11111111111000100011100100010110
00000000001010100111001110110111
11111111110110000100111111100110
11111111111101010001110110110111
00000000010101001110111010010001
00000000000001001111101001000100
11111111111001000101100001111101
11111111111101001101110001111001
00000000000001111110010110110000
00000000001001000001110100011001
00000000000110000011100000001010
00000000000111001001000100101101
00000000000101001011001110101110
11111111111010100001110110011000
11111111110110001101110110111001
00000000001010000101001101110000
