00000000000101001111101101110101
00000000001101100111011111000101
00000000000101010110010001010101
11111111110011000100110010101001
00000000000110101101001110011101
00000000001001100110101110110101
11111111111011111011101110100111
11111111111011001110011011101100
00000000001010100010000101110110
11111111110111011011111110100110
00000000000110100010001100100100
00000000001010010010110000100000
00000000001001000010101001001011
11111111111000100101011010110101
00000000000110010010110000100001
00000000010101001011111101100010
00000000000011000100101000111011
00000000000001000100111011110100
11111111111010100110010000110110
00000000001001110110100010001111
00000000001100011011110000011100
00000000001101010010101110101011
00000000001100010100010100010110
00000000000111001010010001110100
00000000000101010011100000011000
00000000001000111100101111010110
00000000000111010110000100111010
00000000000100110010000011110100
11111111110001011100000100100000
00000000001000111101001100101101
11111111110010100010110011110010
00000000001110010000000011001101
11111111110110100101111011000000
00000000001100101110110001000011
11111111111011100111000010111001
11111111111010111001101011100010
00000000000111010110011101101100
00000000000011010010001110011011
11111111111011011001111010110100
00000000001010101111011000111111
11111111110100101100011001001101
11111111111010010011011000111011
11111111111111110001110010101110
11111111110100110100010110110101
11111111111101101011110101001110
00000000001110000100110111011110
00000000011000010110100010100101
00000000000110110110100011110101
11111111111010111100111101110111
11111111111110011000010001000000
11111111101111110100111101110100
11111111111011010000000101100110
11111111110111001100110111111010
11111111110010000011010110110000
11111111100100100010111010011101
11111111111101111100001000111101
11111111111011101101111100111101
11111111111001110110101010110110
00000000001011111110101000101100
00000000000110001110110010011010
