11111111111100000110000110111101
00000000000011010101100111111100
11111111110111110011010100010110
11111111110110101111111110000100
11111111111111100110101011011000
00000000000000101011000011010101
00000000001000111011110100011101
00000000000000011100010110110010
00000000001110001010110111101110
11111111110111110010101110001110
00000000000001011100001010111100
11111111111011001101111111100111
11111111111000010001110001011100
11111111111000111001011101101011
11111111101110111101100110011011
00000000001001100001000111010100
00000000010001001001111100101101
11111111111100100100000010001101
11111111111010001011000001110000
00000000000000110100110110011100
00000000000011010110101000001011
00000000000111101011010100000001
11111111111111111000001011000011
00000000000011000110110001000001
00000000000110111100011011110000
00000000001001011111111101011110
00000000000100000110011111001101
11111111111111110101101010110101
00000000000000110001001010010111
11111111111111001001101111110101
00000000000010001110011111001010
00000000011011011011111101001100
11111111111110111011101110100000
11111111111000111101110101001001
00000000001010010010110000000111
11111111111010001001101010111011
11111111111101111111010110100111
00000000000111010010010000000101
11111111110110100011011110110111
00000000000111000101010011110100
11111111111010010110001100001101
00000000001001100101100010010001
00000000001011000100111001101001
00000000000100011000001010100110
00000000000110100110101010001010
11111111111111011110001110010010
00000000001101100001101011110110
00000000001001101110110011010000
11111111111101001001111101001110
11111111111001110011111011001111
00000000000111000100100111101010
11111111111101111010100110101110
11111111111010110010100000000100
11111111110111010000011111111010
00000000000101001110101110101001
00000000000011101000001001011110
11111111110100010000100110011111
00000000000011000010111100111010
00000000010100111010000000001000
00000000001111000100100010001001
