00000000000011100001001101001110
11111111110101100011111011101111
00000000001100011111010100101100
00000000000100011010011111100110
11111111111111011011101111101010
11111111111000110111111001000100
00000000000000110110100110001001
11111111111111100111111010001111
00000000000001001010111000000001
00000000001001100101001100100110
00000000000110101001010100101110
00000000001001011110000000100110
00000000001101101110110111110000
11111111110011010101010001011111
00000000001000001100111110000000
11111111110101011010110100111001
11111111101110001010010001101000
00000000001010001000100001110001
11111111110101000110101100100011
00000000001100011110000100001000
11111111110111101111101000011101
11111111110111111101010111000001
00000000001111101000111110110101
11111111111110011111010101010100
00000000000110110011011010111100
00000000001000001010111010011101
00000000000011010010111010101001
00000000001100111100101110000001
00000000001110101101000111000111
00000000001101001010111111001110
11111111111010011010011111100001
11111111110111100001111001000110
00000000000100100111011110001111
00000000001000110101110001101111
00000000001010100100110100011010
00000000011011010001101101100101
00000000000111010010001010110011
00000000000100010000010010100101
00000000001100111011111000000011
00000000000110100011001001101100
11111111111101001010001110010100
00000000000111000011010100101000
11111111110111101001001001110011
00000000001101000101000010111100
11111111101101011000101111000001
11111111111110001100000101001110
11111111110111011100100111111001
11111111111100011101110000111010
11111111111100111100010010001001
00000000001111000111101111111000
00000000000010100100111101101110
11111111111011001000111101101111
00000000001010100000010100111001
11111111111110011101001001001000
11111111111100111000001101111110
11111111110101010001011101100101
11111111110000100011101001101100
11111111111011111000100101111101
11111111110110110001010011101100
00000000000011111111111101101100
