00000000000010100111111110011000
00000000000000011110000101010000
11111111111111001111011001011111
11111111111101011110101011110101
00000000000000101110001010111101
11111111111011001000100000011101
00000000000000101010000111100101
11111111111010101000010110111111
11111111111100111011111010101100
00000000000011101100001001110110
11111111111000100000111110010000
11111111110110101110001000101110
11111111111110111011100101001110
11111111111010010010000100001101
00000000000010100101100111101000
11111111111101000000100110110011
11111111111000000010011000001111
11111111110110000110110001101110
00000000000010111000100100001001
00000000000000000000011000001100
11111111111010101010000101110010
00000000000010001001110111011001
11111111110111001011001011100111
00000000000011011001101010111001
11111111111110111010100000010011
11111111110111001001101001000100
00000000000001100011011000111000
00000000000000111101111111110010
11111111111100000101101100000110
00000000000101000110110010010101
11111111111110101001011000011010
11111111111000001110010000000000
00000000000000101100010000001011
11111111110111001111010101000010
11111111110111111000001101001111
00000000000100101111110110101000
00000000000010011100110101100101
11111111111011001100111100000101
11111111111110011100111011111010
11111111110110100000101001110111
11111111110110111100010100010110
11111111111011001011111011001011
00000000000001001101101000010100
11111111110110100000010011011101
11111111110110000110111000011000
11111111111011000001010000101110
11111111111010100010011011001100
00000000000100000011100011001000
11111111111100001100011100100101
11111111110110010010011000101001
00000000000100001011111100000101
00000000000101001111111101110100
11111111111100101110111010111101
11111111111011111010111110000010
11111111111101101100100011000000
11111111111001010110010000010100
11111111111001110111000101001000
00000000000100100001101000011101
11111111110111110100011000111110
11111111111101000001110111000011
