00000000000010000111101010101000
11111111110100110001100010010000
11111111110011011111111010001100
00000000000110011111111001001010
11111111111111000001110001001001
11111111111000101111101101010110
11111111111101100100011010111011
00000000000110000010101100111010
11111111111010101011010000111111
11111111111101101110101001110110
00000000001000001011011001101101
11111111111101000100101001101101
00000000000100000100001111011111
00000000000100111101001010010111
11111111111100010110101011100001
11111111111001010111001001001000
00000000000101010001111111011000
11111111110100101101111111110000
11111111110101010111101111110100
11111111111011010011110001101011
11111111111000101100001000111000
11111111111000101001011111010000
00000000000000110010001011010101
11111111111110000011110010001001
11111111111000001101100111110001
11111111111011011100010101001001
00000000000101110101101001000000
11111111111011000110111101111001
11111111111111011000100011101011
11111111111001000001011110001011
00000000000100000000010101101100
11111111111101000100000001101101
00000000000011101111100111110010
00000000000100010010000000101001
11111111111100000111110101001001
11111111111000100100110001101011
11111111111011100101000100100001
11111111110101111001101111011011
11111111111001000110110100000010
00000000000101010111101110100010
00000000000000001111001011111011
00000000000101010110011010100011
00000000000101100011111010111111
00000000000011110111101000011111
00000000000001110010101101011010
11111111111110110000000011010100
11111111110110101010001000110111
11111111111011000010110001000010
11111111111010101100111001110001
00000000000100101110110110010011
00000000000000100110010101000001
11111111111110101100100001000111
11111111111001001000010011001010
11111111111100101101001011001001
11111111111100110110101110000011
00000000000000100111010011000110
00000000000101100100110010110110
00000000000100110110001100110110
11111111110111011001000000011000
00000000000001010001000110001110
