11111111111000010000110101100010
11111111111111101011010100101001
00000000000010011100011000000011
11111111110110010011010111011000
11111111111000001010010100011101
00000000001010010010101101001101
00000000000101111110010010111011
00000000000101011111100110000011
00000000000011011001111101101011
11111111111000010110101111101111
00000000000001011001011111010011
11111111111101100010101001110010
00000000000110111101101110000110
11111111111010100010011011110110
00000000000001110110010010110000
00000000000011101011000101111000
11111111110100101010100101001111
00000000000100000011110001100000
11111111111000011010111111000000
00000000000110011001101111011000
00000000000010101011101101001000
11111111111001101010001100000011
11111111111101110001101100001100
11111111111010001110111001011010
00000000001100100111101001000100
00000000000001101110001000100011
00000000000111101010001001011110
00000000001101011111011110011101
00000000000001100000000111101001
11111111111111100111011110011100
00000000001100011111011111101011
00000000001110111111111010101011
00000000001111010000101111010001
00000000000111011101000000101001
11111111111101100011111111111111
00000000001100010000110010111011
00000000000100010101111111101000
00000000001000101000011000100111
11111111101000101001011100111011
11111111111000111100101110001010
11111111111101000010101110100110
00000000001010111001100111000111
00000000000010011101001010001001
00000000000010010101011101111001
11111111111011000111001001010010
00000000000101010100000110101111
00000000000000010100111010010111
11111111111001000010110010111101
11111111110110101100010010100111
11111111111010011111011001111000
00000000001001100011101000011110
11111111111011000111000100011011
11111111111110000101100010110001
00000000000000101101011011011000
00000000000001110100110101100110
00000000000101110001101001000001
11111111111011000010101010001100
00000000000000000101010111000001
00000000001110111010000110101001
11111111111110010000011101000000
