11111111111110110011100110011110
00000000000110101101100111110100
00000000000100000010001001000011
11111111111011110000001010011011
00000000000111111100000010011010
00000000001101001001111001100100
11111111111011110110110110100000
11111111111000101111100001011000
00000000000000101111011001011111
11111111111010111110111011101100
11111111111111001000111111011010
00000000001011011000110000100011
11111111111011011101001011001100
00000000000110000100010111010010
11111111101100010100100110100110
00000000001110000101000110001011
00000000001001111110100101000110
00000000000011111110100111101100
00000000010000111010110100100001
11111111111110011011001000110100
00000000001000110010010101110100
00000000000010111011010110100011
00000000000111100100100001110101
00000000001011001110100110111001
00000000000101011010110101100011
11111111111001111101101001010010
11111111111110010000110111010111
00000000010010001101011001100011
11111111101010100001101110110001
11111111110100111001010101010110
00000000010001010110111010000101
00000000000011000110110101001101
00000000000010011100100111111001
11111111111100011000010000010000
11111111110110000010010001011011
11111111101000111111100110101010
00000000010010111111110011000100
11111111110011101010000100110101
11111111111001101010011001111110
00000000000001001010001010110001
11111111111101101110010010110111
00000000010111110011001111111010
00000000000001000111010011101110
11111111111010101100010001100011
11111111110001101100100001111101
00000000000011110001000110100011
11111111110011001101100001010100
00000000000011000110100010001000
00000000000000100010000110001001
11111111111011001000000011011101
00000000000011001001001110110100
00000000000111000100001011110000
11111111111111011100010110110100
11111111110111111100111010010011
11111111110101001000001001110000
11111111111001111110100000011001
00000000001001000101100100101011
11111111111000011100100101011010
00000000000111100010100001100000
11111111111001001111101101001111
