11111111110111100011110111001010
11111111111111110101111011001010
11111111111001001110100010100100
00000000001001001011000111111110
11111111111110100110000111101001
11111111110100110100010100000100
00000000000011001000111110111101
00000000001000010111101111111111
00000000000110101001010101110111
00000000001011001101000110101010
00000000001011111100100111000011
11111111111001110011000110000111
11111111110101010010010101011010
00000000000101000001000011111100
00000000001011011010101001010010
00000000001100011101011000000011
11111111101101011101001010001001
11111111011111111110000110000010
00000000000110110011110010110101
11111111111101110001101011110011
11111111101011111111100011111011
11111111111110111101101001010011
11111111111010111101011000000111
11111111111111011010001010100110
00000000000011000111100001110110
00000000001000100011001111000101
00000000001110111000011100101001
11111111110100010011001000110110
00000000000111001000110110010001
11111111101100110000010111100010
11111111110001010000111110010010
00000000000001100101101000111100
11111111111011010110010001100001
11111111110101110100101111101010
00000000000011000011001101100100
00000000001100001000100100001100
00000000000000101000110110101011
11111111111100000000111100101001
00000000000100000011000111101010
11111111111011101001100110111111
11111111101000001000011100110010
11111111111111111101001010000101
11111111111010111000011100010111
11111111110010101000000101100110
11111111110011100100001101111011
11111111111100000000100111011011
00000000000111111101011111101010
00000000000100010000101100101000
