11111111111101000000110111001101
00000000000101111001001011100101
11111111111000110010011101001001
11111111110111010000100100111111
11111111101100111111001000100101
11111111111000101001111000110010
11111111110111010001101010010110
00000000001011011101110001011001
11111111110100011100010100011000
11111111101101001010100110100100
11111111111011101100000000000001
00000000000101010100111000111011
11111111111001110010011001000011
11111111110111000100100010001101
11111111110110000100101011011011
00000000000111110010110010010101
11111111110000111101001011111110
00000000010010000101001100110001
00000000001010100010000101001110
11111111110110010100101110111100
00000000001101101111100001101010
11111111101011101111000101001111
00000000001001000111001100110111
00000000000011010100110011110100
11111111111011101100100011101101
00000000000001011010101011110000
00000000001101100110000100111111
00000000001100011001100010101000
11111111110111010110001010011011
11111111111101111010100011100110
11111111110001001100001111000010
00000000000010111000011110101010
11111111111100011110101101111011
00000000000011111100100001101100
00000000001000100110111110110111
00000000001000100000000111001100
11111111111010001111111100010001
00000000001000010010000010011110
00000000000000011011101001100011
11111111110101111100110110100000
00000000001101001100011101011101
00000000000001100100001011111111
11111111110000111101100110101111
00000000000011101100111010001011
00000000001000011111101101011000
11111111110001011100111110101011
11111111111111010101000011001011
11111111111011011111111100111100
