00000000000101101100010001101011
00000000001010101111001111101001
11111111111111101001110011001001
00000000010000000101101001100010
00000000000100111110101001001110
00000000000011110010001000111000
00000000000001110011000111100011
11111111101110110001101000000111
00000000001101010001011110001111
11111111101010111000111000001101
11111111110110001111111001010011
11111111110111101010000100010011
00000000000000100100011111001100
00000000000000101111001010100001
11111111101110011010010010000100
00000000000010011000011111011011
00000000000000010111111001100011
11111111101111001011111010011101
11111111110110001001101001100000
00000000000110001011111111111010
00000000000111010111010110100011
00000000000101010111011101010111
00000000000000011011110001101111
00000000000100011011111101010011
11111111110111110100001001001111
11111111111000110010001011100000
11111111101111101110001011011011
11111111110100101010101010001000
11111111111010100011101100001000
11111111111101011001101100110101
11111111111010010110101000110100
11111111111101100011111001110000
00000000000110000100111011011011
11111111111100010000010111100110
11111111101011100010110011001111
00000000000110001111010111000011
11111111110010100000011010000110
11111111111001110110001001010011
11111111101010000010101010010101
00000000000100110100100000011011
00000000001011110101111010000111
11111111110110001000010010000000
11111111111000100010111111001010
00000000010010001100100110111111
00000000001001000101011010000000
00000000001010011100111110001011
00000000000011011010111000110101
11111111110110000111100000111100
