00000000000001110010100101100111
00000000000000010010011110101111
00000000000000000111011001011011
11111111111111010010110110100100
00000000000000110011111110011010
11111111111111010011111100000011
00000000000000001010111101010001
11111111111101000010100100111110
00000000000010000001011001100001
11111111111110110000000000010110
00000000000001010111010001101001
00000000000010000100000100110000
11111111111101011100010011100101
11111111111111110011000111001011
00000000000001000001000111101100
00000000000001010001100111001010
00000000000001000100011010111100
11111111111100100101000011010000
11111111111101101001100000100010
11111111111100101101100010010100
11111111111111011101010001111111
11111111111100110001010101101100
00000000000001000000000101111000
11111111111100111011100111110110
11111111111101010111010011000000
00000000000001000001111100111101
11111111111101110000101010010000
00000000000010010000101100010000
11111111111100001111101000011100
00000000000000000111101100110101
00000000000000001010000000110100
11111111111111100001010110101000
11111111111101101101011101000101
11111111111100101011011101110000
11111111111110111000001010010000
00000000000000000001001001110100
11111111111111101010100110100011
11111111111111000010011000011010
00000000000010010111011100000011
11111111111111110010011110101010
11111111111110000010111101101100
11111111111111110010110011111100
11111111111111010100011011100110
11111111111110000001011111000010
11111111111110011110100011110110
11111111111110100000110000101010
11111111111100111011110010011001
11111111111100000011010000010011
00000000000010001101000001110110
00000000000001100011000111100000
11111111111111111100010110110001
11111111111110011101000000011000
11111111111101111101111000011000
11111111111111011001110010100000
11111111111110000010010111011110
11111111111111000100011111110101
00000000000001000101000100101011
00000000000001011000101100010001
11111111111100010001010011010100
00000000000001000100101010101101
11111111111111000000011001011110
11111111111110001001000000101100
00000000000001111010011101011001
11111111111101000101011111000001
11111111111111111000110000011110
11111111111111000100111001010101
11111111111101001101001101110111
11111111111101011011101011100101
11111111111100100011111000010011
00000000000001110010010101001011
11111111111111100100101101111101
11111111111111100010111010101110
11111111111100000111100011111010
11111111111100110111000100010001
11111111111110110110111100110011
11111111111101100010001101101011
00000000000010001000101100100111
00000000000001001000011100010010
00000000000000000101011000110000
11111111111100111001011011101001
00000000000000010101010000000110
11111111111100110010010001100001
00000000000010001011000111110111
00000000000000011100100001110111
00000000000000000000000111000000
11111111111110010010010111011001
00000000000001000101000011000111
00000000000000110001001100101100
00000000000000101001000011101111
11111111111101011111001001010000
00000000000001111100001111010101
11111111111100010110111000111111
00000000000001101010001001111101
00000000000000011110011100101101
11111111111110100000110001111011
11111111111110001010011000100011
11111111111111000011011000111001
00000000000001110110111101111101
11111111111111100010100000010010
11111111111100110000001000111110
00000000000000101000101000101001
11111111111110101111111011011101
00000000000001110001011000101000
00000000000010001111000001100111
11111111111111101001010011110010
00000000000000000101011000111101
11111111111100011110111111000111
00000000000000000011000101110001
11111111111101101001111010001100
11111111111100110001100111001111
00000000000000011111000010101011
11111111111111001011000111101010
11111111111111100011011110110101
11111111111101000100100101111111
11111111111110010101001110101101
00000000000011101010000011010110
11111111111111011110111110000010
11111111111101001111001010110110
00000000000001101101000010011000
11111111111110110010000001100011
11111111111111111001101110111111
00000000000011001110111011111010
11111111111110000111111000011000
00000000000000100111101001111110
11111111111101001101101011111011
11111111111110110101100000100000
00000000000000010000100101000011
00000000000000010011001101110111
00000000000000001100100101001100
00000000000001010101011100111101
11111111111111110001100101011101
11111111111110001110110000110101
11111111111110000110110010010000
00000000000000101110100110100010
11111111111111011011111110111110
11111111111111011011110111011011
11111111111111100001000110110011
11111111111101011111010100110100
11111111111101011100101111001100
11111111111110000100111110111111
11111111111111011001000001111001
00000000000000010110100100100010
11111111111100110000011110100001
00000000000000100010000000011001
11111111111110011000100111011010
00000000000000111111011110000100
11111111111100010101001011000000
00000000000001101110000011010010
11111111111111111011001111111000
00000000000010101011100100010001
00000000000001001000101001110100
11111111111101010001111100100110
00000000000000010100100101111101
11111111111100111100111010110110
11111111111111110010010101000101
11111111111110011011100101010100
11111111111100110011011000101100
11111111111110010111110110111010
00000000000011110111001111110111
11111111111101011011011000111000
11111111111110110001010011001000
11111111111100110101110110001001
11111111111111111001010010101010
11111111111110010010101001110101
11111111111110010001001011100100
00000000000001111011101100101101
11111111111110100100111010000001
00000000000000101001100100000100
11111111111110101100010101101100
11111111111111101010001110101001
11111111111110100011011010000101
11111111111111010101000011000111
11111111111110101001110010010111
11111111111110100000100000001101
00000000000010011011001010001000
11111111111101111111001100000011
11111111111110100000101110111100
11111111111110001011101110111110
11111111111101111101001011010001
11111111111101110110101101011010
11111111111101001000101010001111
00000000000001111110100101111101
11111111111100001100100100111010
11111111111101001100000000111101
00000000000001011011111100100010
11111111111100110010110010101100
00000000000000011110010010111111
11111111111101110101110000011001
11111111111111000001101001010001
11111111111111111110100010100000
11111111111101101010110100010001
00000000000001011011000111001001
00000000000001101000101100000100
00000000000000101100001001011100
11111111111101101001011000110100
00000000000000111110000011001000
11111111111110101101000001110000
00000000000001100010111101100010
00000000000000010010000001010011
00000000000010000100111110100110
00000000000010011000101011010111
11111111111110010010110001010010
11111111111111100001111110111101
00000000000000011110100001000111
00000000000000101101010101100001
00000000000000101000001001011100
11111111111111011011010110000111
11111111111111010100110100010100
00000000000001100011010011010101
11111111111110000010000001001101
11111111111111110111010110100100
00000000000001110110011100000101
11111111111111000101010101010110
11111111111101111101100101110111
00000000000001110001101110010001
00000000000000011110110000001000
00000000000000100011100010110000
11111111111101110110110011111100
00000000000010111000110001011000
11111111111111000000110011000111
00000000000000110000110000010100
11111111111110101100011100110100
11111111111100001111110101010110
11111111111110001100000110011010
11111111111101111110101101111111
11111111111100101100000111000100
11111111111100000101011000001001
00000000000001110010101101010111
11111111111101111010100001011100
11111111111110101011001010101011
11111111111110011000001111001010
11111111111110001010110101011100
11111111111100011101010000111001
11111111111111011100111001100110
00000000000010001000101001100011
00000000000001111000101011101101
11111111111101010000011110000011
00000000000001011011110100100001
11111111111100010111111010010110
11111111111111100000011001001100
11111111111110101100010011110111
11111111111100010010010000110101
00000000000010000110010000010010
11111111111111111010010001110100
11111111111110100101111110001001
11111111111111100001101011100000
00000000000000001001111101010101
00000000000010001111111111010101
11111111111110001111001101101101
11111111111111000100000101011000
11111111111101010011001110011000
11111111111111111000110011110010
00000000000000001000001011010011
00000000000000111101000000110010
00000000000000011101010010000001
11111111111111001011000000101000
11111111111101100101111000101001
11111111111101101010011011111011
11111111111100101000101101101011
11111111111100011111011010011111
11111111111100010110100101100011
00000000000000110000100101101001
00000000000001000011110010101010
11111111111101110111001010000001
11111111111101100010100001100010
00000000000010010011011000100000
11111111111101111011110100001100
11111111111101000000001100111100
11111111111111110001100101011011
00000000000000010001110011010101
00000000000001110110111000110110
11111111111111010101101010001010
00000000000001101000010100101000
11111111111100111101110010000101
11111111111100011001100010001001
11111111111110111001011100011011
00000000000000100010110100000111
00000000000000011100101011101010
11111111111100111010110011100011
11111111111101101100101101000110
11111111111110111011110010001101
11111111111111101101101100010011
00000000000000000000010001100001
11111111111111011111001000110110
11111111111111110101101000001101
11111111111101011101100010011000
11111111111101100010010001110101
11111111111111111111000001101000
11111111111101010000111010110001
11111111111111000010100000011101
00000000000001000010011100010011
00000000000010001010110101100000
00000000000001100001111001111111
11111111111110100000000110001111
11111111111101001110100000000100
00000000000001001010001111100111
11111111111110011111111110010111
00000000000010001010001001110101
11111111111100111010110000111000
11111111111101110101110000110110
11111111111100011001110101010101
00000000000001010110011010011000
11111111111111111010101001010000
00000000000001011010111100111000
11111111111101000011110110011110
11111111111100001001010001000000
00000000000000101001011000010100
11111111111111010000110100011000
00000000000010011001011010001111
11111111111110101000100110001001
11111111111101011001011000000100
00000000000000001100100101011101
00000000000001010111000001001101
00000000000000100100001000110110
11111111111110110100110010101000
11111111111101110101001000010101
00000000000001011110000011100101
00000000000000011100010011011110
00000000000000101010011100111000
11111111111111000010101010001010
11111111111101010011101011101000
11111111111100001101111011101100
00000000000010000001010001011100
11111111111101011110011010100100
11111111111100111000111110111010
11111111111111001011010100101110
00000000000001111100100101010010
00000000000001001011100011000011
00000000000000010001001000101110
11111111111100110100011110111100
11111111111110111100010110110001
11111111111111010100111110011011
00000000000001100011010011010010
11111111111101100011000000110100
00000000000010001101001101000111
11111111111101001100100101111001
11111111111100111110011011101000
11111111111100011011000100001111
11111111111110001111010100101101
11111111111100000010011001111110
11111111111101110101110111100100
11111111111100010001101011110000
00000000000001110000000111001100
11111111111111010010101111111001
11111111111101011111111110010001
11111111111111001111001100101011
00000000000000001000110100010010
00000000000000010011100111110110
11111111111100011010100110110100
11111111111110000010001011110011
11111111111111010101111001010100
11111111111110000010011010110001
11111111111110010001110101111110
11111111111101111000000010110100
11111111111100010011110101110001
00000000000010000110001110100010
11111111111111000111101110010011
11111111111100100111001011101010
00000000000001111010011111010101
11111111111110001110001101111011
00000000000000001010010101110101
00000000000000110101100100000111
11111111111110101100000101011100
11111111111110011111100000111101
11111111111111101101110010001001
11111111111100001101010110001001
11111111111110101001011011111011
00000000000000010110100111011110
11111111111111010100011100100100
11111111111111010011000011010010
00000000000000111010001110010000
11111111111111111111100000101011
11111111111100100101111000100100
00000000000000111000010101101100
00000000000001101101010011001101
00000000000000100011110110000011
11111111111110000000010001110101
11111111111101100011000111101110
00000000000010011000000000111111
00000000000001011000111001000010
00000000000000110010111111000101
00000000000000011011011010000010
11111111111110111001110011100011
00000000000001110000100110001100
11111111111111011001101111100100
00000000000000010100000001011110
00000000000001101100000010001001
00000000000010001011010000111000
11111111111110011100101101010100
00000000000010011010011110110111
00000000000001011100001010101011
11111111111111101100110010000000
00000000000001000101010010001100
00000000000001110001000100010000
11111111111110100000100001011110
11111111111101110111001011000110
00000000000000011011000111100010
11111111111101000111010100110011
11111111111110100000111110101100
11111111111101111010010111001100
