00000000000110011101011111110001
00000000000010000000010110111101
11111111111111110110111110001110
11111111110111100010000000011000
00000000000010000010100011011100
00000000000101111011100010100110
00000000000011001100000111100000
00000000000001111000110000011001
11111111111101011011000101001011
11111111111001010010001000111001
11111111110110011000101011000000
00000000000000010101000100010011
11111111111001010101001110110010
00000000000001010000110001100101
00000000000011001000111011010010
11111111110101011100100111000111
11111111110100010100101100101011
11111111111000011001011101010011
11111111111000000111101100111101
00000000001000011110001111100110
00000000000001010011100000110100
11111111110011011110000001000001
11111111111111100000001110100100
11111111111110111001101111000110
00000000001001001100011010001110
11111111110111000110110000000000
11111111111101100100011100110001
00000000000110000110101111111000
11111111111010011101100111011010
00000000000001111000101101110000
00000000000110110010000010111101
00000000000110100101010101010000
00000000000110000101001110001000
11111111111110100111000010011011
00000000000001111011101011101010
11111111111010001011111001010111
00000000000101000001111100000100
00000000001000001000000110010001
00000000000011101101011010011111
00000000000000110000110110100101
11111111111100000000001100011001
00000000000101110111110001100001
11111111110110101110001000000101
11111111111101100110101110001100
11111111111110100101010111000111
00000000000000111100011000010000
11111111111010110110010111010111
11111111111101000000011010101000
11111111110110101111011101011000
11111111111011100001110100101101
11111111111101000111000011010100
00000000000000000100110100001100
11111111110101110110010111000010
00000000000001000010011001001000
00000000000101000101000000100100
00000000001000011011111111010001
00000000000010011100101000010100
11111111111011010010001110111001
00000000000000011000011110001001
11111111111101100111000101011111
00000000001000100101001111100111
00000000000011100011111010111111
11111111111100001100101101011100
11111111111010110010100000110100
11111111111111101011010001001100
00000000000101101010010010101000
00000000000110001010100011010010
11111111111101011100100011010100
11111111111011101011011001101001
00000000000011110101111100111001
00000000000011110010111000100001
00000000000011000111010100101100
00000000000101101011100110100001
11111111111010101000011010000110
11111111111101011010011010001111
00000000000110001101101000001011
11111111111101001000000011101110
00000000000000110011000110001100
00000000000101101000011001100011
00000000000100001001000000101011
11111111111010010001000101111000
11111111111110100011100011000100
11111111110111111110111110000001
11111111111001110001001111000101
11111111111110101101011011010010
00000000000011001010000000010001
11111111111110000101111010111101
11111111111100001011000000110011
11111111111110110000101000001000
11111111111100101001100000000100
11111111111101100101111110000000
00000000000010011101011011000010
11111111111101101111010011101001
11111111111101011101100001001111
00000000000100110010011110110101
00000000000000001001101111001111
11111111111110101001111000111001
00000000000010111111101001001000
00000000000001011001101111000001
00000000000100011111100000110110
00000000000101111111001001101010
00000000000011001001010100100000
00000000000001010110100111001010
00000000000101011111101110100110
00000000000010000101101000000010
00000000000010100000011010100100
00000000000001111010110000101001
00000000000111100111110101000010
00000000001010001010000011001111
11111111111111001010101011100100
00000000000010000010111011100010
11111111111111010100111100000001
00000000001000110100010010110000
00000000000000011001011110100101
11111111111011101100011010110010
11111111111111001000001100110110
11111111111110010001110110111110
00000000000000001001001110101010
11111111111000101011111101111101
11111111111100001011100011000101
00000000000000000101100101110011
00000000000100100111110010100100
11111111111011111011100101100011
11111111110000010100100101010111
11111111111001010011101010001100
00000000001001011101101100010100
00000000001000000010100110101111
00000000000000011011101010111010
11111111110001000110111111001111
11111111101101101001111101000111
11111111111010100000101000111111
11111111111110111011001110110010
00000000000000001111010100111000
11111111111111101100011011011101
11111111111001001010101011100101
11111111111110111000001100110010
00000000000001001100000011100101
11111111111100100110001010110000
00000000000110000101001100110010
00000000000001011101101111001011
11111111111101010011010010111101
11111111111011100101101001011010
11111111110110011101001011001101
11111111110100101010010111011101
11111111111100111101100010100110
11111111111011111100011101110001
11111111110011000010010001101001
00000000000011010100011100100001
00000000000100111001000101111101
00000000001111011111100110100110
00000000000010010010101010000001
11111111111111100101100011001010
00000000000101001011110000011111
00000000000101001101101110011001
11111111111011011101101011010011
11111111111111010111000010001101
11111111111011011110001101101100
11111111111000101001110110010000
11111111111100010111000110010111
11111111110011000010110100011000
11111111110101110010010001110100
11111111101111000001010011011010
11111111111000110000011000100111
11111111110110000001100111110000
11111111111110011111010110000101
11111111111010100110111001000001
00000000000010111100110110101101
00000000000101111001111011011100
00000000001001001011001010110111
00000000011001110110111010010100
11111111111000100110010011111110
11111111111010101100111000110101
11111111111011010010001010001110
00000000000011001101111111100010
00000000010010011011111001110000
11111111111000110001010000101011
00000000001000111100000100100101
00000000000101000111110100100100
11111111111101000011110101001101
11111111101101000100001101001101
11111111111111110101000100001000
00000000001000100001101011010001
00000000001010111010101110011010
00000000000111001001010101010111
11111111111100001010001011100000
11111111111110011110001110100011
11111111110111000001011111101110
11111111111101010000011010001000
00000000000001000010001111011001
00000000000000010101010100010111
11111111111101101011001101011011
11111111111101111100001100100100
11111111111101101001100011111100
11111111111001111011011000101101
00000000000000000000111010001010
11111111111010101001101001000000
11111111110011101011011001011001
00000000000001011100100111111011
00000000000000010001101011110111
00000000001010111101100110101001
00000000000001100110000100010101
11111111111010110001010101010000
11111111111000010010101011001010
11111111110111011000110101110010
11111111110110110001000011011110
00000000000000101111111010000110
00000000000010011100111100001110
00000000000101101111010011011001
00000000010001101110011010110101
00000000010000100000110101101101
00000000000101011101011101110011
11111111111101100011101000100111
00000000000101111101001001100101
00000000001100001001101101001111
00000000001100011110001011101100
00000000001001001111011001011011
11111111111111101110100001101110
00000000000111101111001100111000
11111111111110011111100111101001
11111111110100110011100101100010
00000000001011101011110001000001
00000000000000010101101000001000
11111111111000100100001000101111
11111111101101111010110011010000
11111111110001000010001111001110
00000000000000010000101011101010
00000000000001100001011100110010
00000000000101111100110010000001
00000000000111101000111001011000
00000000000110110110110111111000
11111111111001100011001101100111
11111111111110011001000100100011
11111111111110101011101010110111
11111111111110101011010010110011
11111111111110101001001011100000
11111111111101101100101010000010
11111111111101011000001011111110
11111111111110111100010111000111
00000000000100011000110011000010
11111111111110011100001000111110
11111111111010001001000110001001
11111111111000111111110010111010
00000000001001010100000110000000
11111111111011111001001010111100
00000000000110110100001101110001
00000000000101001000111111010101
11111111111110001001111001110111
11111111111110001111010100111100
00000000000000001111001100001010
00000000000011100101000110110000
00000000000001101000010010010010
00000000000110010000101100000011
00000000001000111010101111111110
00000000000000010011001101001000
00000000000110000100101000001110
00000000000010100001101011010110
00000000001000110111110111100110
00000000000110100101001011001110
11111111110011111011001101001111
11111111111101100011110111111111
11111111111111000011000110111001
11111111111110010110000010001111
11111111111100101101110000111001
00000000000011110001001011000000
11111111111101001000110000110110
00000000000010010010100100100011
00000000001010000000001101010010
00000000000001111111001000010001
00000000000100111111100101001111
00000000000100100010101110011111
00000000001011010001101111010000
00000000000101010100011000100111
00000000000011010110001011101100
00000000000100000001101110101111
00000000000001101101101010100110
00000000000101111011000110000100
00000000001001010010001100011100
11111111110100011101010100100110
11111111110001011011110100100100
11111111110000101110000111111110
00000000000000111000110010111001
00000000000101110100010100100101
11111111111010000101010001110111
11111111110011010000011110111110
11111111111101110000011010100010
11111111111110000101111111000110
00000000001011111000010000001001
11111111111111101000100101111101
11111111110101100100100111010100
11111111111111011101000101011010
00000000000100100111011011100001
11111111111101110010101011110101
11111111111011110110001100111001
11111111111110001100111111110010
00000000000110000111010110001001
11111111111000011011110100000000
00000000000011100000010100101100
00000000000010001111010010101110
11111111111110111101111101011010
11111111111111111100101101001001
00000000000000100101000000010110
00000000001100010100110100100100
00000000001011001011000011101100
11111111111110111001100110101111
00000000000010100000011010000000
11111111110011101110011100111100
11111111111101011011010110001000
00000000000111000000111010000001
00000000000011110010010010111101
00000000000100110101000101001001
00000000000101110101111100011100
00000000000001110100101001011111
11111111111000101110001101101111
11111111111111101110111011000001
11111111111101010001001101100001
00000000000001100000000000101111
00000000000100000100011110110111
11111111111000111100100011111110
00000000000000110100010011010010
11111111111101000001010011100110
11111111111101110111010011001011
00000000001111000111110110010100
11111111111111111110100111010111
11111111111101011111110001010001
00000000000000011011100001001111
00000000000001000000011011000111
11111111111111101001011101001000
00000000000000000011001011100000
00000000000000111001000011111111
00000000000010101101110000011000
00000000000000000110100110010000
00000000000001011010001010110110
11111111111110011011111101101010
11111111111010010000000101010101
11111111111100010110010010010011
00000000001011100100110010010111
00000000001000010001001010110101
11111111110000110100001111100100
11111111101110000110010100001100
11111111111001110111101010110100
11111111111111101000110010001110
11111111111000011111001110011010
11111111111011110010010011000011
00000000000000000111101001110000
00000000001010110101000101101111
11111111111111100001011010111100
00000000000101100111100110010011
00000000000101010111011001111000
00000000000100011101000101101100
00000000000011001110101011001100
11111111111000101100001011101101
11111111111011010011010100110001
11111111111001111011110111011101
11111111110111101101110010011111
11111111111110110101111111010011
00000000000101110110010111001011
00000000000011111011000011111010
11111111111101101001110001111011
11111111111010000000010101110011
00000000000000101001010001110010
00000000000000110000110011101111
00000000001011011101001101010011
00000000000101111000001000011001
11111111111100111110100001111000
00000000000011100010001111011101
00000000001000101101010010101000
00000000001111101001111110110100
11111111111001111001111100101110
00000000000010111110111101010111
11111111111110100101000111101111
00000000000110100000110000100000
00000000001010101111011000011111
00000000000111110111101111010010
11111111111101111010110000010011
11111111111001001110011001001000
00000000000010011001011010001110
00000000000010100101111000110001
11111111111110111010000111001001
11111111111111011011001100000110
00000000000001101101010000111011
00000000000011010101000111110100
00000000000101101000101110100101
00000000001001001111001011100011
00000000000110110011110010110110
00000000000010101100100000101001
11111111101001000110010000101010
11111111101110101011000101011100
11111111111000011111001111111000
11111111110110100101110111110010
11111111111010100010011111101111
11111111111101101101101111001111
11111111111100000000110101111111
11111111111100101100001010111110
11111111111101011110101001001110
11111111111110010000100101000110
11111111111101100001001111010111
00000000000101111111101110101001
00000000000011010001111011010011
00000000000111110001110001000001
00000000001111000011101100000110
