11111111110010110101011010010011
00000000001011111010100110010110
00000000000111110001110011100000
00000000001000101100111010010010
11111111110011111011101101000100
11111111111011100111000110011011
11111111111101100000101111011000
00000000000010111101000010011100
00000000000100011101100000110110
00000000000000111100001110101011
00000000000100101011100111000010
11111111111010111001101001100011
11111111111110001101100110000001
11111111111100110000011010001100
11111111111101011011011001000110
00000000001000101110101110010110
00000000001011011011011000101001
00000000000011010111001111001101
00000000000100011011001110100010
11111111110010101010100010100110
00000000000011001001100111101011
00000000000011111100000111101110
11111111111011001101100000100101
00000000000000010001100101101100
11111111110110010101010101100010
00000000001000010101011001001110
11111111110111001111011111110010
00000000000101001111100101110100
00000000000100110010100101001110
00000000000010001000011010000000
00000000000001000001111111101100
00000000000011010011010101000110
11111111110110110110011111000111
11111111111000010000101111100101
00000000000000100010111010111111
11111111111110111101111101110001
00000000000011011111011011100000
11111111111001111101010011000001
11111111111000111001111001100111
00000000000100011101100101100000
00000000000000010010101101001100
11111111111100001110011000101110
00000000000001010111010000010110
00000000000001000001101100101101
00000000000101101101000110110011
00000000000000100000010101011110
00000000001010000010101110001001
00000000000110111101001011101011
00000000000110110110011101110000
00000000000011001110111000110100
00000000000111001000111101001101
11111111111110110101111111010001
11111111111111100000111100010111
00000000000001101101111010110111
00000000000000110010011001001100
11111111111101001110001010010000
00000000000010010011111011100111
00000000001001101110111111111110
00000000001010111110101001001010
00000000000011010110001010001110
11111111111110101111000011011111
00000000000011101010000110100000
00000000000101110101001110011101
00000000001000100001000011110100
00000000000101110110110100111010
11111111111001101001010101000001
11111111111010011001000101111001
11111111111110010100001011110111
00000000000011100100110000001111
11111111111110010001111011100111
11111111111100111011011100111110
11111111111110000011010001101111
11111111111010011010011000100111
00000000000100101001010101111000
00000000000001001010001000100011
00000000000011010010000001111010
00000000000100010101100100100001
11111111111110010111101000010111
00000000000001001110101001110000
11111111111101110110110010110110
11111111111111011000011001010101
00000000000001010100001001000010
00000000000101001000001001001101
00000000000011111110111100101001
00000000000000100001110111100001
11111111111001000010100001001010
00000000000010001011100011001110
00000000000101110111000000111110
00000000000010010001100011110111
11111111111101111011101101011110
11111111111100011000001001110111
00000000000001111110000001011110
00000000000010011011111111110110
00000000000001111011111011100100
11111111111001110100000011111101
11111111111100111110101111100010
11111111111101001010011111100011
11111111111011111111011110011011
11111111111010011110000000100100
11111111111101000010010011011101
00000000000010110000110100010110
00000000000100000001100001101111
00000000000001110110110010101100
11111111111111001011101111010101
11111111111111101110010001001001
11111111111101010010001011001110
00000000000001111101100101001000
11111111111110100000010011010110
11111111111011100100001100111100
11111111110111101111110010101000
11111111111101000001000000001110
00000000000000000010011100111010
00000000000011011110001010001110
00000000000000001011101000000001
00000000000100011111001000110100
11111111110111011011110110010110
11111111111011100000101001100010
11111111111101000011011011111000
00000000000011101101111111001100
00000000001001101101110101100011
00000000001001010100010011101101
00000000000000010100111010111110
11111111110110000110101110101101
11111111111110101000100010011111
00000000000001011000010001001110
00000000001000110100100001111110
00000000000110101111000111110111
00000000000100101000100101001000
00000000000110010111111001011110
00000000000011100101010111111111
00000000000110001010110010101111
11111111111110100110000101110010
11111111111010010000011011111001
11111111111101001110101001110001
00000000000011011001100101000010
00000000000100001100111011010111
00000000000010001000011110111101
00000000000101110111000100101001
11111111111110011110110100100101
11111111111001101000001011001000
00000000000110001111000110010010
00000000000111001000110101011110
00000000000010101010101100101100
11111111111100101011101111011110
11111111110010110101111000110111
00000000000101001011011101001101
00000000000100000110011000001011
00000000000001011001110000111010
11111111111101000110001010001101
11111111110101100000000111101111
00000000000100100110011111001011
00000000000011111111101100011100
00000000000000100010111111101111
11111111111101101011111101111000
11111111111101111000101001111101
11111111110111101110010110010001
11111111111011100011001100110110
11111111111110010110100101111101
11111111111111001000100010010011
11111111111110001000101010010100
11111111111001111010100110101101
00000000000011110010000010001011
00000000000000000011101111110101
00000000000100000101010101011110
11111111111011000000001001111001
00000000000101010000001111101011
00000000000101101000000111111011
00000000000111110101010110000100
00000000000101010000000010100100
11111111110100001010100100010111
00000000000100100111000100110111
00000000001000000110100011101101
00000000000011101101010010000001
11111111111010000100000000011100
11111111110001010100101100111101
00000000000111010001011001111001
11111111111010101111001000101010
11111111110111011000010000101000
11111111111110110001000110101000
00000000000100111101101111101001
00000000001001100010001101100110
11111111111110111111110011100110
11111111111101001110011011001001
00000000000001101110011010101001
00000000000100000010100000111101
00000000000010110010010011000111
11111111111111101111110111011101
11111111111100100000000100000101
00000000000011111011011101001011
11111111111101001101011100010010
11111111111100000010110000011001
00000000000001101111000011011101
00000000000010111011011110000011
00000000000000000101111110011001
11111111111010000010111100010101
00000000000101001010001101010101
00000000000100111010011011100001
11111111111100010010001111101000
00000000000011000110001011110110
11111111111011000110110111101000
11111111111010111101101000001110
00000000000011011101111101010101
00000000000011111011100011101000
00000000000011000010000001110001
00000000001000110110110010011100
00000000000001001101101010011011
00000000000111010011000101011111
00000000000000011000000000111001
11111111111010101010011010101011
11111111101100110100111111011010
00000000000001001011100001101001
00000000000100010001010110100001
00000000000000101100000010110111
11111111111011000110101101100100
11111111101011010001000010011000
11111111111011010111011000011000
11111111111010100111011001111111
00000000000101001010011011110111
11111111111111001010110100000101
00000000000100001101101010111001
11111111111100101110010000111000
11111111111101110001110011001001
00000000001100101100001101011111
00000000000101010100001111100100
00000000001010011001000101000100
00000000000101000110000111001111
00000000000110000110110111101000
11111111111100001001100101001000
11111111111000100111001110100101
11111111111101101101001111001010
11111111111101111011011001010100
11111111111111001000000000101010
11111111111011111010001100111101
11111111111101010111001110110000
11111111111111110101011111110101
00000000000011101101011000001010
11111111111111110111110101010000
11111111111100111101110011011111
11111111110110010010010000001100
11111111111011011100100110110101
00000000000000010011101101000010
00000000001001111101010011111101
00000000000011110011101011101101
11111111111110000100000001101100
11111111111111110111010000010001
00000000000001011001010011110001
00000000001000111100010001110010
11111111111101110010010111111110
11111111111000011110111111001101
11111111111001010100111111111011
11111111111110011000000001000010
00000000000011111100011010000111
11111111111111011010001010100000
11111111111110001100001111011011
11111111111101101100001011101101
11111111111111100010011110010111
11111111111101100011011101010010
11111111111011100011000000100111
11111111111101100001001001110111
00000000000000101101010101001010
11111111111101011100010001100011
00000000000000101111001111001001
11111111111111100000011101110111
00000000000101010000000110100111
00000000000111101011001000100011
11111111110110111001111001101010
11111111110111110001110000100100
11111111111011000000000011011100
00000000000010100101011001011000
11111111111101010111001000101010
11111111110111000110011110111001
11111111111110001000110011100100
00000000000100100010011000011010
11111111111110111111101010011101
11111111111111011000011100111100
00000000000001010000111000110011
11111111111001101110010000100000
00000000000110110011011101011110
00000000001001110100010100010111
00000000001100111101001011010000
00000000000010110001001010000110
11111111111100101100011010101100
00000000000000001101100011011101
00000000000110111110110000011111
00000000001000001100100100110010
00000000001001000110010100110100
11111111111100111101110011110001
00000000000000101111001010001101
00000000001000010110101111010000
11111111111111100110101111100001
11111111111111100101101111001010
00000000000000001100101111000111
11111111111100010011010110101111
00000000000000001011011110111011
11111111111111010000111111000011
00000000000001000110101110010011
11111111111011001011000111100110
11111111111100111001000011011000
00000000000011001110101100011110
11111111111111100011101101010101
11111111111110100110101100101011
11111111111101110010110011100110
00000000000000010101100010101100
11111111111111111110101110100010
11111111111100010011111001110011
11111111111100110111110011111010
11111111111110110000100101100110
11111111111010111100010110001011
11111111111100101100000101101101
11111111111100111000110111011100
00000000000001000110110110111110
11111111111110111001101111000100
00000000000010100111000100101011
00000000000001000000000111110101
00000000000111101100100110010010
00000000000011010010010110111000
00000000000000110100110011000110
11111111110111111101110100001001
00000000000010100110011110100000
00000000000011101001011010110010
11111111111100110011001101010101
11111111110111011001000010000010
11111111110011010011100100101111
00000000000010101111101110111111
00000000000110101110011001100010
00000000000101000100101110101010
00000000000101000110010101111101
00000000000100101000000000001101
00000000000001010110010000010000
00000000000100110001101000101010
00000000000000101110000110011101
00000000000010101010110110101001
00000000000011100100001100100110
00000000000000100001100001001011
00000000000101110001011100010010
11111111111001000000110000101111
11111111111100001010001111010111
00000000000100011010001011011101
00000000000101101001011101001000
11111111111111100000111000100010
11111111111100000000000111000111
11111111111111100101110010101111
00000000000011011011000101100100
00000000000011100011101101000111
00000000000001111010011001100010
00000000000011010001011000101110
00000000000010101001100000011001
00000000000101000001000110111110
11111111111010110001110100011101
11111111110111110011111010111110
11111111111110100101100110100111
11111111111111111001101011111001
00000000000100110010011111000001
00000000001010001111110000100100
00000000000110011000100111000101
11111111111100111101100111001000
00000000000011000100100110101001
00000000001010101001111000110011
00000000000100011000001110111001
00000000000010111001110110101011
11111111111100111010110101110000
00000000000011000101110000011000
11111111111101111110001001000000
00000000000011111001100100001001
00000000000011101000010011000100
11111111101111111101001000010011
11111111110011111111111001010100
11111111111001110000110101011011
00000000000000011001010011110001
00000000000001111001011000101101
11111111110010110001001110000000
11111111111011011111001010110100
00000000000000011101100011011101
00000000001010000010101110010101
00000000000110110010000010011110
00000000000110000110101100100011
00000000000010110100011101010110
00000000000100111110011000010011
00000000000001111010100011111110
11111111111101011000111011001111
11111111111111100001111101101001
11111111110110010100001000101010
11111111111100101100010100101010
11111111111101010001010001111111
11111111111110100100000001010000
11111111111010001001011111010001
11111111111101101001101011111100
00000000000011000100101001100110
00000000000001010011100101110110
11111111111110111000111101111011
00000000000000011001011001001110
00000000000100010111111000000111
11111111111100111011000101101100
00000000000011001100011000010000
00000000000111001100000110100100
00000000000110000001010010100110
00000000000001011010110111010100
11111111111011111111101111001000
11111111111110000010111011011110
11111111111110001011110011011100
