00000000001010010000111101110100
11111111111000111100010111101100
00000000001011011100011011001101
00000000010001111111000101110001
00000000010000001110001101010001
11111111110110010000111110001011
11111111111001111000100001000001
11111111111101101001111100010100
00000000000100010111101010000100
00000000001111000010100100100111
11111111111111011100001001101101
00000000000111111011101110011001
00000000000001000101111101000100
00000000000110000101010000011111
00000000000011111111000110011011
00000000000001001011000100000010
11111111110100111011010011101110
11111111111011010110000101000001
11111111111010011010010010110111
11111111110111110101101110000111
11111111111010101011000111101100
11111111111000110001010111001111
11111111111111000101101111001101
00000000000010011010010010101111
00000000000010111110101110010001
11111111111101010100110000100111
00000000000000001010111011011110
00000000000010101010001000011110
11111111101111011111001110001011
11111111111011100101101111111001
00000000000001101001101110001110
00000000000100111011100000111111
00000000001011001110011010010000
00000000000001100010001100001011
11111111111101001111110101101011
00000000000011000111101111000001
00000000000010101001100110111101
11111111111010000101101110110100
00000000001000101101001101100110
11111111111011100001000111010101
11111111111000100110111111001110
11111111111000110011010111001010
00000000000000000010110110100101
00000000000011000111110111101000
11111111110100111000111011110110
11111111110111111011111010010011
11111111111000110010000110110011
11111111110111100110000101011111
11111111110110010111100010111110
00000000000001001100110110101100
00000000000001111001000011100111
00000000000010110101111010000010
00000000000110010110100111101000
11111111111101011100101011100011
11111111111110001010000101100101
00000000000101110110110110010010
00000000000000000000010111001011
00000000000011100110111000001001
11111111110110111000111011110010
11111111111100011010111110010000
00000000000001101010101011100111
11111111111100001001000010000100
11111111111111010110010110010001
00000000000000100110011111111111
11111111111101100100001100010011
00000000000011111011110001000000
11111111111111110101110100101111
11111111111100110001000010101101
00000000000110011010000000110100
00000000000001101101010011100111
00000000000111111111010010101001
00000000000111101110001110001100
00000000000010100000000011001111
00000000000101101011111110111000
00000000000010100100101010111101
11111111111100101000111110010100
11111111110111110100110101111010
00000000000000000110000000000010
00000000000000111111100000101100
00000000000100000101111001110000
11111111111110110011001010101101
11111111111110110100010111110100
11111111111011001000110101100100
11111111111101111001110111001011
11111111111100011110010011011111
00000000000001100011100010011100
11111111111111010011001011010111
11111111111010010011111011010000
00000000000010001001101001000000
00000000000001011101100110000110
00000000000100111110100011011001
00000000000101111101011001011110
00000000000001111001100111010110
00000000000010100101110000110100
11111111111111110000101000110100
11111111111110010011000101100111
00000000000111011101111000001011
00000000000110110110100111111100
00000000000001100010101000100111
00000000000010110100110100001110
11111111111100010001000010110101
00000000000010100100100000100111
11111111110110001000111101010011
11111111111100011110100101001011
11111111111011110010011001001000
11111111110101100001011101011010
00000000000110000011001100010100
11111111111010001010010101001100
11111111111000111110110011100101
00000000000100010001000000010110
11111111111000101110011101110100
00000000000000110100010010010100
00000000001001110101111111110001
11111111111110111001101110010000
00000000000010000100010110000101
00000000000111111011100100001000
11111111111011111111110001101111
00000000000110010001111010101111
00000000000111010010001011000110
11111111111110111000000100001011
11111111110011001110110010000000
11111111110111001111100100011110
11111111111011110010010100001001
00000000001001010111010011110101
00000000000111111111110011101110
00000000001110000000011001000000
00000000000011000001000111111011
00000000000010001101001011110110
00000000000101010101100011001110
00000000001111101001100011110110
11111111111001001100110111010100
11111111111001101100101101011001
11111111111110101110000011011010
00000000000100100001100110001010
11111111111011110010000000000101
00000000000100110011101000111111
11111111110011011110101010100000
11111111110010011001110111000111
11111111110110000100100000010010
00000000000000001000111100100000
11111111110111010011101001110101
11111111111111011111110101111001
11111111111111010010101110010011
00000000000000000010011100011101
11111111111110101101010110110000
00000000000001110011101111110111
00000000001000010000101001100010
00000000001010001011010000111100
00000000000110001010001001100101
00000000000010101100001001100010
11111111111000010010111110011011
00000000000000101010111000011001
11111111111110101011011000101011
00000000000100101101111100001010
00000000000011000010000001111100
00000000000101011010101011010001
00000000000001001001110101001011
00000000000011101010010000101011
00000000000001110110010001011101
00000000000000100000001110000011
00000000000010111101100111010100
00000000000010100000101000011101
00000000000001010110100011111001
11111111111110100000101101001001
11111111111010001011011000001101
00000000000101001111101001110001
11111111111000001010010001100001
11111111111000111000110111000101
11111111111011000001010111010000
00000000000000111100011010011001
11111111111001111111111010001001
00000000000011010000010111111001
00000000000001100110001010010100
00000000000100100101111111111011
00000000000100001110010101000111
11111111111111111001001010001101
11111111110111110001001001101001
00000000000101001011110011100111
00000000000100100000000010110110
00000000000011110100100011001011
11111111110100111111010100110000
11111111111000101001100100110001
00000000001010000000101001010100
11111111111111100011111111100010
11111111110010011101011111011110
00000000001000011010011001110001
00000000000010110001111010001100
00000000000000110111011110110100
11111111110111011111100011110110
11111111110011110110011100001111
00000000000111001101011100100011
11111111110110000100001011000100
11111111101000001110100111001000
11111111110011011010011000000101
11111111111011011001100101011001
11111111111011000101000011010100
00000000000001001011010100110110
00000000000101100101101010010111
00000000000000001100010011110100
11111111111100111001100010101010
00000000001100011101111100100000
00000000000011110010101010001011
11111111110101010001110111110101
11111111111101101010111100011110
11111111110001111101011110011011
00000000000001101111000000010111
11111111111111010110001110100111
11111111111010101100101100011111
00000000000101110100000000001101
11111111111110111110001110000000
11111111111101011100011101101111
00000000000101001000110110001001
00000000000001011100011001000111
11111111111110001001011010111001
11111111110111000100111010111000
00000000000100100010100111101010
00000000000000011011011111010001
11111111110010110111011111000101
11111111100011101000011100101011
11111111101101001100110001101100
00000000000100011011001011100010
11111111110011001101000110000000
11111111111110000100010111001010
11111111111001010001110011100010
00000000000010011110101011010111
00000000000001001101000000111101
11111111111101101110001110011000
00000000000001110101001100111000
11111111111011100001001000111101
11111111111110101010111110101111
00000000000101010111110011101000
00000000000000100010000011011010
11111111111010000100110111000110
00000000000010001101010001001001
00000000000001000110110011110011
11111111111111011001000100111100
00000000000011000011010110001111
11111111111101111011001111110011
00000000001000110001000010110000
11111111111111001100000000010000
00000000000101000100100011111010
00000000000010101110101000110011
11111111111010100011000101111111
11111111111110001011111111001111
00000000000111000001011110000000
00000000000010000110011011101110
11111111111101011100010000011000
11111111111110010111101100010001
11111111111011100110101101010001
00000000001010010111100000010110
00000000000111110101101011111111
00000000000100100011100010000000
00000000000010110100001110110001
11111111111001010100011111001000
11111111111010011011001001000010
00000000000101000000111010111000
11111111111001010000010001110011
11111111111111000101111011100001
00000000000101011110110111000001
00000000000000000100100010101111
11111111111001010101001011111001
11111111111000011101110111110001
11111111111101100111011000001001
00000000000100101111110001000011
00000000000100001101000000011100
00000000000001110010111010011110
00000000000111010000101001110111
00000000000010101101101111001010
00000000000010100110101011110010
11111111111100111000011110011011
11111111111111100101111011001010
11111111111110000000111011010001
11111111110110011010011100110110
11111111101100110011011100110101
11111111101100000111000101101101
00000000001001000011001011101000
00000000000100011011001010111100
11111111111111000000001111101011
00000000001011110110101001010111
00000000000001010110110001001101
11111111110001001010111110000101
11111111111001101101010100011000
00000000001011011111010011011101
00000000000011001000000111000100
11111111111011110010101010111111
11111111110001100100001100101001
11111111101100100011111010010011
11111111111100011010011110010001
11111111111000100101101000110101
00000000000010110000011000000000
11111111111101001110000111111100
11111111111011101100101101011001
11111111111111010001100010110100
00000000000001111110000101010011
11111111111011000111100101111010
11111111111001101010111100110001
11111111111011010010000101100001
00000000000001110111000000100010
00000000000011001111011111100110
00000000000011100101101000001000
11111111110110000101010101101101
11111111111100100000111110111111
11111111111101000101010101100000
11111111111011000000100110010110
11111111111011011010100001011001
11111111111110011100100011111000
00000000000101101111110110101010
00000000001000011001110101101010
11111111111001110001011101000000
11111111111111001100101001010100
00000000000111100010001101101001
00000000000101111110111010010010
00000000001111100101011111100110
11111111111001011000101101001110
00000000000100010100100100110011
11111111111011001100010001011101
11111111111100010010000110100110
00000000001110101001000100010101
00000000001010000000100100000100
11111111111110111011110100000010
00000000000111000101111111100101
11111111111001001100100000000111
00000000000000011000110100100000
00000000001010010000100101000110
00000000000100010000110001001001
11111111111011011101000100010000
00000000000100100100111001011011
00000000000001011110011000110111
00000000000000001011111100101111
11111111111100111101111111110011
11111111111101101010010110001001
11111111111010110111100101111101
11111111110110000100111000001101
00000000000011110100100000100011
11111111111101110000100011110100
11111111110101100010110011001101
11111111110101110111111101110010
11111111111011100000111101000101
00000000001001010001000111111011
00000000000101101100100111010000
11111111111100001100010000011000
00000000000000000011011101101100
00000000000111001101010100110011
11111111111111111101111010101101
11111111111011000010100010101101
11111111111011001011111011010000
11111111111000001111110101101001
11111111111100011101011000000100
11111111111100110011101010011101
11111111111111000100111101111110
00000000001001011100101110110111
00000000001001110001111111001111
00000000000101001011101100001011
11111111110111111011100110001001
11111111111010101100010010100001
00000000000100001001010000010011
11111111111101101111111110101001
00000000000111000101010000000010
11111111111010110110001111110011
11111111111011010111110101100110
11111111110110110011000110011100
11111111111100100111010001100110
00000000000101101011111001010001
00000000000111100100101110000001
00000000000000011011000111000101
00000000001010010001001001001111
00000000000100010110000100011001
00000000001001001100010010000110
11111111111100111100011011010011
00000000000000101010010101101111
11111111111110111101100010011010
11111111111110010001100100111101
11111111110101000000001110000101
11111111110111001010110000111100
11111111111101111001111100001101
11111111111100001111101101100010
00000000000011111010111100110000
00000000000011010011011001110010
11111111111111100100010011101110
11111111111110010100110110101011
11111111111010000010001001111101
00000000000101010000001010101000
00000000000000100011110100001111
00000000000010110001011110010000
00000000000000011100010101111110
00000000001001011010100001100001
00000000000011110101011011111111
00000000000100010101101110011101
11111111111111000101100110110000
11111111111111100111101000111110
00000000000001101011010000000101
11111111111110001000100110001000
00000000001001110001101110100100
00000000001101100001111110111110
00000000000100011110011011010101
11111111111101000000001001110101
11111111111100011011101100010001
00000000000100101110001100001101
00000000000110000010001111110110
00000000000111101111101001000101
