00000000000000101000011010011100
00000000000000100111011110110110
00000000000001110111100010101101
11111111111110100000110100110010
11111111111100101011101010011001
11111111111101101100110110001000
00000000000000011010000101001011
00000000000000110011110111011101
11111111111100010110101100101010
11111111111100100100110111101101
11111111111100010000101010001011
11111111111111111001100110011110
00000000000000011101101001100000
11111111111111000011101000001101
11111111111111101000011011101100
00000000000001011011000111100100
11111111111110100000100011101001
11111111111111011101111110000110
11111111111100010000111010001000
11111111111101100100001101010100
00000000000001001110101001001111
11111111111111001001001110101110
11111111111111111000000000010100
00000000000000011000000101001001
11111111111110111011100110010011
11111111111111100100001101011010
00000000000010000101101011000000
11111111111110111011110111001001
11111111111111100111010110101110
00000000000000101000011101010111
00000000000000011000000000110111
11111111111101100000001101000000
00000000000000000101111101100000
11111111111100001101100011010000
11111111111100111101000010100111
11111111111110011100110011001100
11111111111110010101100011110000
11111111111111101001010011101000
00000000000000000100111111101001
00000000000001110100000111011010
11111111111110001000001001000000
11111111111100110000000101000011
00000000000010001100010110101110
00000000000000101101001010010000
00000000000001101111101011010100
11111111111100011100101000011111
00000000000000010010110110100011
00000000000000101100010100100101
11111111111111110101110110110110
00000000000010001000101100101101
00000000000001001101100101101001
00000000000010010110011011000011
00000000000001110000000001100100
00000000000000111101000111101001
11111111111111101000111000001010
11111111111110111010010111010011
00000000000000111100110010111110
00000000000000001110111011100011
00000000000001111011101110100110
11111111111110010101110110101000
11111111111111000010011111001011
11111111111111011101010111110110
11111111111110001010101010001100
00000000000000111001010011011010
11111111111111001000100000101001
00000000000010000011001011000000
00000000000000101110010101111110
00000000000001110111000000010110
00000000000001111010000111111101
00000000000000110101001101100110
00000000000001111000010000101010
11111111111110001001101000101101
11111111111100000100001101100111
00000000000000000000001111001011
11111111111111101101010001001100
11111111111101010001100110010000
00000000000001101110011000101011
11111111111100000101111000001110
11111111111101001111001011110010
11111111111110110001000000000101
11111111111100000011000111011001
00000000000000010010001001100101
11111111111100001011100110110001
11111111111100010111001010100000
11111111111111111010011010101110
11111111111101100101100110000011
11111111111100010011010110010010
11111111111100010000101000001011
11111111111110011010001011000000
11111111111101001110100101001010
11111111111110110101111000101011
11111111111111101001001100100110
11111111111110000111101101101101
11111111111111101010110011000110
11111111111110001001111011100011
00000000000010001010111011010010
00000000000001100111000111000010
00000000000001100101100111010000
11111111111110001110001101111010
11111111111111100110110010000010
11111111111110101101011010010011
11111111111101000001111000000010
00000000000001110110111100100010
11111111111101011001110000101001
11111111111111110110010100010011
00000000000000010011101101001110
00000000000001100010101001001111
11111111111110110000000100101010
11111111111101010011101101011000
11111111111110010111001010100000
00000000000000111001110110000010
11111111111110000111100000100110
00000000000001101011100110100100
11111111111101001101101001000000
00000000000001100001111101010010
11111111111111001010110100100010
00000000000010001110010000001100
11111111111111001100000000101111
11111111111101011110100101100000
11111111111101001101100000000011
00000000000010010011011110100100
00000000000000000010100100111011
11111111111100001101001100110101
00000000000000110011010011000001
11111111111111001011100110110100
00000000000011100011111110101101
11111111111110100100100011010010
00000000000010111000011011100100
00000000000000000100101110000011
00000000000001000101000110001001
00000000000011000001011101001110
00000000000000110011111100011111
11111111111101101000111000011011
11111111111111000000001111101001
11111111111110110100000001110101
11111111111110100110100110011100
11111111111101100111101110101100
00000000000001000100011111010111
00000000000010001111001111110001
11111111111101111100111100111011
00000000000010000010101110001000
11111111111100101010001000111100
11111111111100110111111011100001
00000000000010000011000000001011
00000000000001101101110100100101
00000000000001100111111101100000
11111111111111110111011000011110
11111111111111000011011110001100
00000000000010001111101110011110
11111111111101100010010110100101
11111111111101101011100010101010
11111111111111001101001000000001
00000000000000000000011101011010
11111111111110011000000111001000
00000000000001111101101010000000
00000000000000010001000001110110
11111111111110011001000011100101
00000000000011001011110001110110
00000000000000111010101111101111
11111111111111001101111101110010
11111111111101111010100101010110
00000000000000000111100111010011
00000000000000100001011000001001
11111111111111101111111011010010
00000000000000000011100101010000
11111111111111001110001100011100
11111111111100101010111011001100
11111111111111101100001000100011
11111111111101100000110110000000
11111111111100001110101011111110
00000000000010000010010100001110
00000000000000000000001101011001
00000000000010000010101001011100
00000000000001001101101111010011
11111111111110011000101101000011
00000000000000010000110000001101
00000000000000101000101110101010
00000000000001101101101000101011
00000000000001101110011010110011
11111111111101000000111111101111
00000000000001000100000111000110
11111111111101010001000100001011
11111111111110110110100100001000
00000000000000011000101011101011
11111111111101110101111010100001
11111111111111111001100100001111
00000000000001010000111101001011
00000000000001010010001111110100
00000000000001001111000101001011
00000000000001000110000111010110
11111111111100110110011010101101
11111111111101000111110010000111
11111111111110000011001111111111
11111111111100111101110001101011
00000000000001111101110111110110
11111111111110100100100110101111
00000000000001010101011010001110
00000000000001011010101001101001
11111111111101000010000011101110
11111111111100000011101011110111
11111111111101100111001110000001
11111111111101110001000101000100
11111111111110011101110100101000
00000000000000110000000001100111
11111111111100100101000101011001
11111111111110000000011100000000
00000000000001110111111110110000
11111111111100100011010010010100
00000000000001110010111100101001
00000000000010001100100011110011
00000000000001001110001000010101
11111111111110101001101011010001
00000000000001010011011100101010
11111111111100010110000111010111
00000000000001011111010101000101
00000000000001001000000000011111
00000000000000110111011000010011
11111111111110000011101010101000
00000000000000011111111101100101
11111111111111000000111100000001
00000000000001100101000010011100
11111111111100000000101000110100
11111111111111010000111111000110
11111111111111011111100011111110
11111111111110000100110100011110
11111111111101000011001000011110
00000000000001100100010011110101
11111111111111001100000100001110
11111111111100000010101101110010
11111111111111010010010110100010
11111111111101111110111111101010
11111111111100100100000110001110
11111111111111100000010011011011
11111111111111101101011000000001
11111111111100110100010111000110
11111111111100110101011111111011
11111111111100001111001011000000
11111111111111101011110011001110
11111111111101010010101111001111
11111111111101010101101011010000
11111111111101001100001011000100
11111111111100011101010000101000
00000000000001101010110011101011
00000000000000100011101000011110
11111111111100010101101011110011
00000000000000001000010000001110
11111111111110100101110111110111
11111111111111000111110010001110
11111111111101101110101011111001
00000000000000011001111010100011
11111111111101101011000011011111
11111111111110011110010001000100
11111111111100001110011111100001
11111111111111000010111001111111
11111111111111111111110001101010
00000000000010001010000011010001
11111111111111000000010010101101
00000000000001111100000000001011
11111111111101101111000010011011
11111111111110010011001010000111
11111111111111110101000101101001
11111111111111011100000010110001
11111111111111011111011011001111
11111111111111100110101101001111
00000000000001001010011000010110
11111111111111101000011000111111
00000000000001110010011011101010
00000000000001011101001001111011
11111111111101011100111011000000
00000000000000111000111011100010
00000000000000001000110000111100
00000000000001000010000011001001
11111111111100000001111110100100
11111111111100100010101101100010
00000000000011000000110000001101
00000000000000010001000000010011
11111111111101101001010111110001
00000000000000000011101001110100
00000000000011000011110011101010
11111111111100110101101010000100
11111111111111001101111011001101
11111111111110000010110010001110
11111111111101110011001111100110
00000000000010100111000100111111
11111111111110111011000110100001
00000000000000000111000010001011
00000000000001010000111000001000
00000000000001001001001111001001
00000000000010111101000011101010
11111111111100001100101101000000
00000000000001000001000010001011
00000000000001011101001001000010
00000000000000100000010010000111
00000000000010011110101001001010
11111111111101011111110000000001
11111111111100011100100110001101
00000000000001110010010000011010
11111111111110110111010001100001
00000000000001011110100001101110
11111111111110100001111110100000
11111111111101001011111011011100
00000000000001110010111110011111
11111111111101101110111011000110
11111111111100001001101001110101
00000000000001111001000110100110
11111111111110000001111011010100
11111111111100011000101111100010
11111111111111110011001010001000
11111111111101100111111111101110
00000000000010011000010100100111
00000000000010101110101111001100
11111111111110111110010011000111
00000000000010010000110010111100
00000000000001101101000010011111
11111111111100010100011110001101
11111111111111010100110011011001
11111111111110011111000010000000
11111111111110101100011101000010
11111111111100001100010100100111
00000000000000000101110011100110
11111111111100111001110101001011
11111111111111011010101011011100
00000000000011100110101111010111
11111111111100000101101111100000
00000000000001011000111111010110
11111111111101100110110010000110
11111111111110000000110101100111
11111111111110010000010010011111
00000000000001110110100000101010
11111111111110110010100010001100
11111111111100100000101011100110
11111111111100110110010010011100
11111111111111111010010110000000
11111111111110110100000001101001
00000000000001101111111000111010
00000000000000101000011000101011
00000000000001110010111000100110
11111111111100101100101001110011
11111111111101000010001011000111
11111111111101011110100011011000
11111111111110111101010010010100
11111111111101111100101101001010
11111111111110010100110001000100
00000000000010001101100000000110
11111111111100100010000000001000
00000000000000000111010101011110
11111111111110100111010101110011
11111111111111100000001101101011
11111111111111101011101000101100
00000000000000111000010000011011
11111111111111000110100110001011
11111111111100011101011001111010
00000000000000100100000110011111
11111111111111001111000101010101
11111111111100000000101111100010
11111111111110100000011000100111
00000000000001101000011010101000
11111111111100111001001001101110
11111111111111001100011011110110
11111111111110101010100010001111
11111111111110111000101101010010
11111111111100110110001110111111
11111111111110111011000111111000
00000000000000110000100011001110
11111111111100100110100000101100
00000000000010001001001011010011
11111111111111011110110010101001
11111111111111000010010011110001
11111111111100100011110100111100
11111111111110011110011001010101
11111111111110001010110000100011
00000000000010000000111111111011
11111111111110010000010110011011
00000000000001111101001001100010
11111111111111001011010100111100
11111111111101101011110101011110
11111111111100010110100010111100
11111111111101100000000101110010
00000000000000111010010011101011
11111111111101100001000000010101
00000000000000010111010110100110
11111111111110110000000110000101
11111111111101000100110111000100
00000000000010000111100100111010
11111111111110101110001001110010
11111111111101000111111111100011
00000000000000100101110111110001
11111111111100100101101000010000
11111111111100001011100011100100
11111111111100110100000100000110
00000000000000001101010001000011
11111111111111011111011100010010
11111111111101111001010110000100
11111111111110110001010111111111
11111111111100100000111011100010
00000000000000001010000100000011
11111111111110010101000110000011
11111111111101000110101010011110
11111111111111101101100010111001
00000000000000100110000011110110
