11111111100111011010011001101110
11111111110000000101001101011100
00000000000011100000001100000111
00000000000011100100100111100111
00000000000111000110010101000101
11111111110100000001110100010111
11111111110110110001001110100000
00000000000001101010001111001010
11111111111100101011011000000000
11111111110011010111011110100011
00000000000100101101000111001010
00000000000010100010010101101010
00000000000010101010111100100010
00000000000000111111110001101111
00000000000010101001101011000110
11111111111100011100100100000101
11111111111110100110101100100011
11111111111000100000111111100000
11111111111101001001110110011111
11111111110101111001101101010010
00000000000100011100100001111010
11111111111100011011001101000001
11111111111110110010000101001011
00000000000001100111011100010011
11111111111010010011001011111011
00000000000000000111001000010011
11111111101111011100000101010010
11111111101100110001101011101101
11111111110010000101011111101000
11111111111111110011101100010100
00000000000111111011001101110000
00000000000000000010001010100111
11111111111000011000000110100010
11111111111000001111001011010000
00000000000110111010000010100101
00000000000000110001111100100111
00000000001111010011110110101000
00000000000011001000011001010110
00000000000010101010100110001111
00000000000110110011000010101001
00000000000100101000010111101111
00000000001011100011011101100010
00000000000010111100101010100010
00000000000000110010100001110011
00000000001101101100010010111101
00000000001001000100100111011011
00000000001011100100101000110011
00000000000100110110100001101010
00000000001001101111001110000001
00000000001010011001101100100000
00000000000001110001101000100001
11111111110111110010111000110100
00000000000001101111000100000010
00000000000001110001011111100001
00000000000010100100001010111100
11111111110111010110011001010011
11111111111011110111000000010101
00000000000001011111100110110111
00000000000001010000001011000101
00000000000101111000010110010100
00000000000011010001010001001101
11111111111101001100010111011101
11111111111111111010011100010000
00000000001010001111001000110100
00000000000111000010100011000011
00000000000000000100001100101100
11111111111110010110110000100000
11111111111110111100101011001010
11111111111111101010001100001100
11111111111101000001101110100111
00000000000100110111011000010111
11111111111111111111111010001110
00000000000010100111100001110010
11111111111110111100111100100010
11111111111110011010011101110000
00000000000001010111110111100011
11111111111110001101110011111100
00000000000000010010100111010010
11111111111111011011001010011101
11111111111000011101100111000011
11111111111011100011001101101011
00000000000011011001001111000011
00000000000100010011100011011111
11111111111111001000001011111111
11111111111111001001011010000001
00000000000000101010101000001010
11111111111110011110101101011111
11111111111110101011110010010101
11111111111100100111000001001011
11111111110100101011100101010001
11111111111111001010100111100100
11111111111101100000100011111100
11111111111111001000011011110010
11111111111110001110001011110101
11111111111001100010010110100000
00000000000101111110101100001111
00000000000001010000110100100000
11111111111101101000011100101001
11111111111100011011000100000001
11111111110111100010000100001101
11111111111011011001010101001111
11111111111110101001101000010100
00000000000011110101110000111000
00000000001000101000111111100101
11111111111110110101010100011000
11111111111111100100001100101001
00000000000000100101000111100000
00000000000100000010111010101110
00000000001011010010011010101101
00000000000011010100001111101001
00000000000011100001011011010111
00000000000101010000101111000001
11111111111111100000000010000111
11111111111010110101010110101011
00000000000010100101101111000000
00000000000111110101100001010100
11111111111101000110011011100100
11111111111100100010000000101111
00000000000011111100010011011011
00000000000010000101000110010000
00000000000010100000110010110011
00000000000111001011100011110111
00000000000001100001001100110100
00000000000011011101101100001000
00000000000011110110111111010101
11111111111101101100000000110111
11111111111010011100010011101100
11111111111011000101101111100100
11111111111000110100101010110010
11111111111011011111000100111101
11111111111101101110001001111110
00000000000011101101110110001010
11111111111001111001001001011011
11111111110011111001010010111010
11111111110011001100010010100000
11111111111110010010000010101010
11111111111111001011010111010101
11111111111100100110000001100000
11111111111100000110001000001001
11111111111010000101000011110110
11111111111101000111001100110111
11111111111101011001110010110011
00000000000000101101011101111001
11111111111101110110101000111011
11111111111010011100100011001001
11111111110110001100111010000110
11111111110110100001010100101100
00000000000000011010101111101001
00000000000001010100001010011001
11111111111011011110111101111110
11111111111111011010011101111011
00000000000010100011001000100010
11111111111100101110011011000100
00000000000100011111001111100110
11111111111011110001111010011000
11111111111111001110001010011101
00000000000001100010000001101100
11111111111111111111000011000101
11111111101000100100011110001100
11111111101011000110001001001100
11111111111100101110011010000011
11111111111101000110110001101011
11111111101111101111111001001111
11111111101010010010011110000001
11111111100100100000011110000000
11111111110101001111101111000011
11111111111100110010010001111011
11111111111000100011110011110010
11111111110000011000100000101101
11111111101011001010111001100100
00000000000100111110011011101001
11111111111011110100101010111111
11111111111010001000110110010001
11111111101101100001010101010001
11111111100010001100011110100011
00000000000100111001011011010100
00000000001000110101011100101011
11111111111101000011010010111011
00000000000001011101110001100111
11111111111010101111000111001010
11111111111101100011000110000010
00000000000111101110110101001110
11111111111011110110000111001001
00000000001001101101111000010111
11111111111000011100101110100011
00000000000101010001101110110100
11111111111110110101110110001110
11111111110101001001011110000101
00000000000011010011001111100010
11111111110011000011001110111010
00000000000011101010111010110000
11111111111111110010010101000110
11111111110111100110110100010101
00000000000000010010011010000001
11111111111010010100101010010100
00000000000010010000101011011111
11111111111110100100011111100001
11111111111111000110101011110100
00000000001000001011100001001010
11111111111000001110111011110100
11111111111011001100101010101011
11111111111111000001111001010111
11111111111001011000010111001010
11111111111111001111110001111011
11111111110001110001100010000001
11111111111101011011110100001111
00000000001001001011101011010001
11111111111011001101110110111010
00000000000101011100110010101011
11111111111100110100100100000011
00000000000101110010000101110111
00000000001010000010011000100011
00000000000100111011011001011011
00000000001100010001100000111000
00000000001110000001010111110011
00000000000110001101101101000001
00000000000111100111101010011101
00000000000011100011000011011110
00000000000110100111110101011011
00000000010001100110101111011101
00000000000011010011001100001000
00000000001010100000000110100101
00000000000010011010100101111000
00000000001111000101111101111100
00000000001011101011110100000010
00000000000111011011111010101001
00000000000011110100101110011010
11111111111111010000010011010000
00000000000011010010100010111000
00000000001001010111010100101001
11111111111111110101011011001101
11111111111111011010101001100001
00000000000100101000001111011100
11111111111001100001100110001010
11111111101110111100111101000100
11111111111110111011011001111001
00000000000110001001110110111101
11111111111111111111000011111111
11111111110100000101101101110100
11111111111001101110001011100000
00000000000001100000101001010100
11111111111101011011011110001010
11111111110110101000101100101000
11111111111100000111011100110011
11111111110000110101000000110100
00000000001001000001010101011100
00000000000100000000100100010100
11111111111100000100110111011101
11111111111101101011000010010011
11111111100000111011000100111100
00000000000000010010001100000001
11111111111111010000100001010100
11111111111010101111001101111100
00000000000000000110100001111101
00000000000100010000001000000111
00000000000000101001111110101100
11111111111101110000111101011100
00000000000010111101100110101011
00000000000011111100010001001000
00000000000001011100010100101011
11111111111001000110111011010010
00000000000001111010010101000001
00000000000000111100000011000000
00000000000000001000011010110101
11111111111010101111001111100111
00000000001000011011111010101011
00000000000001011100001111010111
11111111111101001000011010111100
00000000000111110010001100010010
11111111111011110000110100010100
00000000000000011001011001001100
00000000000000000101011001101100
00000000000100100001001001101001
00000000000001111000000100101000
11111111101100111110110101011000
11111111111001010011000100001011
11111111110000110101011000100111
11111111110001111101010010110110
11111111101100001100101110101110
11111111110101101100010111001110
11111111110111011000100011111100
11111111101111100110010010111100
11111111110001011010001001001001
11111111111001010001101001111000
11111111111111110111001110010110
11111111101101100111100001111110
11111111110011101100111011000000
00000000000111001111011011001011
00000000001001110010011111000000
00000000000000100111000001011000
11111111111000011110000111111001
00000000000100010101110011000011
00000000000000111111001010110100
00000000001010010000110101000111
11111111111101001000011010001000
11111111111010000000110010111011
11111111111100101110110000111001
00000000000100101001111111100110
00000000000001010101111101111101
11111111110110110111100000100110
11111111111001110110001101110110
11111111111011101111001011000100
00000000001011111100001110100111
00000000000011111001000011101010
00000000000101010001100011010001
11111111110111101010001001000011
00000000000001011011011101100001
00000000001101000110010000101110
00000000000010000100001110110010
00000000000111011010011001100100
00000000001010110010110110111000
00000000000101011110111011110110
00000000000010100110110001001101
00000000000000111000000000010000
11111111111110001110011001101001
11111111111111110101110111011100
00000000000101011100110110111010
11111111111011001000011111001111
00000000000110010001011111110101
11111111111011111110110110011100
11111111111101001000110000010100
11111111111100110001111010100000
11111111111100110111100000011000
11111111111010001000100111110110
11111111111110000111011000000111
11111111111100010000001000101000
11111111111101001110110011110011
11111111111111110000110110001100
11111111111011011100111000111110
00000000000100111101101000110000
00000000000000100101000011101101
11111111111100010100111001111101
11111111111101111101110100101011
00000000001010000000010000001011
11111111111011111110010101110000
11111111111001011000000110101011
00000000000101001011110010000010
11111111111101110101111100011010
11111111111110000110101101011001
11111111110000010101111001101100
00000000000100010000000001001110
00000000001000010010100010011010
11111111111110100111010010100011
00000000000011101000000101111100
11111111111110010010011101110110
00000000000111010100111011001110
00000000000100010011001100111101
11111111111100111101100010010001
11111111111000000111110001011000
11111111110010100000110101010110
11111111101011011100011001010011
11111111110111000100100100011110
11111111111010111100000100100100
11111111111101000000100101000011
00000000000100010101001000011001
00000000000000010100100010100100
11111111111001101101101101110011
11111111110110110011010010111011
00000000001000000111010111011110
00000000001001011111010010000000
11111111111110011101111101101110
00000000000010111110010110001001
00000000000100101111001011111011
00000000001000001001111011011101
00000000001011001101010001011011
00000000000010010101011011010000
00000000001110101100101010000000
00000000000111010011000010001010
00000000001000011001100010001010
00000000000101010110010001000111
00000000001110111000111010010001
00000000001010100111010011111001
00000000000101111011101011101110
00000000000101011010111001000110
00000000000110111000000110101010
11111111111001111010010111011101
00000000000100101110001111010010
00000000001000110001000010001010
00000000000111110011010100010000
00000000000011000111010011001110
00000000000100110100010010010000
00000000000111000001001011011111
00000000001010000000000011100110
00000000000101001101000001010011
00000000000011000110100000101101
00000000000010100001111110100011
11111111111101110000000110000011
11111111111101010101110010000011
11111111110010110111000101001110
11111111101011011001011001010011
11111111111010010100101110110010
11111111110011000110011110001110
11111111110011000111111000001111
11111111110011010001100010110010
11111111101101111110101101101010
11111111110111000101100010010001
11111111111011100001011101010001
11111111111000000011010101000110
11111111110000111000011010010010
11111111101101000101001011110101
