00000000000001001110111100100101
11111111111101000001111110001011
00000000000001111111000110001010
00000000000001001010111001101110
11111111111101011011110100000101
11111111111110000010010101001110
11111111111110111100010101011010
11111111111101100101111100111110
11111111111111000100011011001000
00000000000000110100100111011010
11111111111101001110001111100111
11111111111110101001111001000000
11111111111110010100000001110001
11111111111100001000000111010110
11111111111110111101110001001011
11111111111110001100011010000111
11111111111110010000000101101101
11111111111100101111001100011100
00000000000000001100101000010100
11111111111101001110111101101000
11111111111101000100000110101001
00000000000010000000001101111100
11111111111110111001001110000000
11111111111100000100001000110001
11111111111101010100000011000011
11111111111100100011100011100101
11111111111100110111000000101101
11111111111111100101010011100011
11111111111100111000011010110001
11111111111110100011110001010001
11111111111101111000000011010111
11111111111111001010000111111000
11111111111100111001100010000001
11111111111110111101010001001011
00000000000000110100001100000100
11111111111101001000010000111101
11111111111111101010000100011100
11111111111100111101100011111011
00000000000010000110000100001110
11111111111111001000000110110010
11111111111110010111111010111101
11111111111110001010111011010111
11111111111101110111010110100100
11111111111100111010000110011001
11111111111101101000011001010110
11111111111101011100011000110101
11111111111111110000001010011100
11111111111110110000001111101111
00000000000000110101011001110000
11111111111111100111001101111101
00000000000010010100000000011100
11111111111111101101010111001011
11111111111110100010111010110100
00000000000001101011000100100100
11111111111110101000101101001101
11111111111100001101010100101011
11111111111101110010100000101011
00000000000010010001101010101111
00000000000010001001001110110001
11111111111100110011000001101111
00000000000001111111110101111011
00000000000000111110100001100100
11111111111110110011111001001100
11111111111100101111011110110100
11111111111111100001111010000001
11111111111100110000110110111010
11111111111101011111111101100011
11111111111111010011110110001111
11111111111101100011100011011111
00000000000000001111111110111111
11111111111110111110000000100101
11111111111111111100010100110001
00000000000000110011010000011000
11111111111110110011101011011110
11111111111110001111010010100010
11111111111110101010100010101001
11111111111110011101101011111110
11111111111110100010111010101110
11111111111100111000100101000000
00000000000000110001010001000111
11111111111111010000110111011100
00000000000000010011010110010100
11111111111110010001001111110000
11111111111110101100110001111000
00000000000000010011001011101110
00000000000010010001011100110101
00000000000001101010010110100101
00000000000010001101010100011100
00000000000000000010110011010000
11111111111110111111001010001000
11111111111110100000110001100011
11111111111111001101110101110010
00000000000000101100011000011110
11111111111110101111111111001100
00000000000000010000010101001110
11111111111101101110001000101100
00000000000010011001111010000101
11111111111111011011111000101001
11111111111110010010100101011101
11111111111100000101100010101000
11111111111111111001101101001111
00000000000000000010011111011001
00000000000000001101110011111100
11111111111100000011111101111111
00000000000010001101101110100011
00000000000010000101100100000101
11111111111110001111010111111111
11111111111101001111110010011111
00000000000010000000100010000001
00000000000000100100011010011000
11111111111101111110110010001100
00000000000000011001010010110001
11111111111110000000110101110010
00000000000001010101110010110001
00000000000000101011110010100110
00000000000001001011100010000010
11111111111110001110110000100100
11111111111111101111101110001000
11111111111111111010101100110000
11111111111100110111110101111001
00000000000001110000110010001001
00000000000001100000010010010111
00000000000010000100010000011010
11111111111111010101111011111110
00000000000000100010111011101111
00000000000000000001101010101011
00000000000001111001000001101110
00000000000001101010110000111100
11111111111111110110000101111111
11111111111111010011001010000110
00000000000010000100000001100111
11111111111110000101110010000100
11111111111101001001011110101001
00000000000001100110101001011011
11111111111101010110001010011111
11111111111111000100011100110010
00000000000010000010000000100011
00000000000000011001100101111101
00000000000010001011111001000111
11111111111101111101010010010000
11111111111110011010110101101010
00000000000010000101110001000000
00000000000010000100000110101110
11111111111101010000101010000001
11111111111110101000101001011110
11111111111111111000100011011100
11111111111101011110000110010001
00000000000001001110001000010100
00000000000001100000100110101111
11111111111100100111110011110110
11111111111100100111100101101000
11111111111100000010110001110111
00000000000000101101010011000011
00000000000000100010010011110010
00000000000000000100101001100001
00000000000000100101100100110011
00000000000001000010011100000101
00000000000001010100000010100110
11111111111101100110111000111111
00000000000010010000010001110101
00000000000010110100110001001100
11111111111110011111001000001000
00000000000010000110110111011101
11111111111100111010011100111010
00000000000001101110010100010000
11111111111101011110111100110010
11111111111111000001111101110000
00000000000001100101111011110101
11111111111111000111111010100100
00000000000000100000001101100111
11111111111100111010101000110111
11111111111110001100110111100111
00000000000001011011001111110110
11111111111111100011010011001110
11111111111101111011101011110011
11111111111101110001111010000101
11111111111100100010100011100010
11111111111110001001000010100100
11111111111110100110000000011110
11111111111100011101110010011011
11111111111100100110100100110011
11111111111111010111111011101111
00000000000001111000100110010001
11111111111101000101011000000111
00000000000000011010011100111110
00000000000000101001001110100010
00000000000001101011100010000110
11111111111101100110111011000111
11111111111110110000000001110101
11111111111100111000000000001101
00000000000010001100110100100111
11111111111101001110100110010001
11111111111100100101100101111011
11111111111101110011111101100110
11111111111111010000000101001000
11111111111101000010010011101111
00000000000010011000001101010011
11111111111110000010111100010011
11111111111111110000000110100101
11111111111101010100110111010010
11111111111100011111011011001111
11111111111110110101101000111001
00000000000001100100000000110011
11111111111110010111111101001010
11111111111101010000101000001110
00000000000001100001010110101101
11111111111110010110000110001110
00000000000000100111001010100101
00000000000001111000111111111111
00000000000010000000010101001011
00000000000001100001111111011011
00000000000010101011001111001110
00000000000011001100011000011100
00000000000001111000010001100110
00000000000010101100110110011000
00000000000000111111111100010110
00000000000001101100011001110010
11111111111101100100011010100010
00000000000010001100000111011000
11111111111110000101101010101011
11111111111111010001101111110111
11111111111110110010100000100011
00000000000000100110001101010110
00000000000010000010101101111100
11111111111101010110010101010000
11111111111110010100000100100000
11111111111101110100001011101001
11111111111100101100110100000101
00000000000010000000011100010100
00000000000000101100010011111101
00000000000001000111100011010000
11111111111110111111100011010000
11111111111111100000011110101001
00000000000001101110011110100100
11111111111101010111101100110010
11111111111110101100011111001111
11111111111111110010110100010000
00000000000000100000111101111000
11111111111100111101110010111001
00000000000000001100001110000110
11111111111101110010101011011010
11111111111111010110100001011101
11111111111111100110101110000110
00000000000000101111111100000011
00000000000001110100111000111001
11111111111110010010100010100100
11111111111110101100000001001110
00000000000000100110001110111011
11111111111100110001101111101111
11111111111101010001101100110001
00000000000000011000010010010010
00000000000000010010011111101111
11111111111110100001100011101100
00000000000001011100000011110101
11111111111101011111010011001001
11111111111100110100110111111110
11111111111110110000100101010111
00000000000010001001011110001111
11111111111100010100111111111110
00000000000000010111100100100001
11111111111101100101100011111100
11111111111111111011100010010101
00000000000000010101011001001100
11111111111111000111111110000010
11111111111101010000001010000001
11111111111111010010001101110011
11111111111101100001100111010111
00000000000001101101000111001010
00000000000001011110100000100010
00000000000000100001101010100100
11111111111101100011010000101110
11111111111111101100000100000111
11111111111111000100101011111001
00000000000010001111101110001011
00000000000010000101101110111110
00000000000010011010001111111001
11111111111110101110101010111010
11111111111111101100011110100101
00000000000001011101011010110101
11111111111111011111001111011100
11111111111101001010010100110001
00000000000000110000001101101011
11111111111111111101101111010001
11111111111101111101111001001100
11111111111111100100111101000100
00000000000001110011011100101011
11111111111110101001100000100110
11111111111101011001010111110010
00000000000001100111011000111011
11111111111111111111011111111110
00000000000010110101110001100011
00000000000000110000010101000111
00000000000000011011101101000111
00000000000000100010100011110010
00000000000010010111100001010011
11111111111101001101001110110000
00000000000001010111011100011111
00000000000000011010100000101100
11111111111101000010001010011100
11111111111100110011111100011010
00000000000010000100100110000010
11111111111111000100010010010011
11111111111110111011010101110111
11111111111111111110101011010011
11111111111101100001101101010000
11111111111110111010001110110111
00000000000000110111001100101101
00000000000000101110110011110111
11111111111111010110111000111100
00000000000001000100000010101111
00000000000010101001111001001101
11111111111101010110111111110101
11111111111110101110100000110100
00000000000010011101101111110110
11111111111100001111111101111010
11111111111101000110110101001010
11111111111100000100001000001010
11111111111110110011110010000010
11111111111101010100110011111010
00000000000001101100111101000101
11111111111111111010110010100100
11111111111110011101101011011101
11111111111111111000001111110110
11111111111111110010000001000110
11111111111111111011010010100001
00000000000001100011011000100011
11111111111100100110110110101001
11111111111100001100001010110100
11111111111100000011000110101111
11111111111101110100101001001110
11111111111101010100101001000111
00000000000000100111001010000011
11111111111111001101010101011000
11111111111110010011000001011101
00000000000000110100101101100101
11111111111100101010101100001001
11111111111101000110011010000011
11111111111111010111100101010101
11111111111101010000110010110011
00000000000000100101001101001111
11111111111110100011110001001111
11111111111100001001000111110000
11111111111101101101001110111100
00000000000001011100100100010100
00000000000001100001100101011101
00000000000001110001101000010001
11111111111110101010100110111111
00000000000010001101111000111011
11111111111111110110110100101111
11111111111111011110011101000010
11111111111100111001001101001100
11111111111100110101000110000000
00000000000000001101010111111010
11111111111110110010000100010101
00000000000000101010000010001011
00000000000011000011010111101100
00000000000000000101011011011000
00000000000000011010111101101100
11111111111110111101010000111010
11111111111101100010111111001110
11111111111110100000011001101011
11111111111100001110010111110000
11111111111110010010010110100110
11111111111100010000110101010010
11111111111101101010100100111000
11111111111110011100111110000111
11111111111101010000111011111000
11111111111100111111011000000001
00000000000010111101110100111110
00000000000001111000001111010001
11111111111110011000011001110111
11111111111111000111011001011100
11111111111100110111100100000101
00000000000000100100000100011101
00000000000000010100100011110010
00000000000000100000000011010101
11111111111110000011011110001111
00000000000000000100000000110111
11111111111110100011111011010000
00000000000000010001101000011101
00000000000000111101110110010010
11111111111110010100111011011100
00000000000001111100010001110100
00000000000000100101000111011010
00000000000001010000000110010100
11111111111101110010111010011010
00000000000001001101010011100101
00000000000000011110101111001110
11111111111111011011101101000111
11111111111101101001010001010110
11111111111110100001101000000011
11111111111100001101010100010100
00000000000010010101111011101010
11111111111101001000011100100100
11111111111111000111100111111111
11111111111101000011111101111111
00000000000001110010101001100101
11111111111101110001111111000110
11111111111101000010101000110001
00000000000010010110011000110110
