00000000000100000010100010111110
00000000000110101110101101010100
11111111101100011001111010101011
11111111101101011101100101101010
11111111110101110001100010100000
00000000001000001011000100111110
00000000001111101011010001010100
11111111111011001010010011010110
11111111111001100011101001101110
11111111110010000101010001100001
00000000001000000010001110011010
00000000000001110100001101100110
00000000000010100001010110100111
00000000000001001100000101110111
11111111111101111110100110001100
00000000001001100001110001011001
00000000001000100110001001000010
00000000000001110110000010000000
11111111110110000110111111010101
00000000000101110001100000100100
00000000000110111000001010010100
00000000000011001000110111100010
00000000000110100000010010010001
00000000000111010101100011011101
00000000000111100111010100011111
00000000000101100000100011001101
11111111111011100000110101001011
00000000000010110010100110010110
00000000000110101000011010001011
00000000001011011011001110100001
11111111110010011010101111010010
11111111101001000100001100001101
00000000000101001100010010100001
11111111111110100010011001000111
00000000001011111000101010101011
11111111110110010000101110001000
11111111111101100010000101010100
11111111110011000010100110100011
00000000000011100111100000110011
00000000000000000110111110011110
11111111111001001001011000010111
00000000010010001010100101001110
11111111110011001001100011110101
00000000000101100110110111001111
00000000000000100001111101001000
11111111111010110111111010010101
11111111110111011000101110110000
11111111110111110001000100110101
11111111111100001100001110100001
11111111110100100101101100001101
11111111101111100101011010011011
11111111111111100101001111000010
00000000000000001111000010101100
00000000000000110011101010001100
00000000000110001100000101111001
11111111110101100100010000011000
11111111111001011000101001111010
11111111111010100011110110010000
00000000000000001011110001110101
00000000000001101111000000100010
00000000000011001000100011111111
11111111111101101011001010000001
11111111111010101111000010010101
11111111111101100101110001110101
11111111111111001001101000101011
00000000001011100000001100010011
00000000000101000100111001011010
00000000000000000101011111110101
11111111111011100110111100010010
00000000000011100011100000111001
00000000001001010101011000111110
00000000000111101101110100111011
11111111111101110000000111000110
11111111111000001111010111001111
11111111111111010101001100110101
11111111110101011001001010101110
11111111111101111001001010011100
11111111111111100011101110100110
11111111111110001111111100000101
11111111111001011001101011101101
11111111111111111111111110101011
11111111111001100000111001010001
11111111111110110011010101101110
11111111111101001001101111111000
11111111111100100001111011001111
00000000000101100001001101111010
00000000000010000100001001001000
00000000000100111110101000111101
00000000000100011101001100100010
00000000000011011110111011110110
00000000000001010101010011001001
00000000000101011100110101100010
00000000000010011101111011010111
11111111111111000010110100100100
00000000000000101111101000011101
00000000000010011010111111111100
00000000000011101011011110110101
11111111111110010010011001011000
11111111111101000001111100001101
11111111111010011000110100110101
11111111111010011000111000000000
11111111111101010000010001111010
00000000000110110100001110001011
00000000000001011010010110111011
00000000001101001110110110101101
11111111111101011111110000101010
11111111111001100011100100111001
00000000000101000010111100100111
11111111111011100110000010100011
11111111111000110001110111110000
00000000000100001101110000101100
11111111111111010110100100110011
00000000000010010101110110111100
00000000000101011011110000101010
00000000000000100000000011001001
11111111110111101011000001011010
00000000000111101101101110111001
00000000000001100010100111110011
00000000000000110001100000111110
11111111111011100110110011010110
11111111111011010000111110001110
00000000000000010100110001110110
11111111110001011111010011000000
11111111111101101110010110110010
11111111111111111010111101010000
11111111111011100111010011000111
11111111110101110001010010010000
11111111110110110111011001101111
11111111110100100010111111000000
11111111011111010011100111001011
11111111111010000101001111000101
11111111110011101111101010000111
00000000000100111100000110111100
00000000001000010101110111111100
11111111111000100000110100010110
00000000000011011001101000100110
00000000000001000001110111111110
00000000000011000101001001010110
00000000000110000100110001000000
11111111111110011001101111100101
00000000000100011011111111111101
00000000000101001000110001010011
00000000000010011000101011000100
11111111111110101011101101110010
00000000001000011010001010111111
11111111111111000110001001011010
00000000000100010010100010011100
00000000000111100101001100001000
00000000000010110000111010001100
00000000000011001111000001001001
11111111110111101001111110101101
11111111110101110011110000010100
11111111111001001011110110001100
11111111110001010110001000111011
11111111110100110010010000000110
00000000001010111001100011000000
00000000000110011100101111011111
11111111111011111100110000100100
11111111110110101101101110001000
11111111110100000111010001110100
00000000001110100111110001100100
00000000000100001010010010110110
00000000001000001001111000111101
00000000000100111011011011110001
00000000010100010110110101010100
00000000000100000011001100100010
00000000000110010001101110000101
00000000000011100011111000101101
11111111111110000111111110011110
00000000000100110010000001011000
11111111111100101101010001010110
11111111111110001000101111010010
11111111111011010001111100001110
11111111110111011010010010110110
00000000000000000000011011111111
11111111111010001011100111101100
00000000000111100101000110010101
00000000000010111000100110010111
00000000000101010110000111111000
00000000000001100110101011111110
00000000000101111111100001110011
11111111110100111001000011000110
11111111111101010111100101000011
00000000000011000011010111001010
11111111101111111110001110111111
00000000000110000111011010111111
11111111111011110000110001101010
11111111111101011010101111100111
00000000001101010110111011010000
11111111111101001010010011101110
11111111111011010110010011101110
00000000001010100010000111101000
00000000000110100101111110111110
11111111111111110010100100011000
00000000000111101010000000000001
11111111110110100001100010110000
00000000000011001110011100101101
00000000001100110111110101010011
00000000000111000000001011001100
00000000001011010100000100111000
11111111111000100110111000110000
00000000000011100010001010111110
00000000000101110001000110011000
00000000001100001101010111011010
00000000011101001000100110010000
11111111111001111101001110001000
11111111111100101010101111100010
11111111111110110010000111111100
00000000001111011000110111011011
00000000011010000110010011000001
11111111111011101101110100001111
11111111111010010011001000011010
11111111111111100000011011001000
00000000001101111000011110111010
00000000001101000100001010011011
11111111111010101011110001111100
11111111111010000110111100000111
11111111111111001101000011010100
11111111111111100001011100010110
11111111111110110010001111100111
11111111110101001011101011111111
11111111111011101110010011011111
11111111111100001000111010010000
00000000000001101011100001011101
00000000000101000010111000011001
11111111111100101100100110100010
00000000000001110011010011101101
11111111111110001000111101101001
11111111111001111000000010111011
11111111111010110110110010001000
00000000001000101100111101011100
00000000000110001001011101001011
00000000001000011110001100001111
00000000000001111001011011000111
11111111110101100111100101110000
00000000001001110111000100101110
00000000001000011010011101111101
00000000000000010101010011101110
00000000010000111011111100111110
00000000000100111110110000110100
00000000000000110110111111010001
00000000000001000110010101000011
00000000000011011000001101110100
11111111111000011111011101111000
00000000000100011001110110100001
11111111111100000100100000001111
11111111111110111101100101100111
00000000000001100111000111111111
11111111111011110111000110000001
00000000000001010111001010101110
11111111101101011010001111001110
11111111110110101111110000111100
11111111111111001010011000110001
00000000000001101011000100001001
00000000000011111110101100011100
11111111111011111101010011010010
11111111111110010100001010111000
11111111110111100100011011001001
11111111111011011100001001101100
00000000000100001100100101111101
00000000000101011110000001110110
00000000000110000100011111001110
11111111111011101100001000101001
00000000000100111111001100111000
11111111110110010001001101001000
00000000000100111111110010001011
00000000000001111110010110000100
00000000000100111111000111011100
11111111111010110010011011010000
00000000000100101010111101110100
00000000000001111010111001110100
11111111110100100101101010101001
11111111111101111111110000111000
11111111101100001000111000011101
00000000000110100001010100100011
11111111100100101111101001110110
11111111110111111000111111011101
11111111110000101011001111110110
11111111111110110111011111110000
11111111110001111011111101100001
11111111101111001100001111100100
00000000000111011000011000001011
00000000000001111001011101001100
00000000000000101000111011100101
00000000000010011011000001001111
11111111111101111010010101001110
00000000000010111111000101010000
11111111111111111011110010100010
11111111110111101001011011010011
11111111111010100110011110110111
00000000001000010011001010111100
00000000001000111111011001101111
00000000000010000011100011000101
00000000000001101101100000000000
11111111111110110011110011110010
00000000001010101101001010110110
00000000001100011010010011100111
00000000000101110011010110111100
11111111111100111010001001110001
00000000000010010100110101111000
00000000001011100110010101010111
00000000000110001000111011111111
11111111110111110101111110111110
11111111111110011011110011001001
00000000000101010000001101001001
00000000000001001111011000111011
00000000000110110100100110011100
11111111110110100101000011110101
11111111111100000101000110110011
11111111111111110001011101101001
00000000000000100011011011001111
00000000000111011100101101110010
00000000000100001111011000000000
00000000000010011100111010111011
11111111111111110011000000110100
00000000000011100000110010101110
00000000000010110100111001100000
00000000000100011100110011000110
00000000000100100111001010010001
11111111111100000000110000001001
00000000001100010100101011001111
11111111111011100010001101010111
11111111111010110100010001110011
00000000000010111011111110100001
00000000001000010100010001100000
11111111100011111001001110000110
11111111110010011000011111100010
11111111111000001110101100110111
11111111111110100001110000111111
00000000000010011110100010001010
00000000000000011010101010000001
00000000000000101001000010101111
11111111111010100000011000101001
11111111110101000001001001110110
11111111111100001111001001000110
00000000001101101110011101010001
00000000001000001010110001010000
11111111111001001111001100100111
11111111111011110100000100110011
00000000000011100101011000011101
00000000001001110010000011111100
00000000000001000100010011101000
00000000001000101011111111000110
00000000000000011101110101010001
00000000001010110111111011100101
00000000000110000010101010111011
00000000000011110011000100101101
11111111111111011001110011011111
11111111110110011100111111111110
11111111111001001111110011100100
11111111111000011000111011011011
11111111110011110111101000100010
11111111111010111010100011100000
00000000000001000011011110101000
00000000000011001011101101001100
11111111101110110000001110111111
11111111111001101101111010110101
11111111111100001110001110101000
11111111111010101011100011110000
00000000000001001110111000011100
11111111111110000001011001110110
11111111111101010111111000010110
11111111110111011111101111100000
11111111111100001010011111111110
00000000000010110100001000101101
00000000001100010010100001111101
00000000001111000001110010000011
11111111111011101101101100110001
00000000000001111010001110110100
11111111111100100001111011100111
00000000001101111010100001110110
11111111111100000110110110001011
11111111111010011000101111011100
11111111111001100001000100110100
11111111110010111100000001000111
00000000000010001010100111101100
11111111110111100101000000010010
11111111111010000010101010010001
11111111111011111100101100001001
00000000000010010100010100010110
11111111111101001011110000010101
11111111110111111010110111110010
11111111110101001111111101110010
11111111110101010010110101000101
11111111111001101110001001010000
00000000001000010010010010101100
00000000001010111001001011001111
00000000000100001011010111100010
11111111110011101110000000100111
11111111110101001000010000000010
00000000000101111111111110111011
00000000000110110101001010000100
00000000010000100110010010001011
00000000000110101000001100110011
00000000000111100001110010010001
00000000001000000101111100101011
11111111111101110010100100100000
00000000000100000010101111111101
00000000000001110001010010010101
00000000001001111100111001010111
