11111111110000100100011110101000
11111111110010111100100100100101
00000000000101101000110100011011
00000000010010000000010011101000
00000000001000111000010011100111
11111111110010110101011000010001
11111111111000011111011011001001
11111111111100001010110011000110
00000000000111111001101001001111
00000000000010000001001011001101
00000000000011010110101001110101
00000000000001010110001101010110
00000000000100000010100011100000
11111111111100111001110000110001
11111111111111010010000000000011
00000000000011100001011110101000
11111111111111110101111111101000
00000000000011100001101100100110
00000000001001001101101111111001
11111111111001000111101111010011
00000000000000110110000010000100
00000000000001011000101001100100
00000000000110001110011000000111
00000000000011010110101100010101
11111111110110001000011011111010
11111111111010001100001000000000
11111111110011100100000111010001
11111111110011101110000010101001
11111111111011110111001100100000
11111111111101000111110010110110
11111111111101010010000110011100
11111111111101001111010111000000
11111111111000100111000111011100
00000000000011000010100000100010
00000000000001000011001001010100
11111111110101001010011000011110
11111111111011101010110011100011
11111111111110000110010100101011
00000000000100011000001110100010
00000000000110001011010011010101
00000000000111010001011101010000
00000000000011011110100111001011
00000000001011111110001011100101
00000000000000011010010110001010
00000000000000111011001000101010
00000000000110001001111111101110
11111111110111011011101001101101
00000000001000010101101011001111
00000000000000110011011001011111
00000000000011101001100001000100
00000000001001111001000101110011
00000000000001010001110100001110
00000000000101100101001000010011
00000000000001110001000101110011
11111111111100000110011001110110
00000000000000010111111010010010
00000000000000111000101000010010
00000000000011100011001011100110
00000000000001000100111000011101
00000000000001100100111110001100
11111111111011011000101000110110
11111111111101100101011110010111
00000000000011101010001001101000
00000000001000110000010100001101
11111111111110110000110101100110
11111111111110001001010101101011
11111111111110110110101100001101
00000000000000011000101100110111
11111111111110001111001000100011
11111111111110010010011011100010
11111111111101101101001101000100
11111111111100010111000110011111
11111111111101001000000011100101
11111111111110110101101000001011
00000000000001001101100011101110
00000000000010001001000011101011
00000000000100010000001010000011
00000000000011000001011000101110
00000000000101111100110010100011
00000000000101010100010001101011
11111111111111111011100101100001
00000000000111111010001011011011
00000000000100100011010000101101
00000000000101101001001110000100
00000000000100100000000100111101
11111111111101011111000001111110
00000000000101001011110000100010
11111111111110100111011010000001
00000000000000010110000011000101
11111111111011110111100001001101
00000000000001000010110001101100
00000000000000011000101100111111
00000000000000111000100100100001
11111111111110100001110100011111
11111111111001101110010100000011
11111111111110010100110101011011
00000000000001010011000100100010
00000000000001100001110011010100
11111111111001110010000110110000
11111111111100110101110001011110
11111111111010111111001110111010
11111111111010110110111011011011
11111111111011110100110001010011
11111111111101011001011011011011
11111111111011110011011110101010
11111111111000001110110010001000
11111111111111000000100100010101
11111111111010101011101000001101
11111111111011110110001100011001
00000000000101010101011100011000
11111111110100100010000011000111
00000000000010101110010010011000
00000000000010001011000111000100
11111111111100111000100111100101
00000000000001011001000001000000
11111111111111000101000110000111
00000000000000000111001101101111
00000000000010010001111111000100
00000000001110000010010001101010
00000000000100110010011100001010
11111111111011000010010000101110
00000000000100000011000001011100
11111111111100100110100001000011
00000000001000101010111001001011
00000000000100100110000010101111
00000000010001000101100110010100
00000000001011001010111101100100
00000000001101000101011100111011
00000000000111110000001001000011
00000000001101001001111010010101
11111111111111001111100001110100
11111111111000100011000000111101
11111111111100000001101111010001
11111111111000111000100101111100
11111111111111101010100110010000
00000000001001010001100110110011
11111111111111011110011101011010
00000000000100101010001001001101
11111111111100111110100110100000
00000000000011111010111100011101
11111111111101001000001100100110
00000000001000000001011111101001
00000000001000011110010011001010
00000000000000000011010100110110
11111111111011101111101111000100
11111111111111100111100001010110
00000000000101111001101101001011
00000000000011110000100011011101
00000000000000001101011111010010
11111111111011100111111000111101
00000000000001000100100001100001
00000000000011000001101001010011
00000000000000000000110010111010
00000000000101100010111000001000
00000000000111110100001011100000
00000000000000110010101000000011
00000000000010001100000001010000
00000000000001010001101100111100
11111111111110001101000011100000
00000000000100011010101101010011
00000000001000100011011100000101
00000000000100111001000010001111
11111111111010101111001010011100
11111111111101001110010100101001
11111111111010010011011110100101
00000000000010000011011001101010
00000000000111110111001000001010
00000000000010010010001011010111
00000000000100010000101100100010
11111111111101000101001101111110
00000000000101101010011110111100
00000000000010100000110101110100
00000000000101001001101001011111
11111111111001101000000100110010
11111111110000011100100011100000
11111111111111100011101101100010
11111111110011000101100001000010
00000000000011111100001000110010
00000000000110111111110001011001
00000000000011100101011011001100
11111111111101000100000101001011
11111111111101111001111010100010
00000000000000011101000100000100
00000000000001110001111000111111
00000000000000000101111000011100
00000000001000101000000011010110
11111111111111110110110000111110
11111111111110110001110001000101
11111111110001111001110110101100
00000000000000111101010001110110
00000000000111011101001001110100
11111111111011011101010101101000
11111111111110001010110111110100
11111111111010100000001011100111
00000000000010001101100100010011
00000000000011111110110101011010
11111111111100111100010111010011
11111111111010001110110101110111
00000000000001111110110100010011
11111111110000111110110001010111
00000000000001111010000101111100
11111111111000010101100100010111
11111111110111101110110100100100
11111111111010010110110100001010
00000000000100110111000110010011
11111111111100100110011010010011
00000000000000100100010110111000
11111111111001010000101111100110
11111111110111100010110111100000
11111111111110111111110101000100
00000000000000110001010111101001
00000000000011100100110011011011
11111111111010111000101001001111
11111111101111101111100000011100
11111111101111101011100001100110
11111111111111111000111111010001
11111111111111101101101001110101
11111111111100011001011011111111
11111111110100110011001010001101
11111111110110111100010101101101
11111111111110101011010010000101
11111111111110000010110001000011
00000000000001110110011110011010
00000000000111001101000001000010
00000000000101001000000100011111
00000000000001011110000011101011
11111111111100101101111011110011
00000000000000101110001110101001
11111111111100011110011001100101
00000000000010101111011000101000
00000000000001110000001001001001
11111111111111001000001110101100
11111111110111100000110101000101
00000000000101010111001011000110
11111111111110001010110011111000
00000000001001101010000110011100
00000000001101011101111000110111
00000000000100010011010100011001
11111111111000110001000000000010
00000000000000010101110101100101
00000000000001001011000110110001
00000000000011101100110000000111
11111111111110110010010111000110
00000000000101111010001101010000
00000000000111100100111110100010
11111111111011011001100101011011
00000000000011000010111101010010
11111111111110111110110110110100
00000000000000001000011000001111
11111111110010000100011101010011
00000000000011010010000100100011
00000000000100111100100010000101
00000000000000011011101001110101
11111111111111111100111000111011
11111111111110011011111101000100
11111111111100110110011001000000
11111111111001010100111010110011
11111111111010110011001010100011
11111111111011101101100100110110
11111111111111000101111101000010
00000000000011000011111111010111
11111111111101101000111111011111
00000000000001001000100010011011
11111111111110011000100101010000
00000000000011011101101110111001
00000000000010000100101011001110
00000000000001000100110010100101
11111111111101010001001100101001
11111111111011110010100110110001
11111111111001101111011110111000
11111111111011000100101011000100
11111111111101011101100110010100
00000000001010100100101000101001
11111111111111010011000001110000
11111111111001111101110001011110
00000000000011110001110001000111
11111111111111001101111111110101
00000000000001111100111111100000
00000000000101000001010100011001
00000000000100011001101000111101
11111111110001000110111100101100
11111111110001100111010001101011
11111111111011001100110010110001
11111111111111110000100111100010
11111111111111101111101011001111
11111111110110010100001101110000
11111111111011011100100100110100
00000000000010101111101100011011
00000000000110000010001110100100
00000000000100110000010110011000
00000000000111100101000111100110
00000000000011011100101011100100
00000000000011100010101101111001
11111111111000000011111111111001
11111111110111001000100010111111
11111111111111110100111010001011
11111111111101100110111110000000
00000000000010100111001010011001
00000000001001011110011110001000
00000000000001101010101000000000
11111111110010010001111000101000
11111111111011100101100000000110
11111111110110111010000101100011
00000000000010110001010010110110
00000000000001100101101100111110
00000000000000011001010110010011
00000000000110010101001111111000
00000000000101110111111101110000
11111111110111101100001001011111
11111111111010100101001000111101
00000000000110111111111110101000
00000000000010110110100100111000
00000000001001110010000011001101
00000000000010010111010001010010
11111111111111100100111011101100
11111111110111110101001000101111
11111111111010101010100010110110
11111111111100010000010100000000
00000000001010110010000011101110
00000000000001010100010111100001
11111111111101000000000101110010
11111111111101110101111111110110
11111111110110101110101010011000
11111111111111101010011001000110
00000000000010010011111110111000
00000000000111111000001110011000
00000000000110010110010111110000
00000000000111001101000110001111
11111111111101111111101111010111
00000000000010010100110100010000
11111111111100110111101101010000
11111111111001001110111000100000
11111111111011110111111001101011
00000000000101011100100011001110
00000000000000010011111011010001
11111111111011011111110101011100
11111111111111111110001100111011
00000000000111100101010011111101
00000000000110001011101000100000
11111111111110011110000011001101
00000000001001100010111110011111
00000000001100001100101101110101
00000000000110100100001010010001
11111111111011011100001010011001
11111111111010111000101001100000
11111111111001110110000100110110
11111111111011110100000011101101
00000000000101001101111000111111
00000000000100101101011100010101
11111111111001001101111100111011
00000000000101001011000111110100
11111111111111110010100101101011
11111111111111010101011001111011
11111111111100110010010001011000
11111111111101110011110111000010
11111111110000101100000010010100
11111111111011110110000011111101
11111111111111101111011001010101
00000000000101110110011001111110
00000000000001100100000110010101
11111111101111101100110101101011
11111111111011010011010100011001
11111111111100001011100111100101
00000000000001000101001010011101
00000000000001101001111011100101
11111111111111010101101111010011
11111111111101100001101011001100
00000000000101010101011010110010
11111111111110000010011111111011
00000000000010001010001111111101
11111111111111101011011110000001
11111111111010101100100010100111
00000000000100001110100101101010
00000000000011110010011101101111
00000000000101111100101010111110
11111111111111011010000011110000
00000000000100100110010001101101
00000000000100001001100101000110
00000000000011001111101001100010
00000000000010010011101010110110
11111111111111110011110000101000
00000000000101001000000010100110
00000000000101000111111011111000
11111111111110110010110011011001
00000000000101001100100001010001
00000000000101101101011001011001
00000000000010111111001001011111
00000000000100101001001110011100
00000000000001100101110011000010
11111111111000101000001100110000
00000000000010000110110100001111
11111111111010111100100000110111
11111111111100010001111101001110
00000000000111010011001001010010
11111111111111000101010110000111
11111111111101111011111011010111
11111111111100111010000001111101
11111111111010001111001111011110
11111111111111001111101011011001
00000000000101001110111100110110
