11111111101110110111010001110100
11111111111000101000000100000101
00000000001101001111111101010000
11111111111101001001010111110010
00000000000001111100110110101101
11111111111111101001001010001100
11111111111011100111110101110001
00000000000010110111000101110111
00000000000110100111001100111111
00000000000111110010110110101100
11111111111000100100111000010010
11111111111101110010010111001011
00000000000101101011111010010011
11111111111110111111101001000000
11111111110111010110000000001101
00000000000000010001111100101000
00000000000001011100001010010100
00000000000111010101111010010111
11111111111100010100100000000111
11111111110110100001110001101101
11111111111010000011111110100110
11111111111010000000111111111011
11111111111111110011010110001010
11111111110111011001110110100101
11111111111010010000011110001011
00000000000011110111001110001111
00000000000010011011110011100101
11111111111100000000010111111110
11111111111001011101100110010010
00000000001001111110110000100111
00000000000010110100100101001101
00000000000101100111011101001101
00000000000111010001010001000010
11111111111010110011110100000001
00000000000010111100010101110111
11111111111110101100100010010100
11111111111111000010000010110001
11111111111110101010000010100101
00000000001001110101001010010010
11111111111101010100111101101110
11111111111110011101001110111011
00000000000010111100000000010111
00000000000000110110111100000110
00000000000100100111010101110001
11111111110111110000110011100011
11111111110010100110111000000100
11111111101111101011000110001100
11111111111111000011100011011101
00000000000100110001001011010000
00000000000000111011110111100101
11111111111001010001001101100100
11111111111011010101111110010101
00000000000000111010011011000101
11111111101111101011000100010001
11111111110100110000100110110010
00000000000100100100110100001000
00000000000011110000011111001101
00000000000110001001100010010000
11111111111101010011001001101111
11111111111011001111001101000100
11111111111111001110001000111100
11111111111101111000000000101010
11111111111111011110101000011001
11111111111101001001101100011010
00000000000001000000001011110000
00000000001100100000011011011101
00000000000011101110101011100011
00000000000100011100001101000000
11111111111100001100110010111000
00000000000011010101101101101001
00000000001110011100100110110100
00000000001010001010100100001001
00000000000000001101001000010000
11111111111111010110000110001100
11111111111111111001111000100000
11111111111011001110101010001011
11111111111111110000000000011010
00000000000110101011101011111001
00000000000000110001010001110011
11111111111000001110100000110011
00000000000100000010011110101101
11111111111110100010110111110001
00000000000111111001100100001001
00000000001000000011110111100100
11111111111010100010100010001000
00000000000101001010000011000100
11111111111110000111111101100101
11111111111111100100111001110010
11111111111111010100111101111101
11111111111101011110110101110001
00000000000010100110010110111100
00000000000110110100110111111111
00000000000000100011100011111111
11111111111111101011011100110100
11111111111110001101100001111000
00000000000011110010010000111010
00000000000001001010001111001110
00000000000100011001010001101100
11111111111010110010100011101010
00000000000001000101001001011101
11111111111101010011100001011100
11111111111101101011110000101000
11111111111010000011100111110000
00000000000010100001110101111110
00000000001100000100000101111000
11111111111011101110011110011100
11111111111100000111110011001011
11111111111100110001100101111010
00000000000010110111000100110110
00000000001100110100111011110011
00000000000110001010011011101110
11111111111111001100011001110101
11111111111101011110001101010100
11111111111110000011101110100000
00000000000101111101101111101101
00000000001011001111000101101101
11111111110110011111101110010000
11111111111001111111000001001000
11111111111100001000001110111101
11111111111101011101110000011001
11111111111101100001101100100101
11111111111100100100001001000110
11111111111100101101010011000100
11111111111111111111100110100110
00000000000000000110101011001000
00000000001000111101011010101111
11111111111100111000101000001110
11111111111111111000000010110001
00000000000111001110001101010000
11111111111000011011110100000011
11111111111000111101000100111100
11111111111001000111100111110000
11111111111110110111010101001101
11111111111101110111000110100100
11111111110001011010110111010100
11111111111101111110001101000010
11111111111101000100101111100110
11111111111011101110110000110001
11111111111110101111010111011001
00000000000001011011101011111010
11111111110111100010000111110010
00000000000000111000100111001011
00000000000100000001011011000000
11111111111011011001100011100001
11111111110111000000001010100111
11111111111101001010110111100011
00000000000100010010110110000000
00000000000001101100101001001010
00000000000000010001001101101001
00000000000001100000000101110010
00000000000010101011101011001111
00000000000100010000010100000100
00000000000011000111011000000010
11111111111001011001110001101010
11111111110101100100000110001100
00000000000101111010101111001101
00000000001001001000111000001111
00000000001110000011101010110110
00000000000011000110110111001110
11111111101100101111111010000010
00000000000001100001100101111100
00000000000011110101010110000000
00000000000100011111011100101101
11111111111111101111010000011011
11111111110011101000001100001111
11111111111111010101111001011001
00000000000101010011010101100100
00000000000111011110011000011011
00000000000010110111001001111000
11111111111011101010010110011111
11111111111011101001110000111010
00000000000011110100010010111011
00000000000111011110101110100010
00000000000001111011100111011110
00000000000000011101110110000100
00000000000110010101110111001111
00000000000001100111110000101101
11111111111001000001010001001101
11111111111011000101001011011000
00000000000000001100110000011000
11111111111111011100111001001011
11111111111011010111010001001000
00000000000111110011100111101111
00000000000010001001111110010000
11111111110001000101111101110100
00000000000011100110101001000010
11111111111101111101100100111001
11111111111011000111100111010100
11111111111110101011001101000000
11111111110111100111000011101001
11111111111111111111100000000000
11111111111000000110100000101000
11111111110010010101000100011001
11111111110100011110010011010000
11111111111001111001010110010000
11111111111100000000001110101001
11111111111101110011011101110111
11111111110000001000001111000011
11111111101111011011011000010111
11111111110110101111000110110111
00000000000010100001110111001111
11111111111101101011000011011101
11111111111000110011000100011101
11111111101100100011011111111101
11111111101100011011110010000001
11111111111100001010111011000000
11111111111111101111010110001110
11111111111010111110010000111110
00000000000011110000111000010101
00000000011011000011011001011010
11111111111011100110011010100101
00000000000000001111000010000110
11111111111011010000100110101101
00000000000001000100010110110100
00000000001111010110101100011000
00000000000010110010011110101110
11111111111110100010001001001101
11111111101110010011100011001100
00000000000010010001100100010001
00000000000010010101101111000000
00000000000101001011100101100110
11111111110111101011110100101100
11111111110001111011111011000010
11111111111110100000011010110001
11111111111100100110111011111111
11111111111111111101100001110000
00000000000000011101100000010001
00000000000110011110100100001100
00000000000000110100010101100100
11111111111110111011111110100100
00000000001100101110010011001101
00000000001001000000100010111000
00000000000000111110011111011101
00000000001011100000100101010000
11111111111010000100011001110101
00000000001001110000100000100011
11111111111101010100001000100001
00000000000001111111101011001000
00000000000011000000110000101001
11111111110110011101110100000000
00000000000110111011000010100010
00000000000001111100001111101100
11111111111111001010100111111111
11111111111110110001000111111101
11111111111101100100010110000101
11111111111001000100110101101110
11111111111111000100001110010111
00000000000010110011001001011010
11111111111011111110011111000111
00000000000110011111110101111101
11111111111111010101110101111010
00000000000111110110001010111001
00000000000001000011000001100001
11111111110100000010011100001111
11111111101001111101010011001101
00000000000100011111000110101110
00000000000000011001001010100111
11111111111110000110000011000111
11111111101101001111101011000111
11111111110001100000101001111111
00000000000110101111111010100111
00000000000011000011010100010100
00000000000010111100000110110110
11111111111001100101001010101100
00000000000010011110101100010110
00000000001111100111111000001101
00000000000101111100101010110010
11111111111011001010010110111111
11111111111011000110000110111001
00000000000101011011000000010010
00000000001011001111000101001100
00000000000001010010010001110100
11111111110101110110101010010011
11111111110100000100011100110000
00000000001001100001000001100110
00000000000000111111001111110011
00000000000100011011010010001011
11111111110010011111010110000010
11111111110101000001011110001111
11111111110001111011010011111000
11111111111101110000001111011110
11111111111001111101101010111001
11111111111000101111011011101001
11111111110110101101100000111000
00000000000001000101000011101100
11111111110100100110110000010010
11111111110010111101000001001111
00000000000010111100100100100100
00000000001111101111001110001011
00000000001111110011100011011100
11111111101111010010110101100011
11111111111110001001101110110101
11111111111011101111100001010001
11111111110111111001011001100110
11111111111000101010101000110101
00000000000010011001000000011111
00000000000101111101101010000100
11111111111110000110011000110110
11111111111000011111110000110011
00000000000001011100001100011100
11111111100100100110011010111001
11111111110101101101110111011011
00000000000100010101001010101010
00000000001010101101110011111101
00000000001101101111001010011000
11111111110001000011110010111000
11111111111001011010110010110110
00000000000000000011111111100011
11111111111110110101000001011111
00000000000100100100010000101111
11111111111110001111011101001111
00000000000100110111000011100001
11111111111100110001110100100110
11111111110110111101011111101010
00000000000010100010111101001100
00000000000010011011110101101100
11111111111111110001111100100110
00000000000101100010001010100110
11111111111000111111100011000100
11111111111111110000100001101111
00000000001001000000010011111010
11111111111101101000110010111101
00000000000010011001011001111111
00000000000111100101011000010001
00000000000010011111101101100100
00000000000010100101010110101001
00000000001000110010100111010010
00000000001000010111010011100110
00000000000101010010001010000010
11111111110001001111010111001100
00000000000000000000011100000111
11111111111110111101001100010000
00000000000000101101010001111000
00000000001000001111100100010100
11111111111110100101111101101011
11111111111111110101100011000110
11111111111101100001110001011001
00000000000011100011000101000000
00000000001010011011000111111101
00000000001011001010011000111111
11111111111101011100111110100110
00000000001010101101000110010101
00000000001101110111101001100000
00000000000011010001100001100011
00000000000100101000111001100101
00000000000000011111110010011000
11111111111100000010000000100010
11111111111101000010100010100000
11111111111101100110011001101011
11111111111110111011111110010010
00000000001011011001101110111011
11111111111001011110110101000000
11111111111000000101111110111011
11111111111010010101000111000010
11111111111111100011100100101111
11111111111110110110010011011101
00000000000000010101110010101111
00000000000000110010000111110110
11111111111001001000011011111010
00000000000001111110000010110100
00000000000110100101011100100101
11111111111100101010001101010010
00000000000000000011010111001100
00000000000110010001000111101010
00000000001010110110110101000010
00000000000101001100100001011001
00000000000001110010001011001010
00000000000001001111010011010101
00000000000100001111001101011011
11111111111101000110110101100110
11111111111100001110000001011011
11111111111100101000001100110101
00000000000000001000111000101010
11111111111100111000001000110001
11111111111110010101000010110010
11111111111001100010011000000001
00000000000001100111010110100001
00000000001011001011110101110110
00000000001101001001000111101110
00000000001101001000100101010111
11111111110110010111110111001000
11111111111000101100110001101101
11111111111010110111100010100111
00000000000000011100001010110111
00000000000010100101001101101010
00000000000001100010101110111110
11111111111111100011101000110100
11111111111110000010101110011011
11111111111001101001011100110000
11111111110100010001010001011110
00000000000010101111100110101101
00000000000100010011110000110001
00000000000010100000101111101111
11111111111111101000100011011110
11111111111010010110011110011011
00000000000010001001111000110110
11111111111111111110110001000000
00000000000101011001110000101100
00000000000010010001111111001111
00000000000010101011010111000111
