11111111111111111111111001101101
11111111111101111100101100010010
11111111111011100010111010001111
11111111110100101110001011010110
11111111111010010010100111010101
11111111111001101000001000011010
11111111110100100101110101010011
11111111111110101100111010001100
00000000000100010010000101101100
11111111111100101100011001011111
00000000000111110000000000000101
00000000001011111100011111111000
00000000000011100001001011000110
11111111110010110000010001011111
11111111110111111110101101110000
00000000000000001010100001001101
00000000001000100010101000010111
11111111111010110111001100011111
11111111110111101011011011101101
00000000000100111001001010101110
11111111111110010000001001000101
11111111101111010001100001110010
00000000000010101110100111011011
00000000000100001010010011011000
00000000001010110000110101000110
00000000000111000100000010010010
00000000000010110000111000101101
11111111111110010000111111010100
00000000000101100111100101100110
11111111110100011011011011000000
00000000000011001010010101111010
11111111111101010111010001010010
11111111111000101000000101010011
00000000000001110001010101110110
11111111111001000010111010001001
11111111111010011110110111001110
00000000000100001110000101101100
11111111111011100010001011001100
00000000001001000011001100111011
11111111111010011100001001101110
11111111110110110101100000001100
00000000001011001101100100010100
00000000000001011101101000010000
00000000000011110010011011010001
00000000000000000000101000000010
11111111111011011001110001000010
00000000000011101110011011011111
00000000000000111100000111100011
00000000000001100010000100101000
11111111111111101000100111101110
11111111110110111111011001101011
11111111111011110111101001101001
00000000000100111011011110000100
11111111111111010101011111110111
11111111111101001000001101111011
11111111111001101101011010110000
11111111111101110110010000100111
11111111111111010100010011111110
00000000000001000101111001000110
11111111111100110111110111000010
11111111111111101001100101000000
11111111111000011001111101001010
00000000000100001110100011110001
00000000000010100101010000100111
11111111111111011110110011111110
00000000000001111010010110010001
00000000000000011001010010100010
00000000000010001011000111001000
00000000000010010001010001000010
11111111111111000111001000111010
00000000000100011110001111001111
00000000000101111001100101001001
00000000000100111100010001110001
00000000000011010111101011100111
00000000000000001011110100001011
11111111111100101100110110111001
00000000000001010010001100100010
00000000000000100110110011001101
00000000000000110001000000000011
11111111111100010110110110000110
11111111111110101100100010011111
00000000000100100000000000000010
00000000000101001101101000111100
00000000000011101000000101001111
00000000000000100111101100011100
00000000000100011101110101011110
00000000000000100011000010110000
00000000000010101001111110010001
11111111111111111010000001011101
00000000000010100001001100000111
00000000000010001110011101110000
00000000000000100011010110100100
00000000000101000101010111110101
11111111111111010011111100111000
11111111111110111000010101100111
11111111111101111110010101010000
00000000000111001001011011010110
00000000000010001010101110010001
00000000000001010101101001100110
11111111111000110011100111100001
00000000000010101111000110011010
00000000000001100111011111001101
00000000000101011110001110100010
00000000000101011001000000000110
00000000000101011010010100000001
00000000000001101110001110100001
00000000000110001011110111110010
00000000000100010001110101001110
11111111111011111001101101000101
11111111101111110111101011110100
11111111111111110110110100000010
11111111110110000101011110100111
11111111111100100000000110110001
11111111111010000110110110110101
11111111110110101001111000000011
00000000001010100110100101111100
00000000000011111100100110010100
00000000000000011000000001100110
00000000000010011101000100011111
11111111110110111110100011110001
11111111110110111111000110101010
11111111110011100000100111001100
11111111111110111001000100000111
00000000000010101111100010111000
11111111111100100001110010001101
11111111101101111001011001011100
11111111101011111000000011010110
11111111110001111000001001010110
11111111110110010110100010011100
11111111110111011101111110011101
00000000000100000011011011010111
00000000000110011101001000000010
11111111111100011010110001111011
11111111110111011000100001011101
11111111111100011100011000010010
00000000000010100010110000110001
00000000000011100000110000101010
11111111111011010101000101110011
11111111111010110010000001011101
11111111111011101111100110000011
00000000000010010011001111111111
00000000001000100001111000110100
00000000000101011101001100010011
00000000000101100000001101001101
00000000001101101010011110110011
11111111111011000110110100010101
11111111111100110110011001011111
11111111111011011101110111110100
11111111111100111101010011001000
11111111111111111001011010011101
11111111111101001100101011010010
00000000000101000010100101110000
00000000000001100001100101001100
11111111111011110001111011101001
00000000000101110011100110111101
11111111111000000111101110011110
00000000000000010101110100001110
11111111111110110101001001101100
00000000000100011000100001010101
00000000001010100110011101110000
00000000000101110001010101011011
00000000000011000011101011111100
00000000000001100111011000011000
00000000000000100000001010111011
00000000001001010001001100110100
11111111111011010010110100000000
11111111111111101000110110100100
11111111111001110001100101100011
00000000000111101101110001111010
00000000010001000111101011100110
11111111111111111000011011001011
11111111111110000100111100110110
00000000001000110010100100011101
00000000000101111111101010000101
00000000010001101000111111001111
11111111111111111111000001111101
00000000000101111000110011001001
11111111111001011011000110010000
00000000000110001001100100011010
11111111111101001000110010100010
00000000000000011110100000100111
11111111111100000111110000001011
11111111110010110000010010101001
00000000000000000100011001100111
11111111111101010110000110101101
00000000001000010011100010101111
00000000000100101010000101111000
00000000000001000010111110011111
11111111111100111000010010100001
11111111111101100111100010110010
00000000001001100110110110011001
00000000000110110110001000001111
00000000000100000111111100111000
00000000000000111001000110100110
00000000010011101001100101010010
11111111111111011110001111101000
11111111111011100001011000111000
11111111111001110100011110010100
11111111111110111001000001011001
00000000001110010110010000000110
00000000000010101100000111010000
00000000001000111010110011011001
11111111111111100100111110011010
00000000000000101111000111010000
00000000010011100010001101100111
00000000000011100000110001110001
00000000000101010111011011000100
11111111111000100110011001010101
11111111111001110100011100011110
00000000001010011110110011000001
00000000000010010111010110010010
00000000000111001110011011100100
11111111111111010111000111010010
11111111111011100110011001111111
00000000010001100100010101011000
00000000000001010011100100011000
00000000001000011110101011100011
11111111111110111111000110000010
11111111110100110110011010110011
00000000000001101000100001010111
00000000000011001111000100110001
00000000000111111011011111110000
00000000000001011111011011100111
11111111110111010101001101101011
11111111111010000000100100101111
00000000000110110000110001010101
11111111111111000110111110000110
00000000000010100010100111110001
11111111111111010101100100001110
11111111110111110010111100010111
11111111111100111010000011000111
11111111111100001111000010101000
11111111111011101111100010100000
00000000000000100110111011001111
00000000000001101011001011011110
00000000000111110000101111111010
00000000000100101010100010110000
00000000000000100110011011010001
11111111111000000111010010110000
11111111111100110010010100101111
00000000000101000111111101111111
11111111111110100100001000011011
11111111110111000110100101011101
11111111111000000101010011110111
00000000000101011001010100100100
11111111111110101000011110111000
11111111111101110110110110011001
11111111111101100101011000100111
00000000000100111100110101110001
00000000001111110011011000100011
11111111111000001110000111111010
00000000001000001111010000011111
00000000000101011001110111000011
00000000000010011001010001110001
11111111111011011011011101110001
11111111111101110010010011000010
00000000000001011101100000011000
11111111111101101001011100001100
11111111111000110110110110000011
00000000000001000010010111010010
00000000001010000000101111100010
11111111111111010001101001110011
11111111111110000011111101000111
00000000000010000010101011001101
11111111110011011001000101001100
00000000001110000011100001101101
00000000001000001001010101111010
11111111111100101110001010001011
11111111111110111010010010110011
00000000000101111011000010011101
00000000001011110001111110010011
00000000000010100110010111011110
11111111111000111011011110101101
11111111111010011000100111001100
00000000001010100000101110011001
11111111101011110101110011101001
11111111111001000001100111100011
00000000000011110110111101101110
11111111111111100110101101010110
00000000000010001110100111110000
11111111110100100101110011001101
11111111110111111000000010000011
00000000000011101100010000101001
00000000000100001001001000110000
00000000000000010011100100011100
11111111111010100011010111110000
11111111111010100111101111101111
00000000000001101101100101101010
00000000000111011101100100111011
00000000001001010011111110011110
00000000001000111001010100110101
11111111110111110010000000000010
00000000001001111010001111111011
00000000001011001010100100110101
11111111111111110100011001001111
11111111111111110111010101001010
11111111111010010101001101011001
11111111110111100000111111000001
11111111110011101000100111100101
11111111111001111000000000100111
11111111111000010011111010010100
11111111110101111101010010100110
00000000000010001001011001011111
11111111111011111110011111000111
11111111111110011101011010001100
00000000000011101110100001101010
00000000000001100001011011101001
00000000000010010110111110000110
11111111111011101111001110000100
11111111111010001100000011011100
00000000000001111110010110101010
00000000000111100101110100110011
00000000000000101001110010100100
11111111111111011011101001100000
11111111111001110101110000010100
00000000000110000100000001111001
00000000000001100101010111001010
00000000000001011101011110111011
00000000000000110010000011111011
11111111110110011000101000101000
11111111111111011101100001000101
00000000000100010101111101001001
00000000001100100111100011010000
00000000001001111011111001000101
00000000000001010101010010110110
11111111110110111101111010110111
00000000000000001000101000100000
00000000000111010011001101010000
00000000000110100000101111001010
00000000000001101100011101101011
11111111111110001111111110001100
00000000000010110000010011110011
11111111111101101001111111111001
00000000000000010000101010100011
00000000000101010110111111101111
00000000000011011011010111100011
11111111111111010000100001001011
00000000000010101000100001101000
00000000000011111110001000111110
00000000001111111101100100001000
00000000000111101000101001101100
11111111111111110001111001111110
11111111111010101111010010111111
11111111110111011001110011011001
00000000000100111000010100111110
11111111111101101111001000001111
11111111110011000000110011000011
11111111111011101111110110000111
11111111111110110101111100001000
11111111111101010001000000010101
11111111110100010111011011111000
11111111101111011100101011111011
00000000000110010100011010010011
00000000001001000111110111000110
11111111111111101100001101100001
11111111110110100110111100111100
11111111110011001110010010010011
11111111111111000010000001011011
00000000001010010001011111100110
11111111111100001011110101111010
11111111101110110000100101111001
11111111110100011010010000111011
00000000000000110000100010111010
00000000001100000010110001111111
00000000000000111100101111101001
11111111111111110001000100000111
00000000001010111101100001010100
00000000000111101001011101100011
00000000001011010101110001110110
11111111111000111010001101100100
00000000001111110000010000110110
00000000001101110111110110110100
00000000000010001111011111001111
11111111111011101000000101001010
11111111111001100101001110001001
11111111111110001001110101100111
11111111111101111110101110100001
11111111111111110001100011011111
11111111111111100110001001101000
00000000000011101001111110111100
11111111111101011010011101101010
11111111110111111001011000011110
11111111111100000011000100110110
11111111111010010000010101011100
00000000000011011111000000010100
11111111111110000000001010000011
00000000000011110110111010001101
00000000000010111101011101101110
11111111111011000010010011000011
11111111111101000110000100111001
00000000000010010111001110000101
11111111111010010000110100010111
11111111111110101000001010000001
11111111111000000010111110000011
11111111111011100101101111010010
11111111111111100110101100001011
11111111111011000101010001001111
00000000000000000110010110110100
00000000000000100000111100001111
00000000000100110110111000110100
