11111111110010111101000011000011
11111111111000000010110011111111
11111111110110111011111010001001
11111111110111100101000000100001
11111111111111110101001101111011
00000000001000001001101000111111
11111111111001110111010101001010
11111111111101001110110101101011
00000000001011111100001101111101
00000000000011101101011001001010
11111111111110011010100101110111
00000000000000000101101010011010
00000000000010010100001001111000
00000000000010110110110110101001
00000000000000001000010001011101
11111111110010011110000001011010
11111111111110011110010011101111
00000000000001111111111000110000
00000000000100111100000000001010
11111111111001100000000000100111
00000000010001010110100110001000
00000000001000000101010110111110
11111111111111001111011010011001
11111111111101001011011110010101
11111111110011000100010001100001
00000000001001111100011001011100
11111111110111011000101001011111
00000000000000110011110010000011
11111111110010111000111001100111
00000000000110110101101110110110
11111111111101111101011101010010
00000000000101011010001100110111
11111111111110110010101001000101
11111111110111101100110011111010
11111111111011010110111101100110
00000000000110100101111000010010
00000000000001100011100001000001
11111111111100000100110010110011
11111111111010011100010010111001
00000000000000100110110110110011
11111111111110111010010110111011
11111111110011111010110010110111
00000000000001111001000111000110
00000000000100111000101010110001
00000000001010010100010101110000
00000000000101001001000111110110
00000000001101011111111101011011
00000000001111001011000110101110
00000000001101111100001110100011
00000000001000101100010100011111
00000000000100001101001111011101
11111111111011001101010111011000
11111111111101000110101001101111
11111111110111110011000110001110
11111111111100101011110101110010
11111111111111000011001111010010
00000000000011010100111001000011
00000000000101100101001111111100
11111111111011101101100111111011
11111111111011100000010100111100
00000000001100110000100011111000
00000000000011001101110110111111
00000000000101111101000001001000
00000000000100010010011111100011
00000000000000011000001000111000
00000000001010001110000101011010
00000000000100011001001011000110
11111111110111000010100111110100
00000000000010111001110011110111
11111111111111101100101111010010
00000000000110001101011110000010
11111111111101110101010000101011
11111111111100101011100001101001
00000000000100000001110010000001
00000000000110111011010100001101
00000000000010111100000001011010
11111111111011011101111101011001
00000000000000001010100000000111
00000000000010101010110100000000
11111111111101000101110101101110
11111111111101111101000001010001
00000000000010110000011011101001
00000000000001111011001110001001
00000000000011100011000100111100
11111111111010001010011111011000
00000000000001111011110110001110
00000000000010011011011111110100
00000000000000110001010101000101
00000000000010001100010011011110
11111111111100001011100111011000
11111111111101111110111010010101
11111111111110000011100111000001
11111111111110001110011101000000
11111111111110101001011101101111
11111111110111001100000100001110
11111111111100011100011111010001
11111111110011101101110010111010
11111111110101101100101101100110
11111111110010110110010100010110
11111111111100111111110100110101
00000000000101111100100100000010
00000000000101011111000000001001
11111111110111111001100001101001
00000000000010010101110000110101
11111111111011100111000110001011
00000000001001001010001100101001
11111111111010011001101100100011
00000000000010111010100010100111
00000000000110010100011010100100
00000000000010110011000111000001
00000000000110100111010110111000
11111111111110000011011100111110
11111111111111111011100110010000
00000000000001111100001000101010
11111111111110111010111011001111
00000000000000011110010100101110
11111111111110010100100100000011
00000000000010010000111001101010
00000000000101111110111001010010
00000000000110111110011101010000
00000000001100011010001000101001
00000000000000011101110111110010
11111111110110000001011111000010
11111111101100000000100101001010
11111111110100011100100100001010
00000000010000110111110010110100
00000000010000101001011010111110
00000000000110000011100000011110
00000000001011001101111010001110
11111111111100011001100101000110
00000000000010001000011111000000
00000000000100001011110101000110
00000000000001100111100001011111
00000000000000011000010100011001
00000000000010001001101101101110
11111111111110001111000001000011
00000000000100110010100011011101
11111111111111000010100111100100
00000000000011001011111000110010
11111111111001100110111011111111
00000000000010111100011111110101
00000000000100110010111001101010
00000000000001100110001101111101
11111111111110101110010001110100
11111111110011010110000000001111
00000000000001100011111011101110
11111111111110000011000011110110
00000000000010011100101010100100
11111111111111000111001011111010
11111111110100111010111011110010
11111111111110011100010000000101
00000000000100010001111010100110
00000000000011111000001001110011
00000000000010101110110110110011
00000000000000101000110110111110
11111111110110011010101101110011
11111111110110001000111000110010
00000000000100001100111011100101
11111111111011110010011100110111
11111111111011111100100011111001
11111111111000010001000010100011
00000000000001000010001110100111
11111111111100000010100000100001
00000000000100011100011100011111
11111111110101101110000011000011
11111111111110010111110011100110
00000000000001001001110000100001
00000000000000111000010110000010
11111111111011000001000111011001
11111111110000101110011010000001
00000000000001000110100011001111
11111111110101001000110000001001
11111111101111110101010110010000
11111111101001111101000100011001
11111111101001000111110011010101
00000000000000100101000101101110
11111111111101101100111011011111
11111111101001101111110110111000
11111111111010111110010101111101
00000000000000000011111001000010
11111111111101011101100110110001
00000000000001001101011101000001
00000000000110000011110111110000
00000000001000110001110101011110
00000000000011010110111000101101
11111111111010101001000110000011
00000000001001111101011011001010
00000000001001010111111110101110
00000000010101011100000011101101
11111111111111001100100011101100
11111111111001110010011010100110
00000000000010101001101111100010
11111111111010011000110110100101
11111111110111011001101001011100
11111111111000101100011111110010
00000000001100011110100001011001
00000000000110001101111001111100
11111111111010111100110000111010
00000000000000110010110001101001
11111111111001011101011101110110
11111111111010110100001100100110
11111111111100100100110000111001
11111111111010110010101011010000
11111111110010110101100110101101
11111111100101100101000100110001
00000000000011111101011110111011
11111111111101100010011001011011
11111111110100110010110001111101
11111111111101010000100010010100
11111111110000000011000001110100
00000000000101000100001000001100
11111111110101001000010011100111
00000000000001010010011000000000
00000000001010100110000101100010
00000000001011000000101110001110
11111111111100011010010011000001
11111111110101110100010001110011
00000000001010111001100011011101
00000000010010001110100110100001
00000000010010101101011011001011
11111111111101111100100111010111
00000000000101000000000011010110
00000000001111001001101001001011
00000000001011110010000100110101
11111111111011101101000101110001
11111111111011111110100010010101
00000000000001111010000011101100
00000000000101000101000010101110
00000000000110001111010101011110
00000000000101010011000100110110
00000000001001000101100010001011
11111111111011011100100010000001
11111111111011000011111100000111
00000000000101010011001110011011
11111111111000010000011000000111
11111111111111111001010111010000
11111111111110111100110110011110
11111111111100000001100101001001
11111111111111010001101100010110
11111111110110100101011110100101
11111111111001000010101111111100
11111111111100110110100001001011
11111111111110001010000110010110
11111111110101101000010001111100
11111111101001110111000011101110
00000000000110111000111110101101
00000000000011110000011111000011
11111111110110000000010110001101
11111111100001011011010110111101
11111111011100010110011101010000
00000000000000010000101010001000
00000000000010101010010010010110
00000000000011000110111110111010
11111111111011101011010000111010
11111111111000011101110010011111
00000000000001111110101101111010
00000000000101000011100111010001
00000000001010000011111001111110
11111111110111000101111111000001
11111111111011110111100011001001
00000000000011101101110101010110
00000000000100010011100011100000
00000000000100001101100110000101
00000000000110110000111010100100
00000000001001101101000101011011
00000000000001001001010101101001
00000000000000000110001001100111
00000000000001000001100101001000
00000000000110000101011011011111
00000000000101001001111011011101
00000000001010101100001011000011
00000000001101110110100111000000
00000000000110110010000101011001
11111111111101100101100110111010
00000000000010000011101100000000
00000000001101010101001000111000
11111111111101110000010000110011
11111111111110000100011011100000
11111111111110110100110101001101
00000000001000101101111000000100
00000000000011010010111001011001
00000000000011010000001100010100
11111111111010000111111011110101
00000000001000001011110011000011
00000000000100011100101100101011
00000000000011100011100010001111
00000000000100010100001101000110
00000000001010001100001111000010
00000000000110010001000100110100
11111111111011111100110100100100
00000000000101000100000010000110
00000000000011101110010111101010
00000000000001010011000101111100
00000000000111101111000101011111
00000000000011100110001000111100
00000000000010110110101100111100
11111111111101000000011000100101
11111111110110000010101000000001
11111111110111010011000001000100
11111111101101010110110000101000
11111111111110000110101000101011
00000000000001000000000101000011
00000000000110101001001100011101
00000000000110101000100000100000
11111111111110011001000011111101
00000000000010110001111011001111
11111111111111101000000111101111
00000000000100110010000100111000
00000000000010110110011000110011
00000000001001001010101010101011
11111111110111111111010111100110
11111111111101000000110001010010
11111111111000001101000110000000
11111111111000110000110100001101
00000000000101000001101011011010
00000000001010010101011011001010
11111111111100110010000101010101
11111111101010010110110110100011
11111111111011000110001100111011
00000000001000000011111001000001
11111111110011110100010111101100
11111111101110001001010100111001
11111111100110011000101111111010
11111111111110011010000110000000
00000000001110101100110111100110
00000000000110010100100011110010
11111111111110111011101101100010
00000000000100001110110111001100
00000000000101110010001110100110
11111111111011001010101101100100
11111111111101001101111000111011
00000000000000011001101011101011
00000000000000100011011010010011
00000000000110101010010101011101
00000000000000110111101101000000
11111111110110111110101101111001
11111111111011001101110001001000
00000000000101011100010100110111
11111111111010110110111010010001
11111111111100001111001001011001
00000000000000111010001000000011
00000000000000100111010101100001
00000000000001001100101111000101
11111111111010111011111001101100
11111111111110010111111000101110
00000000000110111000010011000101
00000000000101000100101000110000
11111111110100010011100101101101
11111111100011010110001001111001
11111111011100110101001001111001
11111111110100111010111111001101
00000000000000010101111110100011
11111111111011111101011111010011
11111111110110001100011101111001
11111111111111001010000001100100
00000000000010111000110010100101
00000000000001110011111111001111
00000000000101100011101101110010
11111111111100001110010001101001
00000000000011011010100101010100
00000000000101110100101111001011
00000000000111011101000001100100
00000000000001100000000010111000
00000000000001010000011010100111
00000000000101010001110100011000
00000000000100111001100000010011
00000000000101110000111001111010
11111111111011110110100010110000
00000000000010010110111100111100
00000000000010010000000000011001
11111111111001000101011111110110
00000000001001010100110011100000
00000000000011101001100010011111
00000000000100011101000000110100
00000000000010010011001000001001
00000000000000100001101110011011
00000000000110111110001010000000
00000000001001100111011011101111
00000000000001110111101110000001
11111111110110010101001110000001
00000000000000101110101000110110
00000000000011010100101110010111
00000000000111011001110010100010
00000000000101101110000101010110
11111111111101000000111101000010
11111111111011011010000100010000
11111111111010100101000110110100
11111111111101011011111110001011
00000000000001101111110100111011
11111111111100010011001111011100
11111111111110111111110010100010
00000000000101000101110111000100
11111111111111000101010010011100
00000000000011010011001001001110
11111111111101001011011001101011
11111111110001010111000100011100
11111111111000100101110110100001
11111111110011111011001111100001
11111111111000001111101011001111
11111111111111010001011001000011
