11111111111101011010110100011101
00000000000110111000101011011100
00000000000111101000110000011001
00000000000011111100110011001010
11111111111001101110010101010000
11111111110110111011100000111101
00000000000101111111010101111000
00000000000111001001111111010100
00000000000100000111011100110011
11111111111111010010000001100011
11111111111100101110100011010001
00000000001011010011100110100011
00000000000000000110000110001110
11111111111100001111000100010111
00000000000010000010000110010001
11111111111111100001111010101000
00000000000000000000110101111010
00000000000101010010101001011111
00000000000010001000011100100011
00000000000110110000001100001101
00000000000110110011001000000101
00000000000111011010011100111100
00000000000100100101110111110110
11111111111111001101000100111000
00000000000001101111100010110010
11111111101111101110110110010101
11111111101110001011010100001111
11111111111000100001010110110001
00000000000010011011111011000010
11111111111100010101101001010011
00000000000111111000010011101011
11111111111100101111101011000000
11111111110010001001110111010011
11111111111101011100110010011001
11111111111010110000000011001100
00000000000101000011110010001010
00000000000000111101010100110100
11111111110111101110110111011111
11111111111110101000100110101000
11111111111011101110011100011100
11111111111000101011000111100101
11111111111000001100010010010111
00000000000010100001111100100000
00000000000000001001000001011110
11111111111110010010110111100100
00000000000000101101010010111111
00000000001111101000100101100111
11111111111011001011011110111001
00000000000000010100000101011110
00000000000001000111111101100110
00000000000111011001001111100011
11111111111101101110001110010100
11111111111110101110011011110101
00000000000011010010010000011001
11111111111111100101100101011100
11111111111101010100111011000001
11111111111100110111010100111101
11111111111100010001001001000111
00000000000111001110010111110110
11111111111110011001001010001110
11111111111010101010110000101000
11111111111101110110111111101010
11111111111101011100110111101011
00000000001001000000111100111011
11111111111111111000100111001100
11111111110010111001100000001101
11111111111101010010101100101101
00000000000010000011110011100110
00000000000100111110011100011111
11111111111101100011101011011101
11111111111100011110111011111100
11111111111111010000111101110001
11111111111100100111000111001011
11111111111110110111101110100001
11111111111101010111010000100101
00000000000001101010001111111111
00000000000111000111001110001100
00000000000010100110000100011011
00000000000100010111011011110111
11111111111011111100000000111110
11111111111110101000010101000111
00000000000001011111011011110100
00000000000000110000001011010110
11111111111110110111100001100001
11111111111011101011110111111110
11111111111100010110001010001111
00000000000100010100001011010011
00000000000001001001000001000011
11111111111110101011010010010010
11111111111110000111111110100001
11111111111010111111100100010000
11111111111010111100001001001110
11111111111110101011110001000100
00000000000000110010001010101100
11111111111111101011011010111100
11111111111100101100010101101010
11111111111100110100101101010010
11111111111111011111000000110011
00000000000000111010100001101101
11111111111011011001101111111011
11111111111100010110110010011001
11111111111011111111001110101110
11111111111011101001001001110010
00000000000011011100100111010011
11111111111011011111000010000100
11111111111010001100110000010010
11111111111010001111000010110100
00000000000100110101101100100010
00000000000010100101001000000110
11111111111100000100100100111110
11111111110111010000101001110011
11111111111001010100101101010000
11111111111010001101001001110100
11111111111100010000010010111110
11111111111000110111110100011011
11111111110111111110100100001111
11111111111100011000111101101001
11111111111100100010110010111100
11111111111111101110110011000110
11111111111011111010101000001100
00000000000110110001010110101010
00000000000010100001110011101010
11111111111100111011110111011000
11111111111001110100011011000110
11111111111110010010110000110011
00000000001101001101011101001110
00000000010000101011111011000000
00000000001101001000010110101100
00000000000101000001110011100101
11111111101001011111001100001001
00000000000101010011010011001111
00000000000101011100001000101101
11111111111111010101001101100101
00000000000001110010001011110010
11111111111011110100000011101011
00000000000000001110011100100111
00000000000010011100011010010000
11111111111011011000101001111011
11111111111011010101001101100001
00000000000001001000010111110110
00000000000000100010000101111011
00000000001000100110011000110110
00000000000111000111011010010100
11111111111110111000100101111010
00000000000010100100011011111110
00000000000010001101000100001011
00000000000000000000000001011000
11111111111111010000100000011011
00000000000001110111011111110100
00000000000000111010110010000101
00000000000011000001001011111000
00000000001010010001111101110011
00000000000100001101111111011001
11111111111100010011000011011100
11111111110011101100001100000111
00000000000100001010000001010000
00000000000010110011101101100001
11111111111111111011111010110100
11111111111110010010101111000100
11111111110110011011010100110010
00000000000011101100011101000001
00000000001001000110110101001010
00000000000010010110010110011011
11111111111101010010100011000000
00000000000001111000001110010101
00000000000011011011000011110100
00000000000001001100101101010010
00000000000111000111011000000101
00000000001011101101010100001110
00000000001000100101001110100111
00000000000101000010010100110011
00000000000111110010110101001101
00000000001000101011111111111011
00000000000110001010011000101101
00000000000110100101011011010101
11111111111110110000111001101000
00000000001000100111100011111001
11111111111010011111010101100100
11111111111100111001011111010011
11111111110001110010001000000101
00000000000010100001001001000101
11111111111111110000011001011011
11111111111100101111001000100000
11111111111111100000100110001100
11111111111010101110100101011110
11111111111110100001101000011000
11111111111001010111011111001100
11111111110110110111110000011010
11111111111101100001000000100001
00000000000110011100101010010110
11111111111100111001111101101110
00000000000100101001111110110111
11111111111110110001111100011101
11111111111001111011000011111011
11111111111110100000011010111000
00000000000101010010101010101100
00000000000100110011001101000000
11111111111111000101111000100101
00000000000100101100001100001101
00000000000110001011010001101000
11111111110010111110000010111101
11111111111010000010101100110001
00000000000011101100011001101001
11111111111010110010100010100101
11111111111010100001010100100101
11111111110111011000110111011011
11111111111100110000010101011010
00000000000101001111100010110101
00000000000000111000111101101110
11111111111010101110000110101111
11111111111001111100011110100010
11111111111010010100011100001100
11111111111010010001111110101110
11111111110011000101100001110010
11111111111010000011101110101001
11111111111010101000000101001011
11111111111011000001000101000011
11111111111010001110011111100101
11111111110110011010010000010100
11111111110110001001011111011111
11111111111011101101000010011011
11111111111111000000110000000001
11111111111110100001001001001110
11111111110100001110100000100011
11111111100110111111111100111110
00000000000001010001000010100001
11111111111111101011010101010011
00000000000011110100010100010001
11111111111011011010000111100111
11111111111001000011001100100100
11111111111111001110101001000111
11111111111110010010011000010101
00000000000011011101001001010100
11111111111010001010111111100011
11111111111111111000100000001000
11111111111100001011001001111111
00000000000101001110101010010000
00000000000000000110001111001101
11111111110111011011111101111100
11111111111010010100010101001111
00000000000010110101111101100011
00000000000111000110011011111011
00000000000110010111111000001110
00000000000011101101101011101000
00000000001001001001011010110110
00000000001010001001010100011011
11111111111111111011101011011101
11111111111101101011001101010110
11111111111110100010110101110111
11111111111110111001101010100011
00000000000001010000011111011001
11111111111110111111010011111010
11111111111011100001000101001101
11111111111011011100100000000000
11111111111111000010000011010111
11111111111010101111000100011100
00000000000000000001011111110110
11111111111010010010001100010010
00000000000100101111100111101111
00000000000001111000001111111101
11111111110110111000001000110000
11111111111100000001100100110110
00000000000011101111000111000111
00000000000010100101111111111011
11111111111110101000100110001011
11111111111001111001100101101101
11111111111111010000110011101000
11111111111111011010010110000101
00000000000010010000100011010011
00000000000111000110100001111011
00000000000111101101001011110011
00000000001001000100110111001011
00000000000110000110000000100000
11111111111011101100011111011100
00000000000001111100111110010010
00000000001010011110101011100011
11111111111111111001101110111011
00000000000101110100111000001011
00000000000001001000110101100011
00000000000000111110000111000111
00000000010000000110011101101001
00000000001010111100101111010010
00000000001101111111100001100111
00000000000101110001101100001100
00000000001011100110010001000001
00000000000110011110111101011011
00000000000001110000000111111000
00000000000100000111110001000000
00000000001101100001110111001111
00000000000011111110100001001111
00000000000000000000100001111110
00000000000010101111000011101000
00000000001010010111011101000011
00000000000010111100111111101101
11111111111101111101001111110101
11111111111101010001011011110010
11111111111001110001010001010011
00000000000001101111101000001110
00000000000100000000110011100000
00000000000100010101111011110000
11111111111110010001011001110100
11111111110100111100010110101100
11111111111100111011111011110001
11111111111010110000001100100010
11111111111110111011001010110111
11111111110011011111100101000010
11111111101110100000100000100001
11111111110110000110000010110001
11111111110101101110001010101100
11111111111010100101101011000101
11111111111010000111000000111001
11111111110001100011100000101100
11111111111110011010101100101010
11111111111100000010011000101000
11111111111100011100110010001101
11111111111110001001011100101111
11111111110100101100111111110010
11111111110111110001111011001001
11111111111101110101001001011010
11111111111100110010111000111001
00000000000010000101010110001100
11111111110101101101101001001101
11111111111100111111011110011110
11111111111110000011101111000100
00000000000001100100100000100100
00000000001000000010101110100110
00000000000010001001101001010110
00000000000010011000100000011011
00000000000000011010000100110101
11111111111111001101000101011011
00000000000110100001110101101101
00000000001001010101100001010101
00000000000100010100110110110111
11111111111001000000110000001001
00000000000001100110000011111011
00000000000000001111110111011000
11111111111001001111010011110011
00000000001001101001100110111000
00000000001010000000101111000010
00000000000100000011011000001000
11111111111111010100000011010111
11111111111110011010000010010011
00000000000001100000001001100100
11111111111100100100011110001101
00000000000011110101011011010110
00000000000111110110011100011100
00000000000110110011100001010011
00000000000000011001111100000101
00000000001000001111101100110010
00000000000111101101101000111110
11111111110000100111010011011100
11111111110110000100010111110100
11111111111111000010100100101001
00000000001000111110101111011010
00000000000101111011011111011110
11111111111001101001000100010000
11111111111001010100100001001011
11111111111100000101011110111001
00000000000011011011010000100000
00000000000010011000101001010000
11111111110000101000011110110000
11111111111000011111001100000110
11111111111111101000011010001110
00000000000100111110101111110110
11111111111101000101110010111011
11111111101000101001111110000111
11111111110101100001110101110110
00000000000001001100011111100010
00000000000000010001101010110100
11111111111011110101110110001100
11111111111001001110110001110101
00000000000111000011111010010000
00000000000111111001101001010111
11111111111001011010000000100110
11111111111111101001011100011100
00000000000011011001100010110011
00000000000000000110000010011000
00000000000010010011011011101100
00000000000010101111001111000011
00000000000000010111101001101001
11111111111111000110010110000101
11111111111001111101110001101011
11111111111101001010110110000111
11111111111011111010011011110011
11111111111101000101000100110010
11111111111110111111100100000100
11111111111010110111000110001011
11111111111000001111101010010110
00000000000000111101010111100001
00000000000001001011010101011100
00000000000000110101011100101111
11111111111111100100100111000100
11111111111100011100101111010011
00000000000011101001001100110011
00000000000000011110010100110100
00000000000011111101011000000110
00000000000001100110010001001100
00000000000000011000111010100100
00000000000010101101100101000101
00000000000001001000011010110011
