00000000000111001110100011010101
00000000001001010001111011101001
11111111111101111110001011100010
00000000000010001110000000101101
11111111111001100010001101000111
00000000000011000101100100001110
00000000000100000110101111101000
11111111111100000100000101110110
11111111111111011111010011101000
11111111111001101100110100101101
00000000000011100110001110100000
11111111111101101100111000111110
11111111111010011001000011101101
00000000000000010101010100111010
11111111111101010101000011010011
00000000000000000100000011000111
11111111111111001111000111011101
00000000000000100111110101001001
11111111111000011111001010000001
00000000000110100100110000100100
00000000000110111011100001100011
11111111111010000110111001101010
11111111111011100110111010011010
11111111111101101010100000101011
00000000000001100100001101100000
00000000001111100101011111100110
00000000001110001010011110100000
00000000000100101010010110110100
00000000010100010000010110111101
00000000001011010011010011010101
00000000000010100001100001000000
00000000001011010000110001101111
11111111111001111001101100111011
00000000001101001010111100101100
00000000001001000000010001101100
11111111110010001011011101010111
00000000001000111001111000111110
00000000001001000011101011100110
00000000001000000010011011110100
00000000000100111111110010010111
11111111111000011111011000001111
11111111110110110011110110100010
00000000000000001000100101110110
00000000000000111010110100011111
00000000000110110001001011111100
00000000000101001101010100111000
00000000000001010101001111011111
00000000000100010110000101000011
00000000000100001110111110011010
00000000000101110101011101001011
11111111111010110100001101000110
11111111111010101101000011001010
11111111111111000011010110011011
11111111111111101110000111010111
00000000000010100101001110111111
00000000000010011100111101111010
11111111111111001011011010111000
11111111111110101010000101001111
00000000000110000111110100100101
11111111111111000011100010001001
00000000001011011111100010010101
00000000000000011111011101010110
00000000000100000111001000100111
00000000000111110101000011111111
00000000000000000110000001001110
11111111111111000010110010011100
11111111111011101000110011111000
11111111110111110010011101110011
00000000000011111010001011011001
11111111111111000110101011001111
11111111110101110111000000111010
11111111111100010111011101111100
11111111111011011101101001110001
00000000000100001011000101100001
00000000000111100100110111100010
00000000000100000010011011111001
11111111111101100011010000100100
11111111111101011111111100101010
11111111111011100000010100111100
00000000000011000011111010011100
00000000000010111101001000101001
11111111111011011001011001011000
11111111111000101001011111101100
11111111111110001001111000101101
11111111111100101110101100110001
00000000000111011010101010101101
00000000000100100001001010100100
00000000000110100000111001011010
00000000000001001010111011101110
00000000000100101000101000000010
00000000000011000010101100000111
00000000000010010011011011111010
00000000000000001100000111011111
11111111111100100000110011010011
00000000000001000111001011111010
11111111110110010101001110111101
11111111110100011111101011100111
11111111111010011111100100000011
11111111111001001001100011100110
11111111111110110001010011000101
00000000000101111001001001000111
00000000000000101000101010111100
00000000000011111010010010000111
11111111111101001101101110101101
00000000000110111001111000110000
00000000000111100100100111100000
00000000000000101001110010001110
00000000001000011011101111010100
00000000000000101010101101111111
11111111110010111000011001100111
00000000000000011011011101100111
11111111111101010010111100111110
00000000000110111101111000100100
11111111111100101010011011010110
11111111111010101001010011000110
11111111110011110111000111000100
00000000000010101000000010110101
00000000000100010000111000010000
00000000001001101001001000000001
00000000000000010001101101001011
11111111111010001111111001010001
00000000000000111011001011001010
11111111111011111011001001010011
11111111111001110011001010000100
11111111111010001111110001111011
11111111110011011001110111101011
11111111110100111000100011000100
11111111110010100111010001000010
11111111101100011000000101010111
11111111100101110111001011101110
11111111111110111011111101011110
11111111111110110100001001001011
00000000000000111101111000101000
11111111111111000000001000001011
00000000001100011001001001100100
00000000000011111000111100100001
11111111111000010001100100000001
11111111111011110110100000111011
00000000000010011111100000011000
00000000000011101100110111111100
00000000000110000101101101111001
00000000000010011011100101100101
11111111111100100110101110110100
00000000000000010001000111001001
00000000000000011111001101001101
00000000000101111011101101110000
11111111111101010101111010100111
11111111110110111010001110010011
11111111111000101000000001011110
11111111110111010110101111000011
00000000000011000001010111100110
11111111111111001011000010000100
11111111111101100111000011101101
00000000000100010000000111111010
00000000001010111010000111010000
00000000000010000000000100000111
11111111111110011110010111011010
11111111110011100001110011010111
11111111111100000110110000000000
00000000000001111100001000110101
00000000000101011010100100110011
00000000000000011100011111110111
00000000000110100100000110001011
00000000001100011100001001101100
00000000001111010101001111100100
00000000001100101111100000001101
00000000001110110001110001001000
00000000001011110100100011111001
00000000010010010100010111101110
00000000010100110110000111010010
11111111110100010111111000011010
11111111110100100101100010010001
11111111111001101010011111010010
11111111111011011001010001101100
00000000000110010001110010110111
00000000000011011000011101100100
00000000000000111111000001001010
00000000000011010001111011101001
00000000000101001100010101011110
11111111110101011001000011011000
00000000000101000101111111100000
00000000000000001000111001101100
11111111111010100101110101000000
11111111111011100001101101100011
11111111110010111010010111101110
00000000000011000111001101101101
11111111111000000100110101110000
00000000000001110101011010110000
11111111110110100001101001000111
00000000000010000100010001000111
00000000000000110111101000111010
11111111111111001000111000001110
00000000000011001111001110111001
00000000000000001010001010011100
00000000000110100011100101100110
00000000000101011000100111111100
11111111110101101001110011100110
11111111110011101011100100001100
11111111110111100011101010101010
00000000000101001011101011000100
11111111111010010000111100001110
00000000000000110100000110011110
00000000001001011011001010010001
00000000010110100000110001111100
00000000100001011001100101011010
00000000000011000101001010010000
00000000000000011111100001011001
00000000000101100100011001110111
00000000001110010110111110110101
00000000010001110110001100011001
00000000000101000010000010001011
11111111111100011001101110011101
00000000001011101001111011000100
00000000000110111000111001101001
11111111111111011101101000000101
11111111111011111110010011100000
11111111110001011011010000111110
00000000000110110111110100001101
11111111111100101001011111101101
11111111111011111000001110011010
11111111110001000010000111101011
00000000000100000100111010111011
00000000001110100000110010000001
00000000010000000011001001110001
11111111110101111111011101110111
00000000001000000001010010011010
00000000000010001010000001111000
11111111111101001010111111111101
00000000000101100101011000101001
00000000000110111001001101001001
11111111111101100011001000001110
11111111111101111000111001011111
11111111111011110011010011101111
11111111110010000101000011101011
11111111111111011001000001111101
00000000000101111110011100100111
00000000000010011100101001110010
00000000000011011000011101100110
00000000000100010111010101111101
00000000001010100000010010000111
11111111111110111000000011011011
00000000000110001011000011010111
00000000000100010010001010110110
11111111111111011100001101010010
00000000000000100000001111011010
11111111111100110000100111000010
11111111111100101110111011001110
11111111101110000011000000110101
11111111110100100110001101111110
00000000000001110001110000100101
00000000000010100111010000101111
00000000000010110011111000001111
11111111111110100001000011001011
00000000001000001010000011111001
00000000001100010101110011111101
00000000000011101100111100110000
00000000001011010111101011110000
00000000000111101111100001101001
11111111111111010111011001000011
00000000000011100110010100101001
00000000000110100010110010111010
11111111111101101100101001010011
11111111111011001000010111001000
00000000000011111011100000011000
00000000000001001000000000111001
00000000000100010111110011010000
11111111111001000010010011000010
11111111110111001010001110011101
00000000001000010111111110110010
11111111111001100101101111111000
11111111111010001100011110110101
11111111110000111110111110011000
11111111110001101011111111101100
11111111111000011100000000110010
11111111110001000100000001011001
11111111100110111001001001000111
00000000000001110110110100011010
11111111110011110110010001010101
11111111110101010000101111111001
00000000000010111000000111000000
11111111111100101100110010111011
11111111111110011100000001000001
00000000000110010111000100111101
00000000001010100100100110011101
00000000000110011110111001001001
00000000000110111100011000111100
00000000000010010101011111110000
00000000000010111000010010001100
11111111111010101001000000010011
11111111111100100010100011010100
00000000000011110101001110101011
11111111110000110100101001000100
11111111110111001111001001110100
00000000000000111111101000100011
00000000000011111100101001111101
00000000000010011010101011001100
11111111101101111000111010001100
11111111101111100000100100000011
11111111110111000101011001011101
11111111111001011011110101110010
00000000010011001010000101011110
00000000000011111001001001110010
11111111111111101111011011001110
00000000000000111100100110111000
11111111111011101011010101000000
00000000000110101110011100011001
11111111111011101011101100101011
11111111111110010001010100111000
11111111110100000111100001011110
11111111110101111010111010101101
11111111111111100011110101100100
00000000001011110000000111001100
00000000000011000111100101000011
11111111111111111001001111011100
11111111110010111110111011110101
00000000000111101001011011011010
00000000001000101100110110001000
11111111110110111000111010110001
00000000000011100000101101110111
11111111111101001110000001000110
11111111101001001010111010110110
11111111111001100000111100010010
11111111111001111101001010001010
00000000001001101100010111001110
00000000000101110111001001011001
00000000000011101111111111001000
11111111111110100111110101101111
11111111111011011001001101100101
11111111111111100000101001000010
00000000001010100010100100110100
00000000000100101010111011110111
00000000000100000100100100100000
00000000000101100000100000101010
11111111111100100111110100111000
00000000000000011100010100011001
00000000001010100011011011101000
00000000001001000011000011100111
11111111111001101110010011001010
11111111111101001111110110111111
00000000000111110110001000101101
00000000010000100000001110000110
00000000000001110000001111110100
11111111111100101101100110001001
00000000000100101011011110100100
00000000001010011010011000111100
00000000000001010111111101111001
11111111111000100011001001001110
11111111110000000110100100000101
11111111110101100001011001100101
11111111110111001101101111110010
00000000000001110011100000101111
00000000000011011111110110010110
00000000000010000101000010010010
00000000000111111010000011001100
00000000001000110110110101100001
00000000001001010101001101010010
00000000000100000011101010100011
11111111111111010001111001110011
00000000001000110011110100010001
00000000000101001110110001110101
00000000000100100111010000011101
00000000001100001100111100101111
00000000000000111111010000110001
00000000000001011011001110010110
11111111111111110110011011110100
00000000000011111000101010111011
00000000000100010100101100001110
11111111111011100011111001000000
00000000000000100101100111101100
11111111111100001101111001100110
00000000000000101011100111110000
11111111111010001111011011111110
11111111111010001001000101100010
11111111111101010111001011010001
11111111111110101111011101010100
00000000000011001000010010111111
11111111111011100100000101011101
11111111111111010000110011100010
11111111111001000100001101000010
11111111111101100000111111001100
00000000000011110000011110101011
11111111111101011100010101010111
11111111111110000001101000111011
11111111110111110111110110111000
00000000000010011110001111111010
11111111111010010001010011100010
11111111111000010101100101010000
11111111111010001010111111001111
11111111111010011100001110000000
11111111111011010000010010000010
00000000000100111110111101100010
00000000000100000001101001010000
11111111111110011111000010111101
00000000000001101010100111111111
00000000000100010010110101010110
11111111111010100111110110011000
00000000000000110111110010101111
00000000000100001110110011001001
00000000000100011010111001010110
00000000001000000100111011110001
