11111111111100000001011010000110
11111111111011011111010010000100
00000000000000011110000011110001
00000000000111111111011100000100
00000000000011100001111110011111
11111111111000001000001111010011
11111111110010010101001000111011
11111111111111100001101100011101
11111111111111111100011100100111
00000000001000000010010100101001
00000000000001100000111011001010
11111111110000011000000001001111
11111111111000111100110011111111
00000000000100010000101000100101
00000000001111001100111000010100
11111111111101000110010100110001
11111111111111111010000110011011
00000000000010110110000110010011
11111111111110111100100000101101
11111111111100101001110111100110
11111111111010111110110100000001
11111111110111101100001001001011
11111111111100101000011110110101
11111111111111000011000010101101
11111111111011111011010101111110
00000000000100101100101011001110
00000000000011101000100010111001
00000000001100011101010101000000
11111111110110101011000100101010
11111111111111110001101011110010
00000000000000011111100101000011
00000000000100110000111001111000
00000000001000000000011101111011
00000000000010111110101011000101
00000000000011111110000110100111
00000000001010111011111001111010
00000000001001111001001010111101
00000000000000101101011010110011
00000000000100110000001000010101
11111111110111010110000100011101
11111111111011001000100001000000
00000000000101110000011011101011
00000000000011000110010110000110
00000000000011111110001010000000
00000000000110111110011110111010
00000000000101110101001011011100
00000000001010110010001101001110
00000000000001100000110110010110
00000000000110010111110100110111
00000000000010111101100110011001
11111111111011111110111010000010
11111111111101010110110111011010
00000000000001000011001100101111
00000000000010000110001001101101
11111111111111100111001011010000
11111111111100110010110000000000
11111111111011010011100111010000
00000000000000001001100001110001
11111111111100010110000011100001
00000000000010000000000100100011
00000000000101110010001110110101
11111111111111101110010010100011
00000000000010101000010010110101
00000000000001011111010101111101
11111111111101011011001110000101
00000000000101101100010010100111
00000000000010101111101000001011
11111111111111010011101001000100
00000000000100111101111001101100
11111111111111011110100000011111
00000000000101100011000100000110
00000000000001100110101111001000
00000000000001000001101110101111
00000000000001011000000101011000
11111111111101110000000001011010
11111111111000011011011101001101
11111111111001010011011011110011
11111111110110110000110101100100
00000000000000110010110001111101
00000000000111100001101101101101
11111111111001010000001111011000
11111111111100111101000011001100
11111111111010011011010011110111
11111111111011000000101001101101
00000000000000000001101111001111
11111111111101000001000000101100
11111111111100001001001010011000
11111111111111010110100011101011
00000000000010000100001010011100
11111111111100000000001001100011
00000000000110100000011010100110
00000000000101101101000110100100
11111111111101111101101111110001
11111111111110111001100010010111
00000000000000011111001001101100
00000000000001011011011010001100
00000000000000110011101000110110
11111111111110010100110000011001
11111111111111010100110110000010
00000000000100010100111001000101
00000000000011001101111001000110
00000000000001100111010111110010
11111111111111101111010011100110
00000000000001100000001001110001
11111111111011111110001011101000
00000000001001001001001110011100
00000000000110110001011010101101
00000000000001101111011100111100
11111111111001110100011100100110
00000000000010110111000110101111
00000000000101011010011001000110
00000000000011110110101010110100
11111111111111010110101000001000
11111111111100010110001100111110
00000000001001000110101110001011
11111111111101010001000100100000
11111111111011101100010111111100
00000000000001011010100000110111
11111111111011000101000001100010
11111111111001000110110011000100
11111111111100010111101011010010
11111111111111000100000101111101
00000000000100101110100111110010
00000000000011001001111110111001
11111111111111100110000111101100
11111111101011010111101101101010
11111111101011011100011100110000
11111111110010001000111000011100
11111111111001101011011000000110
00000000011000010111000000010010
11111111110010011110011100111000
11111111111100111011100000111111
11111111111100111010011011101101
11111111111010000010001110010100
00000000001001101001001000100111
11111111110001111011110001011000
11111111101111100011001000000001
11111111110000111011000000011011
00000000000000101001011001011100
11111111111110110001110011110101
11111111111010110000001110101100
11111111111110010011100011100011
00000000000011010011011100101000
00000000001000100000011100101100
11111111111100000100010101100010
00000000000011101101001000111100
11111111111101000111110010000111
11111111111101101100010010110100
11111111111110111010001110100111
11111111111101100001011010011001
11111111110101011001010001010101
11111111111101011110010100001011
11111111111101101001101010000001
00000000000011000011111111100110
00000000001000101010000110000010
11111111110111010000000110110000
11111111110001101001101111010010
11111111111101100010111011110111
11111111101110111111011001001100
11111111110101100010001110101100
11111111111000111010110011000110
11111111111000101000011001110010
11111111111110011011110000110101
11111111111110010011111101110011
11111111100111101101101001011111
00000000000011110000101000111011
11111111111101001101100001011101
11111111111001000110111001101100
11111111110001011101111111110101
11111111101000010001001001111010
00000000000000010001100010111011
00000000000010001000011100110101
11111111111111001011100100001110
11111111110111101100011011111111
11111111110110010111110101000111
00000000001011001011111001100100
00000000001010100101010000001101
00000000000100010110000101010011
11111111110111111111000001111000
00000000000011010101111001010001
00000000000010100111111100101000
00000000001000100010001011010100
11111111111100101010000111101100
00000000000101110111011001111111
00000000001011001101011101101010
00000000000000011000110010101000
11111111111101110100100011001001
11111111111000011110111001001011
00000000000101001100101110100111
11111111111001011101011111010001
11111111111001111011110010111110
11111111111101011101011000000100
11111111111111100101110100100111
00000000000100011010000111011011
11111111111001001110111101111000
11111111111011001111111101001001
11111111111010001110100010000000
00000000000010111110111100001101
11111111111111011110110011001001
11111111111010000000001100011111
00000000000010111010001111111100
00000000000100010011010000010010
11111111111111000010100100011111
00000000001110010110111111000100
11111111111111100110101110101000
00000000000111111010110100001100
00000000000001101010111110111110
00000000000011100101111110101000
11111111111110011010101100000010
00000000000110010100110100111111
00000000001000011111111100001101
00000000001000110001000101101011
00000000001000110001010011000111
00000000001010001011101011010111
00000000011010100100100011011010
00000000000001011101010101001001
00000000000111001111101010110001
00000000001001110010011101111001
00000000000101010011000000101101
00000000001111100100110011111100
11111111111101111100110101100011
00000000000110111100011000001010
00000000001111110010111100011011
00000000000111000111110010111101
00000000000011001100101000000101
11111111111111010110001010101110
11111111111111000111011111101011
00000000000010000100101111011110
00000000000111101010111001110000
00000000000101001000010101110101
00000000000010111010101110011010
11111111111001101011110001010000
00000000000001101101010100000001
00000000000110010110111111100101
11111111111100000000101000001110
00000000000010000101001100110100
00000000000011111111101111000100
11111111111000101001100010010111
00000000001001000010110011110100
11111111111100001011001010001101
00000000000001111001110011100011
00000000000001110001100101110110
11111111110010011110010000111100
11111111110111011001001101011110
11111111110100011011110110010010
00000000000011101111111101111011
11111111111101110010011101100110
11111111111111110100001110001111
11111111110111011010010001000000
11111111100111111100001000110011
11111111111101111110001111000001
11111111111110010001111000101011
00000000000010010101110001001110
00000000000010101011100100111101
00000000001000001010011101001110
11111111111111011010001110001111
00000000000100100101100001101111
00000000001000011111111000101010
00000000001101111010100101111111
00000000000100101101101011111010
00000000001001100111000010110110
00000000001010001010010011011111
00000000001010000011000100101011
00000000000100111011110101011101
00000000001011100010100111110001
00000000001010001011001010010000
00000000000011101110011110001010
00000000000100011010100110010101
00000000001000101011101101011010
11111111111110111100111011010100
11111111111100010001001110100011
00000000000001011000001011100111
11111111111100111001111000000001
00000000000011100111011111110011
11111111110111010000101010010011
00000000000011011100010001010010
11111111101110101001110100101100
00000000000110101101010100010110
00000000001010000010000000101101
00000000001000001110101011001000
11111111110001111010001010001000
11111111110000110011100000001000
11111111111000110111100010101010
00000000001100010000000000110110
11111111111111011100110100000001
11111111111010110101100010110110
11111111111101011000010100010010
00000000000111011100100111100000
00000000000100001001010001001111
11111111111111111111010101001101
11111111111111001101111101101110
00000000000100111000001010011011
00000000000100111011011101001100
00000000001010100111000011001001
00000000000011111000010001011011
00000000000101111011010011111001
00000000000100001101010111001110
00000000000011010010011010011000
11111111111111010001101001011101
11111111111101010000011100001011
11111111111000000100101000110011
11111111110011111001000100011100
00000000000001101010101101111000
00000000000000001101111001000100
00000000000100110010011001100101
11111111111011111011101010101110
00000000000001100101100100000001
00000000000001000011001001101101
11111111111111001011111010000001
00000000001000101010110111101100
11111111111011011011010101010011
11111111111010101010011011010010
00000000000001110011110010110101
11111111110100101110010111000011
11111111111111111000101111101001
00000000000011100110101101111001
11111111110000000001000001101001
11111111110011111100000111000011
11111111111100000011111110001011
11111111111001110101111001111011
00000000000111000101001111101100
11111111111110010010010110011110
11111111111110111000001111111100
11111111110111000111000110110110
11111111111010011110111011010011
11111111101111010000001111110001
11111111111011010000100000011010
11111111111110101001100010100011
00000000000101110001100011001001
00000000001010011000000001111110
11111111111011111011110110101001
00000000000010001101000100010011
00000000000010000000111000001011
00000000000100101110110001110101
00000000000000010110011011010111
11111111111110011100100110100110
00000000000111110010100010101000
00000000000101000111011000001010
00000000000110110000011111111010
11111111111110100001001100000001
00000000001001111111110011000000
00000000000011010011101001110010
11111111111110100001010100011010
00000000000000010111110100100100
00000000000001001101101100001010
00000000001001000000000010011110
00000000000001101111000111000110
11111111111111010110010010001011
11111111111010001001010100100111
11111111110011110001110100110000
00000000010000110000000001100000
00000000000101110000100000011100
00000000001100111010101110100100
11111111111110110001110101110111
11111111111111000111011100100011
00000000010000010110011010110110
00000000000110011111101000111110
00000000001100111101111100011101
11111111111111011110111011110011
11111111111111001000101011000110
00000000010000110100011101101001
00000000000101101100111110111000
00000000000011101110101111001110
00000000000110101110001010011001
00000000000101010101110110101000
00000000010011000001010000110101
00000000010010101101011010111110
00000000000011010100010111011011
00000000000011110100011110011001
00000000000010100001101111111001
00000000001000001010001110010011
00000000000100111101010111110101
00000000000001001001110000000111
00000000000101010111100111000100
11111111111111110101011111010011
11111111110101011000100011111100
11111111111000000111111010011101
00000000000011000101011011110010
00000000000000110011011110101110
00000000000010010011001110101010
11111111111001001001101001111111
11111111111100110100010101010001
11111111111110110010001010010101
00000000000000110100011010011001
00000000000011011000110110110000
11111111110010110110000101011001
11111111111011100000110111001100
11111111111000101010110101110111
11111111110110101001110001000011
11111111110110100110011110011010
11111111111110111011001110011011
11111111110100011011111011101010
11111111110111000101000000101110
11111111111001100100111010110010
11111111110001100001110101111011
00000000000110011101100000001110
11111111111101100111111010001001
11111111111001010011011011101011
11111111110100011000011011100010
11111111110111001000001101001110
