00000000000000100000110010101111
00000000000000110010111011001100
11111111111111000011110010100000
11111111111111011110101101010000
00000000000001001101101000111001
00000000000000001111000010001111
11111111111110010111011101110001
11111111111110111010001011010011
11111111111111000010100000110100
00000000000000001100000100100101
00000000000000111111000001001010
11111111111101110001011111010101
11111111111111000010000010111100
11111111111101010111011011010011
11111111111110001011111110001100
00000000000000011110010001011010
00000000000010010010010010110110
00000000000001011100000011110111
11111111111101011000000011100111
11111111111111001101100111010110
11111111111111100111001100010100
00000000000000010111111111101000
00000000000001000011101010011000
00000000000010000001000011101011
00000000000000100110100111101100
11111111111110111111100111011111
11111111111101100100000000011110
11111111111111000010111001100110
00000000000001111010001000001111
00000000000000111101111100101000
11111111111110100010100111000010
00000000000001100011101011000111
11111111111101001101010010011100
00000000000000110000111011111101
00000000000000010100011111110001
00000000000001010101101001001100
00000000000000111001001010011110
11111111111101101011010001000010
00000000000001101100001111101011
11111111111101111011011011001011
00000000000000010010110110011110
11111111111100100011111111011100
00000000000000100100111001000010
11111111111111100100001101111111
11111111111111111011100011001101
00000000000000010101100011101111
00000000000001001010110111001110
11111111111100010110110001001101
00000000000001000000110010010100
11111111111100100001000001001101
00000000000001010000100010100001
11111111111101101001100000011110
11111111111100000101100010011110
00000000000001111100100000010011
00000000000001101100011011101111
11111111111111100101010000111010
00000000000001110101010100011111
11111111111111100110010001100001
11111111111100101100011101100000
11111111111111110111101000100001
11111111111101110110001111010100
11111111111110000001111010000010
11111111111100100101001011000111
11111111111100110010001100000110
00000000000000010000011001101100
11111111111101111110100111011000
11111111111101100110000001100101
11111111111110101111000100001110
11111111111101000001010000000000
11111111111100001110001011001111
11111111111110010110101011001001
00000000000010010010100111111111
11111111111111111010011010101101
11111111111100010101110011000000
00000000000001101011111001110101
00000000000000100110001010100001
00000000000001011011100101111010
11111111111100010000010101001110
00000000000000111111000100110011
00000000000000000010110011000111
11111111111100111001100011010000
11111111111111000101001010000110
00000000000011010101001101111100
00000000000000001101010110100111
00000000000010100000001000010101
11111111111111011110000100001111
11111111111101111100001110010110
11111111111100110111100001011011
11111111111111101001110001001101
00000000000001100110101101110110
00000000000010000100110101011110
00000000000010000010011010010100
11111111111110011100000110100000
11111111111110111110100110000001
00000000000010010011100100000110
11111111111101011110110100000110
00000000000010011111011101111111
00000000000011011010110011100101
11111111111110010001010101101111
11111111111111011111000100110111
11111111111101000101110001000010
00000000000010000001000111100100
00000000000001000011111100011111
11111111111100110111110111010010
00000000000000101100111100101000
11111111111100011010011111001100
11111111111111111010010011111101
11111111111110010111010111001001
11111111111101011010000111100001
11111111111111111001100000111000
11111111111101100101111011000101
11111111111100010111101010110011
11111111111110000100101010101000
11111111111111101110100101001001
11111111111100001001010101010011
00000000000001010111110011000011
11111111111101110000110100100100
00000000000001111011010100011011
11111111111111001110010101111111
00000000000001111001100011001001
00000000000000111110001111101010
11111111111110010010101001010100
00000000000001101100000001100011
11111111111110101110111110001010
11111111111111000101011100000001
11111111111100000011011010110111
11111111111100101011010111010110
11111111111101001001011011100101
11111111111111100110110100101111
11111111111110101010101111111010
00000000000000110111111101110000
00000000000010010100001011010001
11111111111100010101001111000100
00000000000011110110101000000110
11111111111111010010101110100110
11111111111111001100100000001010
11111111111100110101100101010100
11111111111100010101011111000100
00000000000010100011001100010001
00000000000010001100101101101001
00000000000011001011111101100101
11111111111110100111101111001101
00000000000010011011111101110010
00000000000001010100110001101100
11111111111110110110100010100100
00000000000001001010010101111001
00000000000001000101111110011110
11111111111110101100111001111101
11111111111100001011011000101100
00000000000000111011101111000111
11111111111101100011010011101000
11111111111100010010010011110000
00000000000000100101101100000100
11111111111111110000011100111001
00000000000000100001000000011100
00000000000000111101010010010001
11111111111110010110110101100100
00000000000010011110100010101000
11111111111101101010101000000100
11111111111110011011010100001101
11111111111110001010001110110010
00000000000011110001000101010111
00000000000010000010011100000001
00000000000000100101100100010110
00000000000000100110101011000110
11111111111110010110100111010100
11111111111110011100011111101000
11111111111101000001110101000110
00000000000010010011100011010001
00000000000001100010100000111011
00000000000001011111010000010111
00000000000001000111100010101110
00000000000000100010010010000000
11111111111100110100010010010111
00000000000001111111011010110010
11111111111100101110110100010111
00000000000001011100000010110001
00000000000001110111000000110000
11111111111100001011000101110010
00000000000000100011100100111000
11111111111101111110110100010010
11111111111110100000111010011111
00000000000001010101110010100111
00000000000000001101100101010100
11111111111100111100001000111110
11111111111111110111000111010001
00000000000000000100100111001010
00000000000000010001001010110000
11111111111110000001010001011000
00000000000001101010011011110010
00000000000000000000110010111100
11111111111100000110010100001000
11111111111100010010001111000101
00000000000000110111111010110101
11111111111100010011010010011100
11111111111110010100000010010010
11111111111110111100010010100001
11111111111100010100000110101011
11111111111111110010001110111001
00000000000001001111110101101100
00000000000010010011001111010111
00000000000000110011001010011011
11111111111111110011000001010011
00000000000000011000000010010000
00000000000000100101001100001110
00000000000000110100101111001011
11111111111101000110110000011010
11111111111110001011111101101100
11111111111110000001111011100110
11111111111110001001111101010111
11111111111100011001000010010010
00000000000001110000110010111001
00000000000001100000111100011101
00000000000000011100100110110011
11111111111110110001100100010001
11111111111110100010001011101110
11111111111100010101111111000111
00000000000010001100011100101010
11111111111101001101001000010001
11111111111110111001111110010101
11111111111110001101001101001110
11111111111110010111111010011101
11111111111110101111001010101001
00000000000000100011011011110101
11111111111101110100000010011101
00000000000001011111001101000100
00000000000001110100110010111100
11111111111111011011000001011110
11111111111111001001001001100101
00000000000000010001100001000101
11111111111101111001110000111010
11111111111100100011101101111011
11111111111101010000001110100101
00000000000000111101110110011010
11111111111110001101110010111010
11111111111100001111111101010000
11111111111100111001000000111110
00000000000001001000101110110001
11111111111100111000001010010000
11111111111101001000000100000100
00000000000000110010110000100010
11111111111100010001101000100100
11111111111100110111011001111001
11111111111110101111101100000101
11111111111100100100111010101110
00000000000001100110111110010110
00000000000001000111000001110100
11111111111100111010111011101001
11111111111101101011111011100110
00000000000000100011111110110100
11111111111111000001001101100000
00000000000001000010011110000010
11111111111111110111100010100011
11111111111100010111000011000001
00000000000010011010101000100011
00000000000000100010000000100100
11111111111100001001010110101001
11111111111111100101011100100110
11111111111101101100000000110100
00000000000010001010100001100101
11111111111111110010000100001101
00000000000010000110010000001011
11111111111101101100010101001101
00000000000001001110011110100101
11111111111100100111010111000001
00000000000001010110111100010000
11111111111100101110110011010100
11111111111110110100110100001001
11111111111110001111100111101100
00000000000000000100011101100101
11111111111100001101001011111101
00000000000000010101011000101001
00000000000001100011101010110000
00000000000010010000100001001010
00000000000010100100000101111001
11111111111111010111111111101010
11111111111101110100111100000110
11111111111101001110100100100111
11111111111110101111001110010110
11111111111111010000101100111001
00000000000000011100010110010001
00000000000000000101010010001100
00000000000010100100101100100110
11111111111111110011001100110100
11111111111110111011101101111001
00000000000001111110101101100011
11111111111111101101110101001011
00000000000001111110111010111011
11111111111111010110110111000110
11111111111101100011111000100001
11111111111101110111110010100111
00000000000000001010000111010110
00000000000011011011111010111111
00000000000000111011001101010000
11111111111111000010010101000110
11111111111100100110010101011010
11111111111110001111001110011101
11111111111101001011111001101111
11111111111100100101110100110001
00000000000010001010001101001100
11111111111110100000000111001000
11111111111110010011010110001001
11111111111101001000000010100000
00000000000001101100000110111010
00000000000000111111000011000111
11111111111100011101000101101111
11111111111111100010000101111011
11111111111101111101000100100101
11111111111110000000111011101111
11111111111100100000100101001011
00000000000001101010100001111000
00000000000000001100110010001100
00000000000001001101111111100010
00000000000000000110100110100111
11111111111111110000001111010101
11111111111111000110011111111101
11111111111101000101100111111000
00000000000001111100011101010101
11111111111101111010001000001101
11111111111100011001000010100110
11111111111111100011000001110011
11111111111110011000010111001111
11111111111111100011000111111001
00000000000010010010000101111001
00000000000010000100111110000000
00000000000000000110001001110001
11111111111111111101001000101101
00000000000010001110000010010100
11111111111101001010011001100100
11111111111111110000001000110011
11111111111110101111101001010111
11111111111100101011101010010110
00000000000000111001000101111100
11111111111110000010101010010100
11111111111101010110001110101000
00000000000000001001001111100010
11111111111101010111001010000000
00000000000001011110000100001101
00000000000000110000000110000000
11111111111101000101111100000110
00000000000001011100000101110101
11111111111100100101001011111011
11111111111100000010001100001100
11111111111111110100111000111101
00000000000010000101000001011001
11111111111111111110011011110100
11111111111110000000101100110101
11111111111110111110010001100011
00000000000000101100110111101011
11111111111101100100100101111100
11111111111110101010000100010000
11111111111111011111010010011110
11111111111110100100000100011101
11111111111110001111001000111000
11111111111111011001000100111100
00000000000010001000100110011110
00000000000000100011011000011100
11111111111101010111010100100001
11111111111100100101101001110101
11111111111101110011001111101000
11111111111100100000001100000001
00000000000000100101100110001110
00000000000001000001010110011001
11111111111111111111101101100101
00000000000001011101010001011010
11111111111101110100101100100101
11111111111110000110000010110010
11111111111100110110110010000000
00000000000000101000000110101000
11111111111111010011111001111110
00000000000000000000010001100110
00000000000001001111110000011011
11111111111111100001100100001111
11111111111100011101010011110111
11111111111110101010010111000011
11111111111101000101111011111010
11111111111100000111011001010101
00000000000001000010010100010101
11111111111100100010000101011110
11111111111101111011101010100000
11111111111110101101110010100010
11111111111110011101110001011010
11111111111111011011110100101001
11111111111110110010001101100111
11111111111111111110011011100101
11111111111101100110101101010001
00000000000001001010101101001101
11111111111101101001101000101011
11111111111111000010100001000000
00000000000000011011001101001000
00000000000001100010001111011010
11111111111111011101111000100010
11111111111101011101000010111010
11111111111110001110000100001010
00000000000001010000000011100001
11111111111101110110111111111011
11111111111100000010000010000011
00000000000001110110111110010101
11111111111101101010001010000011
00000000000001111111110110011000
