00000000001010001010011101111101
00000000000010001101110100001000
11111111111111010001011101001011
11111111111100101000001010110110
00000000001110111000110110100100
00000000000100011001100101001010
00000000000000000000100110000001
11111111111101001010011001110011
00000000001001111101101111001110
00000000001001111000110010001100
00000000000100110110111111110100
00000000001000000111001011000011
11111111111110000000000110000101
11111111111111001000111100011000
00000000000100100011011111110011
11111111110110111100110010101111
11111111111011101101111101000011
11111111110111010010000110101010
00000000000000111110010011101010
00000000000011101010110011110010
11111111111000101100000011010010
11111111110001010000100011001100
11111111111011011011000000001010
11111111111110000110010011111000
00000000000000100011100110001001
00000000000111100101101100100111
00000000000010111001000001101010
00000000010010011101011001001111
00000000000000001111101111100101
00000000000100011100001101000010
00000000000010010100001100110100
00000000000001111110001011100010
00000000010110010110101000010011
00000000001000101011010011011111
00000000000011010110000011000101
11111111110110011110010000101010
00000000000000100111011110010111
00000000000101011011100100110001
00000000000100011101111011010011
00000000000110111011100001010011
11111111111010111011110011100110
11111111111111001110111111011110
00000000000100111110001110000111
00000000000000100100011011111010
00000000000010100011001001110111
00000000001110110001101110011001
11111111110110000110110000000011
11111111111100000011000111101011
00000000000000010110001101001000
00000000000101010101001010010100
00000000000010001001100101010001
11111111111101111111110011000101
11111111111110110010110010010101
11111111111010100011100011101000
00000000000000101110101011111000
00000000000011000110001000110001
11111111111011101111010001010011
11111111111111010000011000110100
00000000000000100100000010010011
11111111111100001011011001010111
00000000000011110011111101110111
11111111111001101001111011011100
11111111111001110001000100110011
11111111111111000110011010001111
00000000000010111111101101101010
00000000000011001110011101010101
00000000000000110100010010110001
11111111111110110100101010000001
00000000000010010110010011110011
00000000000001001101101111000010
00000000000010100011101001100010
00000000001000100010000010010000
00000000000100101000011000001010
00000000000101010011100000000000
00000000000101000011010000111111
00000000001010000110111001010100
00000000000010111010111010100001
00000000000001011101100001001110
00000000000011010101011001000001
00000000000100001101100010000001
00000000000001000110100111110110
11111111111101111101000110010111
11111111111000111100011110010111
11111111111000100101001001101110
11111111111101110011011101000000
00000000000111001100101000100101
11111111111100101001010000101111
11111111111100110010011101111100
11111111111001101000010001101100
00000000000001000101011010001100
00000000000010110000110110011111
00000000000011101101101110011011
11111111111111001100101001000100
11111111111011010100010001011011
00000000000011111011111000100011
11111111111110101101000111110100
00000000000001110001010011000110
00000000000110011101100000110101
11111111111100110010010011011110
00000000000001101010001010011001
11111111111111111100010010011000
00000000000000010110100001010010
00000000000001100011110011111111
11111111111111111111111010111011
11111111111111110010011100100000
11111111111010100100001000010010
11111111111110101000100110010001
11111111111110110110001001100001
00000000000000011000101101100110
00000000000000001101110000101100
00000000001000110001100011000000
00000000001011101101001010110000
00000000000111101101010100100111
00000000000010011010100110001011
11111111110011100000001011000011
00000000000101010001101010011111
11111111111101100101010110001001
00000000001001100110111001110011
11111111111110011011000001101001
00000000000011110100111000001100
11111111110110110001001001101010
11111111111001100110011100011010
11111111111000100111000100100010
11111111111000010100010110111110
11111111110100000111001011101001
00000000001101101011010001000011
00000000001110101111000110100111
00000000000111100110001110111001
00000000001010010011111000001110
11111111111110101111111000100011
00000000000101111000101011110010
00000000000001011011110110000001
00000000000001000000111000010111
00000000000101000101101100110010
11111111111111010000000100000010
00000000000110101110100010010100
00000000000000001011000001110111
11111111111011001111010111010001
00000000000001101101110101001110
11111111111110101110111011101110
11111111111010100100000110011011
11111111111011000111110011001110
11111111111101010011001011110111
00000000000001011100001000100011
00000000001010010001011111011001
11111111111110100100010011110111
11111111111011101101000011001001
00000000000000101110100110110011
00000000000011100011001001101100
00000000001101111111111001001111
00000000000101011000101100011111
00000000000100101011001100010000
00000000000100110110111010000011
11111111111111000110011111011110
11111111111000000000010110000101
00000000001010010001100111110110
00000000000111100011100100111001
00000000000011100100110010000110
00000000000000111100110011100011
00000000001000100000000001000010
00000000000101010111111001010101
00000000000010100111001011111110
11111111111100011000000001000101
11111111111111000100001110111011
00000000001100001010000010001111
00000000000100101110001000000101
00000000000100001101011111101000
11111111111111110000001011101001
00000000000001111001111101010100
00000000001110100000010011000101
11111111110000101110011110010101
11111111110111111111001110010011
11111111111110100001111011001010
11111111111011101110110001000100
00000000001011000011100110011011
11111111110111010001011111101111
11111111111011101110001011001000
00000000001101001011000001110110
00000000001101111100100101011101
11111111111101100100101011100001
00000000000000011101100001100100
00000000001000110100000011100001
00000000001001111011101010111110
00000000001011011001000011001001
00000000000000011000000100001111
00000000000110111001111010000000
00000000000000101111110101010111
00000000000000110000011111001100
00000000000110111001010101101011
11111111111001001110101001011000
00000000000001010000001111101110
11111111111001110111100110010101
11111111110101100011010101100001
11111111110111101000011011111000
00000000000111000110100000000011
11111111111110011010000010101111
11111111111011100001000110001101
11111111110101010010111101011000
11111111111111100101010000111000
00000000001110111001101101001110
11111111111100110010100110111000
11111111111011011111001011100010
11111111110110011110011011101111
11111111110110101000110000011001
11111111110100010101101000010110
11111111110110110000010101110110
11111111111101000011111100000001
00000000000111100000110101111011
00000000001001110010110010001111
00000000001101010101010100011100
11111111111111011000110110011010
00000000000000100100000011110110
00000000000100000100011011011000
00000000001010001101100000001000
00000000001010001000011101110111
00000000001000001001001000110111
11111111111101011100011110001101
00000000000010101001101011011001
00000000000100110101010001111000
11111111110010011111111011101001
00000000001100100101111111000111
00000000000110110111100001000101
00000000000011001101011100001010
11111111110100000010010110000101
11111111101110100100001100101000
00000000001001100100000111010001
00000000000100001000011110101011
11111111111111010010100010100100
11111111111111001110000100111001
11111111111110100000100001011010
11111111111111001111000010110010
00000000000001100100000000100101
11111111111110010000100010100010
00000000000101100110100100011111
11111111111101000011100001011011
00000000000110110001100100001111
00000000000010011010100101010111
00000000000010001011011110011110
11111111111101010101011101110111
00000000000010001000000011101101
11111111111100101001001101111110
11111111111001100000110111000110
11111111111101011000000000110001
11111111111011100111001101011100
11111111111110111000111001101010
11111111111010101000011010110011
11111111110011100001001000011111
11111111111001111110010010010100
11111111110000110000010000101001
11111111111100000111001010111011
00000000000001001000100010100101
00000000000101010111010101111000
00000000000001110101000000010100
11111111110111010000100011000011
11111111110111000001010011010100
00000000000000101101100111001100
11111111111001110000001011110000
00000000000010100011000100000010
11111111111110111101011100100100
00000000000011001011001111011101
11111111111100011001101111100101
00000000000001011000111011011011
11111111111110101110111101000110
00000000000000101111011111000110
00000000001101010001100101100111
00000000001101010010110011001101
00000000001101000000110010011111
11111111111111011001010010010010
00000000001001100100111110010010
00000000010011011111110110000111
00000000001101011001010001001010
00000000000000000000011001011010
11111111111111011010010111001001
11111111111100101001110000100001
11111111111001001110100000001011
00000000000110010101110110010010
00000000000111101001011101100011
11111111111010010000001010000011
00000000000011011000010011110001
11111111111000001000011000011011
11111111111110011001001100001010
00000000000011010110100001111101
11111111111010101001110011000111
11111111110111001000101011011010
11111111111011010110101111110001
00000000001000100100101010010101
00000000000010011010110011000000
11111111111010111111100100011110
11111111111001101110101111110111
00000000000100101111011100110101
00000000000100100101001010100101
11111111111110000001111011001101
11111111111011100110111011011111
11111111111110011011001010110101
00000000000101100011101010101111
11111111111010011010111101000001
00000000000000100110010110001010
11111111111101101100011011011110
00000000000010001101010010101101
00000000000001010101100111010000
00000000000000111001010010110011
00000000000101110110000101011111
00000000000000010000000110111110
00000000000001011000000110101011
11111111111111110101101010111100
00000000000111011001010001011100
00000000001101001001010111010100
00000000001010101101111111110000
00000000000011000011010101110111
11111111111101000101110101011111
11111111110101110011010101010110
00000000000010110100101011101100
11111111111100111100111101011101
11111111111101011101010111110000
11111111111110101001100011101010
11111111111001010011010110101011
11111111111011101110011111101000
11111111110000000011011011101100
11111111111000110000010011100010
11111111111111110010000110110010
11111111101101010010101001011110
00000000000100010101101110010101
11111111111100111110101110010100
00000000000110100111001111011001
00000000000010110000111000000011
00000000000001101011011101110001
00000000001000000110011011010101
00000000000001110100101111101110
11111111111111100110111010110011
11111111111010100000000010011101
00000000000000110011101111010001
00000000000001000000110010111011
11111111110101110100100100000010
11111111111011010001111000110001
00000000000001110010110010110000
11111111111111001011010100101000
00000000000000100101100001011100
11111111111101110001111101101110
11111111111011100000111001100101
00000000001000110000001010101010
00000000000110100000000010110010
00000000001100110101000101101011
11111111111101111110111101111011
00000000000101100000110001010111
00000000001111101111011101101000
00000000000000000001110001001101
11111111111010010011100110001000
11111111111101010100111010010001
11111111111111011110100000011010
11111111110111111010101110100000
00000000000011001110110111001101
11111111111001101111001010000001
00000000000000110001100100101000
11111111111001110110101101001001
11111111111001111000000001011100
00000000000011011001100010101000
11111111111100010001001111011111
11111111111110000001011011111000
11111111111011100010000001010011
00000000000001000111011001100101
11111111111000001011110010011011
11111111111100011010000011001101
11111111111110111000100100010110
00000000000010010000000001111010
00000000000000110101110000111000
00000000001101001100001101100110
00000000010010010110011000010101
00000000000100001011111011000110
00000000000100111001100000000111
00000000000010110101011011101011
00000000001101001000110101100011
00000000000101001000001100010101
00000000000000110011111110110001
00000000000011111111001101000111
11111111111111101110100100111101
00000000000000111000100111000001
00000000000100001111010100110111
00000000000010010111011111010110
00000000000010111111010100110110
00000000001000010110111111101010
00000000001011001000101100001110
00000000001101001011100011001101
00000000000001100010011111010110
00000000000001010101000010111100
00000000000001110111110000100111
00000000000110101101110110111111
00000000000111010011110111100001
00000000000000111011001010010010
00000000000010101100001001111111
11111111111101001000100011010001
11111111110111011111010010000101
11111111111010110000111000011010
11111111111011110011001011111011
11111111111100001111100000110111
00000000000011010010101101001111
11111111110100000001100011111110
11111111111100001101011010001111
11111111111111100101011000110010
00000000000001111110000000110011
00000000000111111001100010100101
