11111111111101010101111111111010
11111111110111000000111010001100
11111111101100011100100001000000
11111111111011001000011011110010
00000000000000100101011100001001
11111111111010011000010101110011
11111111111101010011000000110001
00000000000110110110110010011011
00000000000000010101101111111011
00000000001000010001000000100010
11111111111010000011110011110100
00000000000000100101101110101001
00000000000111011110100110001011
11111111111101001011111110100010
00000000001001001111100010110100
11111111111000111010101001000010
11111111111011110111100000000110
00000000000001010011101110010100
00000000000100011100110100011110
00000000000111101001010010011110
00000000000000001110110110001100
00000000001000110011001111001000
00000000000011010001010111011100
00000000000010111111000010000100
00000000000001001001110001100001
11111111111111101101111010101100
00000000001100011001100111010111
00000000000010010110001111000110
11111111100101111010110101000100
11111111110111000110010010001101
11111111110011010000101011101111
11111111111100110111110100100100
00000000000111111110100100000011
11111111111100101101001001101010
11111111111100000011010011111100
11111111111100100001011111100011
11111111111001111001100101111101
00000000000011111110111101111000
11111111111001010010000100010110
11111111111000010101110110000100
00000000000000000000011001001110
11111111111000011100100001111100
11111111111000111100000101010010
11111111111010111110100010101111
11111111111001010011101110001010
00000000000010001010000000010001
11111111111001111110101110000101
11111111111010101110110011100111
11111111110101110011011001100110
11111111110100001001110010011000
00000000000110111011010000001010
00000000000111110101011110101100
00000000000010000111000000111011
00000000000001111001000010010000
00000000000100101100100110101011
00000000001011111000010101001000
00000000001000100100110101100010
11111111111110111101010000001100
11111111111110000001110011000101
00000000000111101000101100000011
00000000001011000001010111011110
00000000001000100000111001010000
11111111111111110111000100000110
11111111111011101110110011001001
11111111111110111110100101111101
00000000000111010011111001010111
00000000000010011101001000001110
11111111111000011101000011001100
11111111111001000010111110010010
11111111111101001011101111110000
11111111111101110011110000110101
11111111111111110000100011110010
11111111111011001110111010111000
11111111111010001010011000000010
11111111111010000101011101110001
11111111111101110100001111000110
11111111110110111010111001010101
00000000000001001100101000110011
00000000001010100000010011100110
00000000001101011011001100111110
00000000000100011111001110101000
00000000000011100010111011111100
00000000000010100011101011101110
00000000000000011111010100110110
00000000001000111111010010100111
11111111111110010111000001011011
11111111111111100011001110101001
11111111111100011010100000111000
11111111111101111100111010111011
00000000000000011110101101111101
00000000000100010001111000010001
00000000000001011011000101000111
11111111111110011001010101010000
11111111111101000110101001111010
11111111111110111001001001100101
00000000000100100010111111010101
00000000000001101100011010011001
11111111111110011100111011010110
00000000000001011101111000101111
00000000000001000111110101000110
00000000000001010011101101010101
11111111110100100100100100001010
11111111111101100010110101101011
11111111111010110111010100111111
11111111110011011000111001111110
00000000000110010011001111011011
00000000000000001110110110101111
11111111110110010111000111100111
11111111111001011011101110000110
00000000000001100011100001001111
00000000000001111000001001111011
00000000000010100100101000110110
11111111111110011101110100100010
11111111111010100111011100100000
00000000000110111000100101111011
00000000000000111001011000110111
00000000001010010000000100101001
00000000000011001011000010001001
11111111111010101000110101110000
11111111111100001011000001111101
11111111111101100000100100111101
00000000000011110101101010100111
00000000001010001111011011100001
00000000000100110001111000001110
00000000000111100010101010001100
11111111100011001101110101010110
11111111110010011000110100100010
00000000000011101010101001101101
11111111111100100111110111001100
00000000010100010110110011101110
11111111110010111100011100001111
00000000000100110110000101100100
00000000000101100001010000110001
11111111111111000010100100011111
00000000001110111110100011010010
11111111111101111100010101000111
00000000000010011000011100010101
00000000000100000011100000001111
11111111111111000101111001110100
00000000001011010111110001111100
11111111111100101100111011001001
11111111111010110101110010101110
11111111111110111000100010000000
00000000000010101101110100010100
00000000001000000101000010100010
11111111111011011100001101111001
11111111111100100101001100011011
00000000000001000101110000111001
11111111111101010101011101111110
11111111111110000000111011100011
11111111110101100001101110111001
11111111111101111101001101100101
00000000000111100100100011001110
00000000001010101000011000011101
00000000001111001011010000101101
00000000000010110100111111101001
00000000000010101100101000000011
00000000000000100001010011100100
11111111111111101001110010101001
00000000010011001010010101101110
11111111111101101010011100010111
00000000000001111101011100001101
11111111111100100111110110110011
11111111110110100011011011001110
11111111111000001101101000111111
00000000000011110111100011101111
11111111111111000000001110100010
11111111111111101111111101100000
11111111111101100101010011010100
11111111111000001100011110000110
00000000000100010110000101100100
00000000000011111100110000010101
00000000000000110100001110110110
11111111111110010010001011110101
11111111111101001010010100001100
00000000000101011100011100010110
00000000000101110111111010100111
00000000001000101000011011100011
00000000000011100010010101110110
00000000001001101000010001011110
11111111110110110001110101101101
11111111111001100010011111100001
00000000000100000000011001000101
00000000000111001101111100111010
00000000001101110100100101001000
11111111111010100010010100001010
11111111111011110011110111101010
00000000000101111010000100110001
11111111111101100000011110000000
00000000001100010100000110000010
11111111111101111011100110101011
11111111111101111001010011101000
00000000000100010010000000011100
00000000000001101010000100000111
00000000001110010100010000010010
00000000000101011100000101001010
11111111111011001110111000101111
00000000000000000011001001110101
00000000000000011010011000000111
11111111111111100001101010111101
00000000001010000110011100011100
00000000000111011101000111000011
11111111111011101000101000111001
11111111101111101101110111000010
11111111101010101101101000010100
00000000001101001111011100011111
11111111111100100011000110010100
11111111110100110001011110111110
11111111110100001001100110000010
11111111101011111001100000001111
00000000000100010101010001110111
11111111111001010110011110100100
11111111111101001110001110001110
00000000000000011110010011100001
00000000000110010100100000011011
11111111111111010111111100010011
11111111101101101001100100010011
00000000000000100111011101001011
11111111111000000011110100011101
11111111111111110010110110010011
11111111111010010111110100010111
11111111101100110100010011100001
11111111110111010100010111111011
11111111111111001110110111110011
00000000001010010011001110111101
11111111111111000100000100110001
11111111111001010010010111101010
00000000000011100011100010100001
11111111111111010101110001011010
00000000000010010100000111110011
11111111111100001011010111010010
11111111111110010011011100111001
00000000001010110011100011110111
11111111111111100110101000100001
00000000000000101010010011011000
11111111111101100100000011010011
11111111111011110101110111110100
00000000000011111101001100010110
00000000000011101000010111001010
11111111111010111000011000101101
00000000000000001111101111010010
11111111111101111110000101001110
00000000000010001110011110110000
00000000001001000000100000011011
00000000000101111011111110100101
11111111111001010010010110100100
00000000000001101100111011100010
00000000000001101101100010111011
00000000001000110001000111000000
11111111111111100101100001011100
00000000001001011111101011001101
00000000001000010000001000000110
00000000001011011111110111111111
00000000000100010010101000100010
00000000000111111110101110001110
00000000000110010010101110010110
00000000001011011010110001110011
00000000000111011011110001111010
00000000000010001001110110101010
11111111111010001010101011000000
00000000000111000101010101000011
00000000000111011111011010000010
11111111111010001111101101101001
11111111110111111111101101001111
11111111110010011100100110101111
11111111111101100011110011101100
11111111111111001011100001101000
11111111111011101101110110011111
11111111111011100001110000011000
11111111111001101100011111011010
11111111101110010100110111110010
11111111110101100010001100000100
11111111111111101111001010011011
00000000000001001101110010101100
11111111111011101011001011010100
11111111111111001111111101110001
00000000010011011000111010100010
00000000010010000000010111000000
00000000000101101100001010100010
00000000000111011100110110001101
11111111101011011011101000110000
00000000000000000110111101110011
11111111111111110111000110001100
11111111111111010011100100001111
11111111110111011110001101011110
11111111111001010111001101100111
00000000000110001101010101110111
00000000000011001011011101000001
11111111111010001101001010101101
11111111111110001001011010100100
11111111111011100111111111101111
00000000000011001000000110001101
00000000001000011000110100011010
00000000000011000101100011001011
00000000000001001000000101110011
11111111111111011000101000111000
00000000000011111101100101010001
00000000000010000110000011111000
00000000000100000110110010000000
00000000000000110011101000100000
00000000001001000110001100111100
00000000000000110010100110101010
11111111111010010110100010010010
11111111111110111001101000011100
11111111110101111101110100101101
00000000001101011001110001111001
00000000000101101111110011100000
00000000000001101110100110000011
00000000001101101001011010100000
11111111111001111110110100010111
00000000001101111011111001100100
00000000001101111111001010011101
11111111111010101101010111011100
00000000000101010100101110011001
00000000000010000011111010101101
00000000000111001010001100101011
00000000000101101101111100000100
00000000000110001110111101101100
11111111111001010100000001001011
11111111111111100101010100110101
00000000000001110011010011010011
00000000000100011111001101000011
00000000000010010111011001101011
11111111110101111011111000101101
11111111110110010110010110011011
11111111110010110111010010011110
11111111111110110010000001101010
00000000000100001100000111000100
00000000000010000101010011100000
00000000001011000011010010100110
11111111111001011011110010011011
00000000000110110111000100111010
11111111111111100000100101100000
00000000000011010101101010001100
11111111111100100000101111001011
11111111111111011110010110110000
00000000001000101110011011011001
11111111111100111001101010011101
11111111111001111011110101000111
11111111110110011000011100011110
11111111111110001001110000111111
00000000000000000110110100101101
00000000000010010010000110100110
11111111111011110000111001100000
11111111111011100010011000000000
11111111110110100010011011000010
00000000000110101100111101001010
00000000001000011010000111100101
11111111111111000111001001110111
00000000000100101001010110001011
11111111111110010100011001110110
00000000001010010111111001000000
11111111111101100100110100111101
11111111110101000111000111111010
11111111111011010001101110101111
00000000001100110001001011010111
00000000001110010101110011011011
11111111111010110110100011100000
11111111110000101001001101100101
11111111111011110111010110100110
00000000001000100111010011011100
00000000000110111110111101010001
11111111111001001000001001010011
11111111101110011110110101010111
11111111110011110000000011011010
00000000001001111100111000110100
00000000000110000111111100110010
11111111111011011000001100011001
11111111111000100111101100000001
11111111111010111111110111011000
11111111110011001011010100101110
11111111110011111100001000110001
11111111111011111001000000111001
11111111111010011000000010000000
11111111111100001000101000001001
11111111110110000111111000011100
11111111110111001001100101100101
11111111110110010011101101000110
11111111111001100010001010110000
11111111111111011011100011010011
00000000000000001110111000001010
00000000001001111111000000111100
00000000001010101110101010101001
00000000000100011100011000001001
00000000000100100111000011111100
00000000000011001001111001001110
00000000000010000101110011111111
00000000000101000010100110011001
00000000000010011110100111001111
00000000000011010100011000111101
11111111111110101000110111111110
00000000000001000001001110110100
11111111111011000111111011001110
11111111111010011100100000000110
11111111110101110011110100001100
00000000000010101100010011111110
00000000000101000100100111011011
00000000000100111110010010001110
11111111111001110110001100100101
11111111110011010101010011000110
