00000000000011100111111111101011
00000000001100010101010000001001
11111111111011111100111110100101
00000000000001010110101010001000
11111111101110011001100101101111
11111111111001100111110101100000
11111111111101011100010111111000
00000000001000101010010111000111
00000000000011111111010110010110
11111111111011110101110111101111
00000000000001100010111111010010
11111111111101011001110111001111
00000000000001100000011011110111
11111111111100110010100000100010
00000000000010110111111010001100
00000000000111100011011011000101
00000000000100110001000110011111
11111111111111100010111011011101
11111111111110001101111110011011
00000000000010111001110100100100
11111111110101001110100011000000
00000000000111110101000100000100
00000000000110100100101101011111
00000000001100000111100101010011
00000000000100010010001100110001
11111111101111010000011011101110
11111111111110010001000001010011
00000000001001110010001100011001
00000000000000010010110000011010
11111111111010001111000001110000
11111111111011101100111110100000
00000000000110100011111100010110
11111111111010101011101001111101
11111111111100110000010101111111
00000000000000001110011101000110
00000000000011001010110011011000
11111111111111100100011101101111
11111111110110110000111001011101
00000000001001000100101111001110
11111111111111110111100001010110
00000000000000001001010011000000
11111111111000001100101011001000
11111111111100110101001001011100
00000000001111000010110010111110
11111111111101111100001101111011
00000000000011110010001100110000
11111111111011100011011011000001
11111111110100001100101100110011
00000000000111011110101000111000
11111111111110010110111101010111
00000000000010000000101000010110
00000000000100111011000101111111
00000000000101001110001000110000
00000000000010010010000101110000
11111111111111111011100011101110
11111111111110011011000111010010
00000000000000000001000100001101
11111111111110011001101101110010
11111111111110010111010100010011
11111111111100010100010011101100
11111111111111110110010101110000
00000000000100010100111011101101
11111111111010000011101011000100
00000000000010111101001111101110
11111111111101001001100101110010
11111111110101001110110110110001
11111111110101001110010001011011
11111111111001011001111110111010
00000000000011001011100011001110
11111111111010111000100010100100
11111111111011101101011000001110
11111111110010110000101100011101
11111111110110101000110101010111
11111111111111011000100001100111
11111111111001010000111011010010
00000000000010000110111011101101
00000000000011110100100110101110
11111111111011111100100100110101
11111111111100000110011000111000
11111111111101010001011010110011
00000000000001110111001001111101
00000000000001001111011100110101
00000000000000110011100110001010
00000000000000100011001010001000
11111111111110101001010111000110
11111111111100111111110111011111
11111111111110100001001010001111
11111111111110011111001011101100
11111111111111011100000001111011
00000000000001100100100001101010
11111111111101011101011111100100
11111111111100001011101101101111
00000000000001101010010010110010
11111111111100010111000010000001
11111111111101110010100010010100
11111111111010011000001000100011
00000000000000100111010111001001
11111111111101101000001011000011
11111111111110111010001001001110
00000000000001111100111111010100
00000000000000001000110011100110
11111111111100010001000100010000
00000000000010111100000011100111
11111111111011110100000000011101
11111111110111101110001100111010
11111111110101101001110100101001
00000000000010000111100100000010
11111111111100001001100111011110
00000000000010000010101000100110
11111111111011010000111100011001
11111111110001000110001100111111
11111111111010000001100100111111
00000000000000010001000111101001
11111111111110010001110000110100
11111111111111100100110101110110
11111111111010101110010111011100
00000000000000110011011000010101
00000000000110010110011001110101
00000000000011100010100011101110
00000000000000001010000111100100
00000000000001101000000100100010
00000000000110010000011110111100
00000000001100001011101000010100
00000000001000111011110101101001
11111111111101111011000111010111
00000000000100111101110101000111
00000000010001100110110010101101
00000000001101001010001011011000
00000000000000011111111101000010
11111111111000011100001100010001
00000000000110010101111000101101
00000000000100100000001000000010
00000000000100001100010000010110
00000000000010100011010010010100
00000000000001001010010000110110
00000000001000100101100101000101
00000000000101011011100000001111
00000000000011010110000101100110
11111111111110011100010111010101
11111111110111101000000001100000
00000000000101101111111011010110
00000000000010000110010110010000
11111111111101100111111110100010
00000000000011010110111001010001
00000000000010111101100001100010
11111111111101000010111010011101
00000000000100010111100010100111
00000000000011110011010110101011
11111111111101111101110010100001
11111111111111001100101010001111
00000000000000000110111100010110
11111111111011110001100010001110
11111111111001010110011111011011
11111111111101111001010111101110
11111111111110111101100101011101
11111111111100110010111000110110
11111111110110110011001110111001
11111111111010000110100100011110
11111111110110100111000001110011
11111111110110001111101111001000
11111111111111101101001001010101
00000000000001000111101000010011
00000000000010101110000001101001
11111111111001111110011111101001
11111111111011011100111111010101
00000000001000000001111001111001
00000000001010101111010001101000
00000000000001101010110101111111
00000000000011110001100111101111
00000000000100100111000101100101
00000000000010001101100010110010
00000000001011111100100101001110
00000000000111000010110100110000
00000000001001000000101011101100
00000000001001100001011011111000
11111111111111001110110001101111
11111111111111110000110011101110
11111111111011000100000111100100
11111111110100100011101010010100
11111111111000011101101100100001
11111111111100101011110101100010
11111111111111100101001001111010
11111111111011000101110110110000
00000000000011110100110110110100
00000000000000111001100111011011
11111111111011001111111010110111
11111111111001010000100011111010
11111111110100101110000100011100
00000000001000011101111001001010
11111111111101001110011100011101
11111111111010011101001111111111
00000000000100000001111111001100
00000000000101011011010001000101
00000000001001010101100101111101
00000000000110011110110101100111
11111111110111011101110011110000
11111111111000011011011000100110
00000000000101010100110110000000
00000000001011101110001011010010
00000000000010100111111001011101
00000000000010111111110001010001
00000000000001000101111111000010
00000000000110011111000110100010
00000000000111110100101111000101
00000000010100000110101110001011
00000000000000111000111010010100
00000000000000111011000000101001
00000000000000111001010001010010
11111111111100000011101111101111
11111111110000111010101111101000
11111111110101001011110101010010
11111111111101000110000001011001
11111111111001111001111011110000
11111111110001100100110001101001
11111111110110110100000011011010
11111111101011101100110011001001
11111111111110101101001110111001
00000000000011011000011011010101
11111111111101101110000101011100
11111111110101101010010100100111
11111111101110010111010110000001
11111111111101001010010100000000
00000000000010011100000000101101
00000000000000000110000101011111
11111111111111000101111101101000
11111111111111010100101101101100
11111111111111001111111111100111
11111111111100000110100111111111
11111111110011011100101101010110
11111111110011011001001110010000
11111111111100101011100001101001
11111111111101010011111110010001
11111111111101100100101011010111
11111111111100001110111101110010
11111111110100000111011010001110
11111111111100001100001010010111
11111111111111101110111010001100
00000000000001000100101010000000
11111111111101000010000100001010
11111111110111011100000001011101
11111111111110000100010101111000
00000000000101100110001100101110
00000000001010001110101100101010
00000000000111000110010100011111
00000000001001010111011101001111
11111111111111110100011111101101
00000000000011011000010000011100
00000000001011100010110001000001
00000000000011111110100000010110
11111111111110111001110001010101
11111111111110111100101110100100
00000000000000111011100011100100
11111111110111010110011010011101
11111111111011011111011000001100
11111111111100000000100010010010
11111111111010100101111110001000
11111111111100100000000011001011
11111111110101010110011001101101
00000000000011100111000101101000
11111111110101011100101101101011
11111111110110101000001001000011
11111111110111111110111001101000
00000000000001001101010001101011
11111111111010110010001000001000
11111111111011011011001001001011
11111111111001011000010000101110
11111111110100101011011001101010
11111111111010101010010001011011
11111111110101000011010110011111
00000000000110110111110100101000
11111111111011111101010001011000
11111111110011111100011001010011
00000000000101111111111110111101
00000000001001011111101010100110
11111111111011011110100011010000
11111111111010001110000000011010
00000000000010001010100110010101
00000000001010100001001001110011
00000000000001000010110100101010
11111111111110100011001101101110
00000000000110110110100000011001
00000000000100011011011010000110
00000000001000110100101010010010
11111111111101011110010110100000
11111111111001100011010010011011
00000000001110100010101010011000
11111111111011110110101000011100
11111111111001011010010000001111
11111111111100111001111001000100
11111111110111000111011111100100
11111111111100111010110110000000
11111111111000010001101001110000
11111111111000101101001011100110
11111111110110001010011101011101
11111111101111101011010010010001
11111111111010001111100111000110
11111111111011100100001010111010
11111111111010011000100000000110
00000000000101010000011011001111
00000000000110000101011000111010
00000000000001100101011010000011
00000000000011110010001101010101
11111111111111000011000101110000
11111111111001111000111001101111
11111111111010101101111000011111
11111111111001110101110111101011
00000000000011010011000011010011
00000000000010111100100111111111
11111111111000110010000011010110
11111111111010001001010101110010
11111111111010001010011110010001
00000000000000011001110110011100
00000000001010010011000001110110
00000000000000110000010110111011
11111111111110011100100111100011
00000000000111010010011111000100
11111111111110000010100101001010
00000000000100110010010010100101
11111111111110010010011001111100
00000000000100100110011100011110
00000000000100101010001001101110
00000000000010010110000001110001
00000000000100110000001111010101
00000000000110011011011011100011
00000000000011100011100011001011
11111111111111110101110011100110
00000000000101001001001101010100
00000000000000110110110010000100
11111111111001001000001111101011
11111111110110111001101100100010
00000000000100110010001110100100
00000000000100001010000111000010
11111111111101011111101010111101
11111111110101001100000010111000
11111111110110110111011111000011
11111111111111110101001000100000
11111111111001100001100000110110
11111111110101100001000001000001
11111111110111000110101011111111
11111111111000010010101100001101
11111111110110100011110010111111
11111111111001101000100101001100
11111111111000001110100010010010
11111111110011101100001100101110
11111111111011000010110110010110
00000000000011011101000001001011
00000000001100100110000111100010
00000000001100001110000010001000
00000000000111000001000010011111
00000000001111001111000000100100
11111111110100010001110010111000
00000000001011110110011011001101
00000000001010001100110101010110
00000000000001000010100010101110
11111111110101000101111111001001
11111111110011100101010001100011
11111111111111011101110000010100
11111111111110000101010100111100
00000000000000101001011111100110
11111111110111111101101100001101
11111111111010010110110101011001
11111111110111111011011011000000
11111111111010100000110101110101
11111111111100011001100010110001
11111111110110111101101000110111
11111111100110101001111111111110
11111111100101010110100000100101
11111111110001100100000010111000
11111111111101111010001100001110
11111111111001100100001110101100
11111111111011110000110000011111
11111111101111101010111000010000
11111111110001100100111111100010
11111111111101111011011011010111
11111111111110100110001100100110
00000000001001010000011110100000
00000000000001000101101010000111
11111111111010100110101101110101
11111111111001111010101101001010
11111111111000111000000100100000
11111111110111000101000010101101
00000000000100010100001010111001
11111111111101001010000011011001
11111111111101111011101101110100
00000000000000001001110001100001
11111111110011101100101101000000
11111111111111011100111100000100
00000000000011000000011111110100
00000000000100010001111001100011
11111111111111110000100110111010
00000000000000010000100110101111
11111111111001011101110001100101
11111111111011010000101000101110
00000000000010111010111111100100
00000000000101010010100010111111
00000000001100011000010100101001
00000000000111011100100000001011
00000000000011001011001110011100
00000000000101101011011101100010
00000000000111100010100110111010
