11111111111010110010001101110111
11111111111100010101010001000000
11111111110001111001111011011110
11111111111110010000000100010010
00000000000100001010011000010111
11111111110010010010011110100100
11111111111000101101111011000110
11111111111010101111011011101111
11111111111000001000110111101111
11111111111110001010001100001010
00000000000001001011100111000001
11111111110010100111101001001011
11111111110100100110111000010111
11111111111111001101111100101011
00000000001010001001111101111111
00000000000001000010011001110110
11111111111101010010011100011011
00000000000001101011001101000100
00000000000101110100111111000011
11111111110101000100101010000111
00000000000010101000001011110111
00000000001000000011101101100100
11111111111110011001111101101010
11111111111101001100111110010111
11111111111010111110101001111100
00000000001000100101000000110001
00000000011001111000101110100011
00000000011010010011011011110000
00000000001000000010100001011000
11111111110101000011100111111010
11111111111011001001001011101000
11111111111100011111011111101001
00000000000111111111101101000000
00000000001011100011101000010111
00000000000010011010110010101101
00000000000100111011000100101011
11111111111100011110111100111101
00000000000011111100101011001010
00000000000010101010010000100011
00000000000100110010101111110001
11111111111010010111000100001000
11111111111010010001110010011001
00000000000100010100111110000001
11111111111001111001111110000001
11111111111100000001001000100100
11111111111000010110011000000100
00000000010011100100001000001000
00000000001000011001101111111010
11111111111000111010100001010101
11111111111101101101000010011110
11111111110111001110100100111110
11111111111010010110010101111111
00000000001100001111100010101110
00000000010000101001101011110101
00000000000010001010101011110111
11111111111101010110110011100110
11111111111011011110110010001101
00000000000011100111111000001010
00000000000111001010001100101010
00000000000001110111110011111111
11111111111101011011000101101101
11111111111111110010110010001001
00000000000010100010000110000011
00000000001000011100111111100111
11111111111101110010001110111011
11111111110011011101011001100100
00000000000000011010110101110111
00000000000100110000010000010110
00000000001001011011111110001011
00000000000001001100011101100011
11111111110101111000110011001101
00000000000000000100011011010010
11111111111101110010100100111110
00000000000010100000010001001110
00000000000000100011010100100100
11111111111101100111011110000011
11111111111011000101011010100001
11111111111000001010000101010011
11111111111100110010100010100010
00000000001101000111011111110000
11111111111010011010011111000101
00000000000001011010100101100000
11111111111101011001110111101110
11111111110100101100001000011101
11111111111110000000010110001001
00000000000000011001100011011101
00000000000010011110111111111101
00000000000000100110001111110111
11111111111111010001100111100110
00000000000000001010101010011111
00000000000011011010101011000000
11111111111110111111100101110111
00000000000000000110111010111000
00000000000101111110000001111100
11111111111110111100010011101101
00000000000010111111101010111010
00000000000101011101100101011101
00000000000100111010100100011010
00000000000101110011000111111000
11111111111111000111010011011110
00000000000000100011101110000010
00000000000000100110010111010000
00000000000110111001011110011001
11111111110111101011110110100000
11111111111000101010111100101110
00000000000001000010001100101001
00000000001011100111011111000111
00000000000111101010011000000101
11111111111001000111000001100000
11111111111000110111001101111101
00000000000001110101100111000100
00000000000100110010110001110011
11111111111110000101111100000011
00000000000001110110000011110110
11111111111011001100101100100101
11111111111101101001000000111111
11111111111001100101101010100011
11111111110110101000011111001000
11111111111011011101010001110001
00000000000100100100000000001011
00000000010001100010001000101011
11111111111000110011001000001000
00000000000000001000000011000001
11111111111111010110010101110000
11111111111001110100110011100110
11111111011111000111001011111111
11111111100100110011011000100100
11111111100101111001011010010110
00000000000001010111101010011101
00000000010100110000010111101110
11111111111001010110001101111111
11111111111011011101000110101101
11111111110001001010111000101110
11111111111010101101001010101000
00000000001111100011011011010000
11111111110111110000111011001001
00000000000000011101101001110000
00000000000101001110110101111010
00000000000000101011101110101111
00000000000011010011110010011100
11111111111010000110111101110011
11111111111110001110100001101100
00000000000000110001001010011010
11111111111111010100111001101100
11111111110111100111001111010001
00000000000001000011001111010010
00000000000001101100010100001111
11111111111111110111001111100110
11111111111101100011111101100011
11111111110111110011111101010101
11111111101010011000001001101110
11111111100111001101010111100010
11111111101111010010000010110011
00000000000100011101000100101001
00000000010101101101110011111011
11111111110110001000001100000111
11111111111001101100011011001000
11111111111001001011011001001011
00000000000001100010001101110101
00000000001111100011101100010010
11111111111001100000110001111100
11111111110010000101000111010001
11111111110010001111001000101110
11111111110110010111111111011010
11111111111101011101100110000010
00000000000111001011001000000011
00000000000010001110000010111010
11111111111011110011101110001010
11111111110101010001010111011110
11111111110001000000100111101011
00000000000111101010000101101000
11111111111111010101111010101010
11111111111110001111010100001101
11111111111001010100000101011111
11111111110110011111101111001001
11111111111110001000000111100000
11111111111111011010010011010111
00000000000101000010011100101011
00000000010100000111100000100111
00000000010100111000101001010000
11111111111010110101110101110110
00000000001010101111111111100010
11111111111101110000111011100100
11111111111000011101011000011010
00000000010100010000111111010011
11111111111000010000111100111001
00000000000110000011110110011110
11111111111000000001000000011010
00000000001011000011110110000101
00000000001010000011010110111000
11111111111010100011001100011000
00000000000101011100110010110101
11111111111101110001110100011110
11111111110110100101101100100000
11111111111111010010001011000001
11111111111110011000101000101011
11111111111100001101110111110001
00000000001001110010011000010100
00000000000100011000001000100110
11111111110100010111100100101110
00000000000111010001001011010111
00000000001110001110110101111110
00000000000100010110000001110010
00000000010011111111111111000001
11111111111011000101001111001110
00000000000110011111111110010111
00000000001001001110011001011011
00000000000110111011000010110110
00000000000101010100100111111011
11111111101011100101101110111101
11111111111011111010111010011101
00000000001100011000010001001010
00000000000100011000000101100010
00000000001010111111101001110011
11111111111111111110011011101001
11111111110111111011001110001100
00000000001000110110010111011010
00000000000011001001101011111110
11111111111100011110000011111010
00000000000010010000101000110000
11111111111011110000011010110001
00000000001000000011100100011010
00000000001100000110111010010101
11111111101101001111110110010010
00000000001111001010110110011110
00000000000001111111000110100010
11111111110011000101111101000111
11111111110010011000111011000001
11111111111011011000011100101011
00000000001011101011011011101000
11111111111001000111001001110100
11111111111011110001011101101110
11111111111100000101010110001001
11111111111110110101100000111100
00000000001010110011111010100110
00000000000010100010010011111011
11111111111100000100110000110011
11111111101110101110010001111101
11111111101111001100110001001100
11111111111010110111001011010000
00000000000111010101101100100011
00000000001001101001010100100110
00000000000001001011011101110010
11111111111100001111011000011101
11111111111011001010000111110000
11111111111100000010010111110000
00000000000110010100111010100010
11111111111010100000001110111010
11111111101001011100110110001010
11111111111001101101001011001110
00000000000001001001110110011100
11111111111001010101010001111001
00000000000010000011110000110000
00000000000111001110101100111100
00000000010000010110011001000010
11111111111000101101100110000101
11111111111111011100011101110101
00000000000101111110010011110010
00000000001110001011000110110110
00000000001110010010110001010110
11111111111000000110100110100110
11111111111110111100110111110001
00000000000010001011101001110110
11111111111110000001101011110010
11111111111101100011011110100100
11111111110001101010111011011001
00000000000100010100010110111100
00000000000100001010110011110111
11111111111010101011110110110010
00000000000000011111001011111111
11111111111011100011101100011000
00000000000110001101010101011110
11111111111001111100111111001000
11111111110111011100100101001101
11111111110101001011111001011100
11111111110000001011101101110101
11111111110010100101111100101000
00000000000101111011110100100110
00000000000111000001111001010101
00000000001010101001011011010111
11111111110011011111100011011111
11111111101011101110010010110101
11111111110010011010100111110111
11111111111011111010101001100001
11111111111111110000101111100011
00000000000000000001100100110011
00000000000110001110100011101101
00000000000100011111101000011001
00000000000011101111110011100110
11111111110101110011011101000010
00000000000000110110111000110010
00000000000110000101111001110001
00000000000110000011001100000001
11111111111011111101110111010011
11111111111001111100000011110001
00000000000110000001001100111100
11111111111111111000001010110100
00000000000110000001100100110011
00000000000100100110011000011110
11111111111110000000101011110100
11111111111000001110001001011000
11111111111111000000101111101001
00000000000011101111001101010110
11111111110111111000101011110100
11111111111010011011100010100000
00000000000101011100000000101111
00000000000100001001001010101100
00000000000111001001100111101110
11111111111011110010010011011000
00000000000000001110000001110111
00000000001001100110101000111111
11111111110011101001000110001111
00000000000001100000111101001100
11111111111110100100111010111001
00000000000000110101000111010000
00000000001011000011101011101011
11111111111010111110111010100110
00000000000001010110100010110010
11111111111110110001011000001010
00000000000000010011110000000000
00000000000001001101100010101100
00000000000001100001001100101100
11111111111110011011011111111011
00000000001100100111110011000111
11111111111100101100111001010010
11111111011111111001100101110100
11111111110000010101011000001101
11111111101100111010110011110101
11111111111100111000110110101101
00000000000111110101100111101111
11111111101111010000001011111100
11111111110010101101111001011011
11111111111001011000110101001100
00000000000100100100101011101111
00000000001011010000001000001011
11111111111010111001110000100100
11111111111111010011110100001110
00000000000001010001101011001111
11111111111011101010011011000111
11111111101111000111111100111001
11111111110101011010111100011110
11111111111001110111111111000000
11111111110111011100101011000011
00000000000001111101110010111101
11111111111011110100110111100011
11111111111100001101011110000011
00000000000110110000011111010110
11111111111001101000001001010110
11111111111111010001000110001011
11111111110000000110101101010011
00000000001111011111010011010010
00000000001001110101111000010001
00000000010111101010010000110001
00000000000101110001110001000010
11111111111111001001000010101011
00000000001011010001001001111101
11111111111111110101001101111010
00000000001001010101001000001011
00000000000100111001101001011000
00000000000001100111100110000100
11111111111110101101111111001111
00000000001001010011011101101010
00000000000111011011110100010101
00000000000100101000110110111010
00000000000010010010111011001110
11111111101101011110111010000101
00000000000011111101001111111101
00000000000011011001111111101110
00000000000001011101000000010100
11111111111110111100001010101001
11111111111010101011010101010000
00000000001001000011110111011001
00000000000111001001001101110011
11111111111111111110101010010100
11111111111100110000100111000110
11111111110111111010111100000000
11111111110100011001011110010101
11111111110110001001000011001000
11111111110110010111001110000000
00000000000011011000100101110011
11111111111001101100100000001100
11111111111000000110011111100011
11111111111101101010100000111010
11111111111110000010111111111011
00000000001001010100101111101011
11111111111001101010010111100110
00000000000001001101100101110011
00000000000100100001110001101101
00000000000000111100100111001111
11111111111101110000010101101111
00000000000101111011101101110010
00000000000001010101010111001110
11111111111000101000101000111010
11111111111101110111011010100010
11111111111010100010100010100110
00000000001010011001010000000110
00000000000011001100101010010000
00000000001001010010101100110101
00000000000111111011011100111111
00000000000000011101110001010101
