11111111110110101001101111010110
00000000000011011001001001100001
11111111111011011110110011010100
11111111101111010110000111100000
11111111101101010100110000011111
11111111110110111011111011011000
11111111111000111111111101101110
11111111110111001100100110001000
11111111111000000111110101001101
11111111110111011011001010111111
00000000000001011110101111100011
00000000001010100101110001111001
00000000000011000010001010011111
11111111110001101111011010001100
11111111111101111011100111010011
00000000000000110101100111101001
00000000000100010001111001011100
11111111110110111011111100010010
11111111111001011011111011111101
11111111110110101001011001101010
00000000000111101000001101100000
11111111111111110011100101011101
00000000000011100001010000011110
00000000000101001100101010001010
00000000001010110001011100111011
00000000000000101010011101100010
11111111111101000111011101011000
00000000000110101011011000010011
11111111111110001101110100111101
11111111111011100000111111110111
00000000001000100000001000011101
11111111111101101100111101011010
11111111111111101000111101100101
00000000000101110001000110000110
00000000000101000101100111101010
00000000001000110000011000100000
00000000000110011100101100111001
00000000000011001011100101111001
00000000000110011010100100101111
00000000000100001101100010011001
11111111111111100011000001000001
00000000000011011000000001010011
00000000000010110111100111001001
11111111111101101100010011110101
00000000000011011100100010111000
11111111110000101110000011111110
00000000000011010110100101000001
00000000000000001010011010100101
11111111111110001000111011000010
00000000000011011111010011010000
11111111110111001010011010001100
11111111110110011100010001110001
00000000000000010110111010111010
11111111111101010010111000100111
11111111111010110110101101000011
11111111111001011001110111010010
00000000000001101101001111010100
11111111111100010110101011100011
00000000000011110011100000000010
11111111111010110010010010110100
00000000001010010110000011011001
00000000000001001000001001000101
00000000000000110010100111011101
00000000000011111101011100011000
11111111111110101001111001101000
00000000000111100101111001000111
00000000000100111001111110101110
00000000000110101100011000001101
00000000000000110110001110101111
00000000000001001110110101011111
11111111111101110101101001101011
00000000000010100110110111000100
11111111111100100001100111000001
11111111111110011010101000001010
11111111111110100110100110011100
11111111110111100111011111100110
00000000000000000111000000001100
11111111111011111001101111110001
11111111110100100010010100101101
11111111101101001000001101101001
11111111111010100010100111001110
00000000000011011011011101110000
00000000000101011000011010001010
11111111111111010101010110001000
11111111111100110110110100101100
11111111111111110111000100111001
11111111111111001000111000101101
00000000000010000111100110001011
11111111111001011111010100001001
11111111111000111110101101101110
11111111111101000110001010100011
00000000000011001001001100010111
00000000000010001001101001110110
11111111111101111101010011100101
11111111111101001011001100011001
00000000000000100011011100110111
00000000000000010011110111100011
00000000000010101001001001110000
11111111111101110011110010000001
11111111111100010101101000110111
11111111111111001100101110101000
00000000000110010111111100001000
00000000000100000010101000011000
00000000000000011011001011100101
11111111110111010000011011101011
00000000000010010000010001000001
00000000001011111110110001000101
00000000000110101000001001111000
00000000000110100000101010000101
11111111101110000001000011011111
00000000000000100100101100001111
11111111111011000111010001110010
00000000000001010000110010000110
00000000001010001100011000000000
11111111111010000111010000010111
00000000000010010011101011000011
00000000000011010111010111011101
00000000000010011001000110110111
00000000001000001001011110000011
11111111111110111011011111001011
00000000000100110100100011011101
11111111110110011100101001000100
00000000000100001110101101001101
00000000000111001011011010000101
00000000000010111101101110100101
11111111111010110111010010011011
11111111111101000011010110110001
11111111111110100000100101011000
00000000000010100111001011010111
11111111111001010010100001101001
00000000000100000001011001111010
00000000000010101110100001100111
11111111111100011110100001100001
11111111110100000111110111100001
11111111101110111100010001010101
11111111111101100001001001011010
00000000000000101011001100001001
11111111111100000011010001000111
11111111101111101111010011001110
11111111111000011111110100100001
00000000000100101010101111100001
00000000000111101001110001000100
00000000000110001000110000011001
11111111110111110001000110111001
11111111111010010111101110010010
00000000000111001001011111001010
00000000001010101010011100011010
00000000000100011111001010001010
00000000000000101101101110100111
00000000000011101100101111011000
00000000000010001110001000110101
00000000000111001111111111011110
11111111111001111101110000001000
11111111101101100011100011001100
11111111101110011110010001110011
11111111101111100111010000000101
11111111111111010010100000101101
11111111111110001000011000011100
11111111110100110111111111011000
11111111100100101011011011000110
00000000000000001000010010000101
00000000000010010000101111110011
11111111110101000101111110100110
11111111100100111101101111100110
11111111101010010010000110111000
11111111111100001011100110111110
00000000000100001110011111101111
11111111111101100110000001011100
00000000000010100001001011001101
00000000001110000001100100110111
00000000000111100000100100011100
00000000000001101011000011010001
00000000001000000110111001101100
00000000000011101000000000000001
00000000010111010100101000000111
00000000001011010000011101101001
00000000001101011101100111010100
11111111111100011010111111000011
00000000000001010011111100000110
00000000000100010000101110011110
11111111111010000100010001111011
11111111111111101001100010010101
11111111111011101111111000111001
00000000000100110011101110000000
11111111110100011101110100011001
11111111111110111101001010010010
00000000000100001111111101000010
00000000000010110100000001001110
00000000000111010010001100100111
11111111110011100011001001010110
00000000000000011001100010000110
00000000000011101000101010101111
00000000000110111110010100000011
11111111110011010100111001000111
00000000000101111111000001101101
11111111111100100111111010100001
00000000001000001011100001101000
00000000001110010111110011110011
00000000001111010001100001100001
00000000000000111010011111000110
00000000000001000011011001110111
00000000000001101100110001000111
11111111111110101100101011101011
00000000000100111000111011100000
00000000000011110000010111000000
00000000000001011111010001100010
00000000000101010110000111111001
11111111111000010101101101010100
00000000001000101101000010000011
00000000000110100011011101101010
00000000000101000110010110110001
00000000000001101100110111111011
11111111111011001010100000101011
00000000001011001011100011101111
00000000011011011010111001000101
11111111111011011011000001110100
00000000000010110100100011110011
00000000000010100111001111101100
00000000000101101001111111010101
11111111111000111000010101110011
11111111111011011000101000101101
11111111111100101101111000001001
00000000000100100111010000000100
11111111111110101101111011100100
11111111110110100111010001101110
11111111111000011100010100000000
00000000000110100110010010011111
00000000000101101010001000101000
00000000000001011001001011111100
11111111101101000111111100001110
00000000000011100000000011010111
11111111111111001001101000011100
00000000000101111001001010000100
11111111110111000001111101001111
11111111111001010101101100100001
00000000000010101010111010010011
00000000000011111010101011001101
11111111111110001110100010111101
11111111110001110110011100101000
11111111100111010000011001100101
11111111110111101110011110010001
00000000000011101100010110010000
00000000000010000000000010101001
11111111111010000010010000001001
11111111111100001010000101101011
00000000000110001001101101000001
00000000000100101001111110111101
00000000000001110010010111011000
00000000000111000001111000110101
00000000010000101001000110000100
11111111110111111010100011001111
00000000000010011111011100011011
11111111111111000010111100110001
11111111111100001001101100110101
11111111111100011011101011100101
00000000000010101101110111001111
00000000000010001010101111101010
00000000000010001111110100111101
11111111111011110011101111010110
11111111110101101010110101010111
00000000000111111000101000010111
00000000000100011101111111100000
11111111111110101011101010011001
00000000001000100001101010110101
00000000000111010011001011110100
00000000000001011011111011101111
00000000001011000100000001011101
11111111111101001111111011111011
11111111111011101001111111101001
00000000010011010001010111000011
11111111111110111101011110011001
00000000001000000101010111011010
11111111111100110101111110111111
11111111111011001100100010011011
00000000010100001100110011111100
11111111101111000110101001101110
11111111111001001001011111000110
00000000001000111011001100111100
11111111110101110111100000010100
11111111110110111001010011010001
11111111111010000000011100011101
11111111111010110010100000011111
11111111111100100011110010101000
11111111110101100011101111000010
11111111111000111010101111000001
00000000000011000110011000010010
00000000000001001010100001010011
00000000001101000010000000011011
00000000010010001101000101000001
11111111111010110110100010101011
11111111111111111001010111010001
00000000001101111100101010011111
00000000000100110011000010001011
00000000000100010110110000110010
11111111101011001111001110011111
00000000001100111000000101000000
00000000001010111000110100101001
11111111111111001101001110101001
11111111111001000100110100000110
11111111110111010100110110111110
11111111111001011001010001000111
11111111111111110000001010000000
00000000000001001010011111000010
11111111111000010101111110111110
11111111111100100101111111100111
00000000000010100011001011111011
00000000000110010100000000001011
00000000000110111100101000010001
11111111111110101011000011100011
11111111111000010001110110001100
00000000000011010000111111110000
11111111110011110101111000100110
00000000000000111100111100111010
11111111111100001110000101011001
11111111110110111010101111100101
00000000000100101111011111100000
00000000000010100010001111110010
00000000000011001110101111100000
00000000001000001111001000110011
11111111111101010011111110000111
11111111111111110100000010000011
11111111111100000011100100111011
00000000001010111100010001001001
00000000011001001110100011101110
00000000010010001001110010000111
11111111111100011101110001011110
00000000000010010111001100100110
00000000000001110011001010101011
11111111111100001010000010101111
11111111111000100100110000001100
00000000000011011001101011001010
11111111111101001001100011111110
11111111111101001110101111000100
11111111110110110110001001100110
11111111110111111000100000010011
11111111110110000101000111101101
00000000000011000101011000111000
00000000000100101010011011101100
11111111111101000001110101011001
11111111110011001100111010011100
11111111111011001101000100111001
00000000000110101011010111011000
11111111111111010000001100111011
11111111110110101011000000010100
11111111111111010101101010110001
00000000001001101101011000011001
00000000001000110110010001000010
00000000000110001010111110010111
00000000000010100001001100000110
00000000000101100111000010101101
11111111111110011101000010011100
11111111110101110010000101101011
00000000001000110001001110110010
00000000000001010111001110011111
11111111111101011110011000010000
00000000000100111101011010010000
11111111111100010100111001111101
11111111111111000101101000000001
00000000001000010000110111010011
00000000000010110100111001101000
00000000000001100010011001000110
11111111110100101110011110010010
00000000000101110101101111011111
00000000000011110100000100110000
00000000000010101001010010010011
00000000000011000000100010011100
00000000000111011000110111111001
00000000000110110100100111010000
00000000000110011101010011010111
11111111110100110010100011100001
00000000001000101011000000101011
00000000001011101011000010011100
11111111111010111000000111111000
11111111110010111111100110110101
11111111111110100110111110010001
11111111111111110101011101100100
00000000000100001111101001111011
11111111111010111101001000010100
11111111110110110110101101001110
11111111111100011011101010010110
11111111110100101001001011101111
00000000000011010100011011011000
11111111111111001101001000100001
11111111110110110100111100110111
11111111101110010000111000100000
11111111111011111000010111001011
11111111111110101111110010110001
11111111111101110101001110110100
11111111110110111100010001001110
11111111101111101011010101110101
00000000000010100011011000100010
11111111110011010000010111011110
11111111110001111100100000001100
11111111111010111001000010100010
11111111111111000101000011000100
00000000001010100010110101011010
11111111111001001000110000111110
00000000000000111100101011110011
00000000001110011001111011111011
00000000010001100110010011100100
