00000000000110110101110111010111
11111111111111010111111110010001
00000000001111000001110010101000
00000000000001111000001010011011
00000000000111110110100011100000
11111111111111101011111001010100
00000000000111000011010011000100
00000000000110110101111111000111
11111111111010100101001100011001
00000000000001011000101010010101
11111111111000010010010010001111
00000000000000010010010000101011
11111111111011001101111100000011
11111111111100100011101000101100
11111111111111011110100111010000
11111111110101100110011110001101
11111111111000001011010000100100
11111111110101000100011010110011
11111111110101111010110110000111
11111111111111110001100000000111
11111111110000010001010111111001
11111111101100101001000010000010
11111111111110000111101101110111
11111111111110110111110100010110
00000000000011000100100000111101
11111111111001111010111001101101
00000000000111010111110011000001
00000000000110101011101101101110
00000000001011110010010111101001
11111111111011011110000010111101
00000000001110010011010000101101
00000000000100100101010010000011
00000000001100101001111000100110
00000000000110100111100011001101
11111111111111110010100001110110
11111111110111011001001000001000
00000000001000010000011100110000
00000000010001010111110011110011
11111111111100100011001011110110
00000000000001100011111110010001
11111111111110110111001000001001
00000000000111000100011011011011
00000000000011000000101010011111
11111111110110110010111011001010
00000000000010011000111010001001
00000000000111000011000110001001
11111111111111100000010100101011
00000000000000100010010011001000
00000000000001000011100010100010
00000000001010110100001010111010
00000000000101010010011000110010
00000000000010111110111010110110
11111111111011010100111111111100
00000000000100010000101100101101
11111111111111011001111111010011
00000000000000111000110111011101
00000000000100110000111100011110
11111111110111010000000100010100
11111111111110010110000110001001
11111111111011111000010100100011
11111111111000101000010001110011
11111111111110001000111000011111
11111111111001011011010011101001
11111111111100000011011101001000
11111111111111100001100000010001
11111111110110010001010101001001
11111111111110111011010101101001
00000000000110011111000000000000
11111111111111001110111111111100
00000000000010111111100011011111
00000000001000001010001011100101
00000000000110110011001101111000
00000000001101011000100100001001
00000000000100100011111110110011
00000000000001111010110110010110
00000000000100100000100101010000
00000000000000110010111010110111
00000000000011101001100111001001
11111111111111011101001001011011
00000000000100110101110000000101
11111111111110110110001111111110
00000000000000111000111010110001
11111111111010010110101000001110
11111111111000011101100101110001
00000000000010000100101000001100
11111111111110001100101001101001
11111111111011110001000010000010
11111111111110100000000000001110
11111111110111011011101011010011
11111111111110101000111000101000
11111111111001000100111000000001
11111111110110111001011010010110
11111111111100010011101001111100
11111111111101000001011110100001
00000000000011110111101001110101
11111111111101010111100100000111
00000000000100000101010100011000
00000000000110010110001111101100
00000000000101111101000001001100
11111111111110000011110001011100
11111111111111111110100010100101
00000000000100110101000010110100
00000000000110101010000101100000
00000000000011100011101101100000
11111111111110100101110101000101
00000000000011111001010011011100
00000000000100101110011110010101
00000000000001111100101001011001
00000000001000100101001111010101
11111111111010111001010010001100
00000000000101000111001000010001
00000000000110110000000010111000
11111111111111011110001111010111
00000000000101111010101010010001
11111111110111101101111011101000
11111111111110101010000010111000
11111111111011101001101001001100
00000000000010111101010100001100
11111111111011001010001101110011
00000000000001011111101110111100
11111111110011010001101101000001
11111111111011010110010110000000
00000000000011000100111111110010
11111111111001110010100001000110
00000000000100001001111111011001
00000000001001111111110110011111
00000000000111001111101110110111
00000000000000101010100101111111
00000000000000001001001011000100
00000000000101000011111100100101
11111111111010000101010010001011
00000000000010101100001101100111
11111111111010101011011011011011
11111111111011100011110111000010
11111111111001000111101001010111
00000000000010100110010111011010
11111111111101001011110011100010
11111111110000001001001010110000
00000000000000011101110111010011
00000000000001101110000011110000
11111111111111000101010011001000
11111111110111011010001111101000
11111111110110110100101000110010
11111111111010011100111000110110
11111111111101100010010001010010
11111111110010101110001111001010
11111111101011111001101000011110
11111111110110101110100111001000
11111111111011111001101001110011
11111111111110100001110001000000
00000000000100010100011101111010
00000000000111010111111010110111
00000000000001001100010001100011
00000000000000000011110111110011
11111111111100000110110101001110
00000000000011010111100011010011
00000000000110000010100011111110
11111111110101101000100000101010
11111111111000110110110110100010
00000000000011000011001100101000
11111111111010011010010010110001
11111111111010100110000000000000
11111111111110011111001001000111
11111111111001111011011011111000
11111111111111100111111010000111
11111111110110100101000000101101
11111111110101111101100001001011
11111111110100110010011110010111
11111111111111101010110111011001
00000000001000000011100100010100
11111111110010110100010010110111
11111111111011111100011111011110
11111111111011010011100011111010
00000000000000111001110111001110
00000000000000101100001110000011
11111111111110010001111111000010
00000000010000110011110100100101
00000000000110110010000011111111
11111111110111011111100001110101
11111111101111110111100100101111
11111111111100001000101010001100
00000000001010110011111010000111
00000000000110100011011001001011
11111111111110111001101111001000
00000000000001000101101100111101
00000000000010011001000011111000
11111111110100110000000111111011
11111111110001111110000111001110
11111111111101010101101011100100
11111111111010000000001111110011
00000000000010100001001100010001
11111111111000010100100001111111
11111111110100011100001110111101
11111111111000001111011100011011
00000000000000111101000011001110
11111111111011100001010111010001
11111111111001000111100000001100
11111111110111000110000010000001
11111111111011111110101000010011
11111111111110001100010001111000
11111111111111010111110111110100
00000000000010011101011101001011
00000000000011110101010100111101
11111111111100110000010010010100
11111111110000010100010101101101
11111111111110001110001110000110
00000000000110110110010011110011
00000000001111010101100110110110
00000000000110111101100101000110
00000000000110011110111011001001
00000000000011000110111100010111
11111111111111001001100010001101
00000000000101000010000001010010
11111111111101111001000100100000
11111111110101011111100011010100
00000000001001011010101101110001
00000000001100101011011100101000
11111111111111000001011100100110
11111111111110011100011101111011
11111111110100111110111011000101
00000000001010010101101111110110
00000000001110110100010111110100
11111111111101100001000100111011
11111111111100110100000011001000
00000000000001101011011011000111
11111111111011001001111010010001
11111111111100000100100001011100
00000000000011110001111111101010
00000000001010100100011101001000
11111111111100110010100000000100
11111111110011101110000110001001
11111111111110111100100010101010
00000000000101100011110001110000
11111111111000101010011111101001
00000000000011000011110010100001
11111111111110000111110001100101
11111111111110111000010110100111
11111111111111111001100100111000
11111111110110110110010101000010
00000000000010010011010110001010
11111111111001111010101010111111
11111111110101111001001010010101
11111111110101110101011110100000
11111111110010001111000100000100
11111111111111111011000000101000
00000000000100110011100100010101
11111111110001010001010001010101
11111111111010110001011011110101
00000000000100010011111011001111
11111111110110101111000011100011
00000000000100110001011010100000
00000000000011101000010100000001
00000000000111111001011010010111
00000000000011001011011111110010
00000000000001100111110001111110
11111111111100011001111010001011
00000000000110010000011010100100
00000000010011111000010101110001
00000000000100001010010101000010
00000000000010100010001001011010
11111111111000011011111011101110
11111111111111100011110000100101
00000000000110111101101011111100
00000000000100001100000100110011
00000000000100010000000011001111
00000000000011100001111011101110
00000000000010010100111100110001
11111111111101101001110110001111
00000000000010011111011001100010
00000000000000000101101100011001
00000000001001011110111010001011
00000000000100110110111110010101
11111111111110011110100101001101
00000000001000100100000010100001
00000000000011000100101011100000
00000000010111110001010101110101
00000000000110110001001110000011
11111111111110010010001100011111
00000000000010001111001010111000
11111111111100110111101000101110
00000000001011101111100111110101
00000000000011010010010000110011
11111111111100110101100100111111
11111111111011100110000010101000
11111111111110100011110111000100
00000000000010010100100001111000
00000000000000001000010001111110
11111111110010100000100111011100
11111111111000101001110001001101
11111111111111001010101100000000
00000000000100000111001101001000
00000000000100000111101011100000
11111111110100101100001100011000
11111111111111101011101000111000
11111111111101010011010000000110
11111111110111111011100110101100
00000000000000100110011100001011
11111111111111001100101001100010
11111111111001011011101100100011
11111111111001001110011000101111
00000000000000001000010110010000
11111111111001001111011110110110
00000000001111110110101001101010
11111111111011110010010110110010
11111111111111011100001011001111
11111111101111011101011010101101
11111111110001110011001111111100
00000000000000100111001000110000
00000000000110110001001011100100
11111111111100000101001010011001
11111111110011100100110111000110
11111111110000100101101100001010
11111111111010001001100011110111
00000000000110100010110001100011
11111111111011011000100100010101
11111111110010111000111010110110
11111111110110000111101010001000
11111111110101111101101100111000
11111111111111111000010010000011
11111111111011011010001101001010
11111111111001010111110110101100
00000000001001101000010010100101
00000000001000000111000111100111
11111111111000100010101000110111
00000000000010000110000101110001
00000000000011010110011111011100
00000000000000100011010000010001
00000000000011101000100000110101
00000000000101010110101011110010
00000000000000101001110011100101
00000000000010000011001100011011
00000000001011011011100010011110
00000000000010010111110110100110
11111111110011001100111110111110
00000000000010110001111110101111
11111111111111011001110000101111
00000000000010111011101000011100
11111111111010101011110000001010
11111111111001010110100001010110
11111111111110101011110111000011
11111111111111000011110010110101
11111111111000000110110110000110
11111111111011011011100000000100
11111111110110101111111000001101
11111111111111101111110101101100
11111111110010001111110101100000
11111111111001101011000101110011
00000000000010110011000101101110
00000000000010101101011000011010
11111111111110001101111010100110
00000000000010011010011111000111
11111111110111011100100111101011
11111111111111010100001010000001
00000000001001101111100110001000
11111111111100100000111011101110
11111111111101001110001000011111
00000000000101110001110011101101
00000000000100101000010000001110
00000000000111010110000010000100
11111111111100101011100111010101
11111111111010010011000111110101
11111111111110001110100111100101
00000000001010000000100100100110
00000000000011110000100000000101
00000000000010111010001111011110
11111111111101000110001010010011
00000000000101001110010100110001
00000000000101001101001001110101
11111111111101111110001110101010
00000000000101000011011010010100
00000000001000000010000000101010
00000000000110111001111101000111
00000000000110111011001011001111
11111111111111100001010010101111
11111111111110001110000010110110
00000000000001001111100101000111
00000000000101100011110001011110
00000000000011011100111010010010
11111111111111110001011101100111
00000000000000101010111001110001
00000000000011010110010100110011
00000000000011010110001111100111
00000000001001111100001110010001
00000000000100001111001011101110
00000000000001010011100110100110
11111111110101110000000111000010
11111111110111110101011000111010
11111111110111010011111101001110
11111111111101010101100100101111
00000000000011010011111101110001
11111111110110010000011010010011
11111111110111101010011111111011
11111111111100000000010101010010
00000000000010110110001000100101
00000000000100001100000111111101
11111111101111001011011011110101
11111111110111110000000100101001
11111111111000010010101101010001
11111111110111000111101111101101
00000000000011010001000110101001
