00000000000011010011101000000011
00000000001110001010010011001000
11111111111111100011010000100111
00000000000011001110100100111000
11111111101011011001110101010001
11111111110011101111110111000011
00000000000001010000100001011100
00000000000111000010011011010001
00000000000101111100010011011001
11111111111110000010110111110010
11111111111010010101111000101010
11111111111100001011000000101010
11111111111101101011101110011111
00000000000100101100100110010111
00000000001100111001110010101111
00000000000000100000011011000011
00000000000010101000100100011011
00000000000011000110101100100101
00000000000000110110001111010010
00000000000100110110101111000001
11111111111111001010010010010101
00000000001110000011110000111000
00000000000111100111010010101001
00000000000100001000001010010000
00000000000101010001010100110001
11111111111011000000000110001111
00000000000011001010101001000001
00000000001111010101110000100100
11111111111111110011000000100010
11111111111001001100110011001010
00000000000010000111001100011111
00000000001101100000011101010001
00000000001011011011011000011111
11111111111100111011001001000000
11111111111110100010001010001101
00000000000111010011011110010111
11111111111101101011111010101001
11111111111100110111000000011101
00000000000010110001000111010110
00000000000111110001011101101010
11111111110101111010010010100100
11111111110110100111000100000111
11111111110111110011100101010000
00000000000011111110100000111110
00000000000101111101001110001010
00000000000000111001101001011110
11111111111101100111110110001101
00000000000010010101000100001111
00000000001110010010010001101010
11111111111111001001000010100011
00000000000011010000110010100001
00000000000010010110100010000100
00000000000010110110000010011001
00000000000001110000011001010001
00000000000001100110111001101001
00000000000101111111001111101110
00000000000011001011100000100101
00000000000100010111110000110110
00000000000100010011001110000101
00000000000011101010100001100101
11111111111011101110111100111101
00000000001000000001101111111100
00000000000100100010110110001001
00000000000100110010000101001100
00000000000001110011110101101100
11111111110111000011011111101000
11111111110100000000010011010100
11111111111111001010101000110101
00000000000010101000101000010101
11111111111110111101101010000101
11111111110011101001000000010111
11111111110001100110011101101101
11111111110110100111011110001001
11111111111110000100011111101010
11111111111111101100010100111000
00000000001010111111010001000000
00000000000001001001001000011010
00000000000100010011111101010111
00000000000000000000110100001001
00000000000000111010011110000101
00000000000001110000001110111101
11111111111101111010110101101000
11111111111011101000000001111101
11111111111111101101010110011101
00000000000010011010110001110111
11111111111001101001110110100101
11111111111011000100111011110010
00000000000010101101010010011000
11111111111001010000011010011101
11111111111110100110001101111011
11111111111100000111101111010110
11111111111110110011100010111000
00000000000000011011101010000001
11111111111100011101110111100110
11111111111011111001001101111100
11111111111010011001001101011110
11111111111101000111100000000011
11111111111010010101001011001110
11111111111000111001011110111000
11111111111000100110111110101001
00000000000001001010011011001011
00000000000000011001011000100100
00000000000000010010101100111011
11111111111101011110101110111100
11111111111100101011001111011010
11111111111100100101110010111001
11111111111101001001110000110111
11111111111011110111001101001100
00000000000101010111010011011110
11111111111101011111011111000111
11111111110011001001010101011010
11111111111110111000101011100110
00000000000100000000010001010110
00000000000010000011000101100000
11111111111111111010110101100001
11111111110100100011000000010111
00000000000001111110111001110110
00000000001000100101111000100111
00000000000010110010000010001101
00000000000010011100010000010010
00000000001000001100000100011110
00000000001000111101100001100110
00000000000101101111001111111011
00000000000010100100101000000011
11111111111111001000101111101101
00000000000000111110110011110011
00000000001101101110100001000011
00000000001001001001111111010001
11111111111111000011000101100110
11111111111101000101111001110111
00000000000001100001101010010010
11111111111110111000000011001110
11111111111111001010011001110101
00000000000010000010011111010100
00000000000010111000000010111110
00000000001011000011101010001010
00000000000000111111111110011001
11111111111101110001011101101001
00000000000100001100111000000110
00000000000111110011011000101110
00000000000100011110111110111011
00000000000010111001101101111000
11111111111101101011001110011010
11111111111111110101110000111101
11111111111011010111111110110100
00000000000000000011101011000111
00000000000100100010001000000110
11111111111011000110010111100110
11111111111010001111011100110110
11111111111101001000000110111110
11111111111111011101010001010101
00000000000001001001110010011000
00000000000100100000101000100001
11111111111111100010110100000101
00000000000011101110111111001010
11111111110110010010101000100100
11111111110100010111001111100010
11111111111011000111000101101100
11111111111001001101101000111001
11111111110111101000100001101000
11111111110011000101101100011000
11111111111101001110101000101000
00000000000010100001011101010110
11111111111110111100011011101111
11111111111111000111110101001001
00000000001010110110000111100011
00000000000010000110010011010100
00000000000010111000111010111001
11111111111111100011010110011010
00000000000010000000111001100100
00000000001000101100101101100011
00000000001101001001101101101111
00000000000010100000011110000001
00000000000011000110000110011001
00000000000000101001100011000011
00000000000001000011110001000000
11111111111111110011100110001101
11111111110011010101011111000100
11111111110101100111101011101101
00000000000001001111001101001010
11111111111110011001000110001111
00000000000000010011100011000001
11111111111100110111010111010010
00000000000111111100000011100000
00000000000001110011101101011111
11111111111011011011001111110000
11111111111000010110010011100000
11111111111101000001010100110010
00000000010010000001001101110000
00000000001010010110101011100100
11111111111010010011011101011000
11111111111101110000011111010011
11111111111111100100100000011101
00000000001000010101010000000000
00000000000110000000101010000100
00000000000000100110001111000000
00000000000000010101111111100110
00000000000111000011010111111110
00000000010001011101110110001011
00000000001010011000110110001100
00000000000010100000101101100000
00000000000000010100101001110110
11111111110111111000111001010111
11111111111000101011100110100100
00000000001111010100001111011101
00000000000100101111001011101000
00000000001101111101101001101111
11111111111111100000010111111100
11111111111001010100110000101100
11111111110001100010111000100110
11111111111110001010001010001101
00000000000100110001100100111000
11111111111110101101001110010011
11111111111110010010111001111100
11111111111101111010010111011000
11111111110101110111001110001011
11111111110101011000011010011011
00000000000100010000101010111111
11111111111100100011010011001000
00000000000000000011100111011101
11111111110101100011011100101000
11111111111111010011000011101000
00000000001101000100110000011011
00000000000001101010101001011000
00000000001101111001011001001111
00000000000101110001110000001001
11111111111100001011111010001100
00000000000000101000101111101110
11111111111101010101010010000000
11111111111010111011011001001001
11111111111011011010001000001101
11111111111101000000000110001001
11111111111010100110111101101101
11111111111111101111111000000110
11111111110010111011110101110110
11111111111100010100111110100010
11111111110111100100110101101010
00000000000000011100101010101101
11111111111111001001101000010110
11111111111110111011111100100011
00000000000000010011001100111111
00000000000011001001000111101000
00000000000010100000011001010011
00000000000011010110100111100110
00000000001001100010010010010000
11111111111011110000001011000100
00000000000110011010100111010100
00000000001010011100110000110100
00000000000001001110001000101010
11111111111010111010111001011000
00000000001000111101011010110000
00000000000100010011000000110100
11111111111000011101000101110111
11111111110001101110100001010110
11111111111111000010101101011101
11111111111101001001001100000010
11111111111110011001010011010011
11111111111100001111010000110000
11111111111000011010001101111110
11111111110011110010111010010000
11111111101111000110001100001100
11111111110100010101001001101000
00000000000011001010100000001001
11111111111111011110000110101110
11111111111110001000000110111010
11111111110011000010010101000110
11111111110101000110100100001101
11111111111011001011101111000110
11111111110110111110101010000101
11111111111100100101010110111001
11111111110111110010111011101111
11111111101111100010001010001001
00000000000001111101110001011111
00000000000100101001110100000110
00000000000000010001001100110101
11111111110100010011101111111001
11111111111110001001010110101001
00000000000111101110010101110110
00000000000010000111000110100001
11111111111010000100011000101111
00000000001111000010101011010111
11111111111110011010101011001101
11111111111101111011111011010110
11111111111001101000100100011101
11111111111011110111010000011000
00000000011000110110111110000100
00000000000100011101110010100100
11111111110110000111101111100011
11111111111010110001000001101011
11111111110101000100011001011000
00000000000011110000110111010011
00000000000111011100110110111001
11111111110100001111001011101011
11111111111111001100101011100101
00000000001000010001100011011000
00000000000100011001010110101101
11111111110111111011111110000011
11111111111110001011110100100000
00000000000111011011110010100111
00000000000000100011010000101111
00000000000011100101100110011101
00000000001100111001011101010011
00000000000110110100000010011110
00000000000001100000000100000001
11111111111011101000101110011000
00000000000000100000100010011011
00000000000110000101100001110110
00000000001001110000000100010000
00000000000010010110101000111100
00000000000000011100011010011010
11111111111100000101110010001100
00000000000100100111011101001001
00000000000110101011001111001111
00000000000110100110101110101011
00000000000000001000110010100101
00000000000111100110001101000011
00000000000000001111111001101011
00000000000011101110110101001101
00000000000110100100110000011110
11111111111111111110101010111100
00000000000011110001110010000001
11111111111011100110000010101111
11111111111100110101001110011001
11111111111111000111111111010000
00000000000100110010111110011100
00000000000001011010011000100000
00000000000000100110000010100101
00000000000001011000001100110010
11111111111000110010011110010111
11111111111001011100101110110110
00000000000101010000101100110101
11111111111111001010100111011001
11111111110110011101111101100100
11111111110110101000110000001101
11111111111011110111000010000011
11111111110010000000111111110100
11111111110110101110000101001000
11111111111000101101111110100110
11111111101101111001101111100001
11111111110101100010001011101001
00000000000000001100010001110000
00000000000101010010001010000011
00000000000100110000011110011101
11111111110110100100010010010110
00000000000011000111111001100111
00000000000010100110100001001111
00000000001011011100100111110011
00000000001100010010111000101010
00000000000000010010100110111001
00000000000011100001001101001010
11111111110001001011110011010110
00000000000110100011010011010000
00000000001100011110001101100000
00000000000010001110111101011100
11111111110110000101101110101110
11111111111111101011101011110010
00000000000101100111011011100100
00000000000110100100010011111110
11111111111100001100111000111110
11111111111001001010000001001100
11111111111101101001100010100010
11111111111101000001101110100100
00000000000010000001101010001111
11111111111010010001101000011001
11111111111011100100011111011011
11111111100111010000110111101110
11111111100101100100000101100001
11111111101111011011001111110110
00000000000011011010000000100110
00000000000011011000001100001000
11111111110111111101010110011101
11111111110011110001000001101110
11111111111010100000001100100000
00000000000111111110000010100101
11111111111111001111111000111010
00000000000101001111111101010100
00000000000010110011010010001111
00000000000001000011010011100100
11111111111111100100100110110101
11111111111011100011000101010010
00000000000000000100100010101011
11111111111110011011100100110110
00000000000001010100100001110100
00000000000110011101110110011010
00000000000011011100010111011010
11111111110011000000000001011001
11111111110111010100100010101110
11111111111100101110001000011110
00000000000100100000010101111001
00000000000001000010101101110100
11111111111010111011101110011000
11111111111010000000010101101010
11111111111110101100001111000010
00000000000100100000010010010010
00000000000011111001100010110111
00000000000111011100001011011101
00000000000010111000101111101011
11111111110110001110110101110100
00000000000001101010111110101110
00000000000011100101010110100001
