11111111110101001000101000011000
11111111111001110001100110111011
00000000000110000001100111001001
00000000000110000100101010111101
00000000000001011000011100000100
11111111111011100101101100100000
11111111110110010000010001110110
00000000000010101011010111011110
00000000000100011111101000000100
11111111111100100011000001101100
00000000000010000100001100111011
00000000000001001111001111000111
00000000000100110001000010100111
11111111111110010010011101001111
00000000000110111101110010101000
00000000001100011100110000111111
00000000001001000001111010101100
00000000000101101011010011010010
00000000000101000011011010101011
11111111111101001100100000001011
00000000000011010000001011100110
00000000000101111010101000001100
00000000000011101110001101000010
00000000000011001010011000110101
11111111110100011001101000101000
11111111110010010110101011100011
11111111110011011010001001000100
11111111110001100010001001001110
11111111111110010001011100010001
11111111111110011100000010100011
11111111111100011111010001011010
11111111111101111111110110011011
11111111110001110011110101001010
00000000000000001100011100101110
11111111111001010000110100011011
11111111111111011010111100111100
11111111111001000011001010100011
11111111111000101010010000100001
00000000000101110001101100010111
11111111111101010001111110100100
11111111111111000011110110000011
00000000000000010011000100010110
00000000000000111001100011101100
00000000000110000110001010000001
00000000000001011110111001101101
11111111111011010000011000100001
00000000001011010011100001011110
00000000000010010111111110100110
00000000000011010111010000101100
00000000000110110010101100111010
00000000000100000001111001001111
11111111111100111011100111001110
11111111110111100110010000000110
11111111110101010001100101110000
11111111111001001101000100111110
00000000000001101001001101101111
00000000000000110000011100001100
00000000000000101010011101110010
00000000000011011010101110001110
11111111111101110000000101010011
11111111111110101000010100110100
11111111111011010110111010010110
00000000001000110000001001010100
00000000001011010010001111000001
00000000000010100010011011111110
11111111110101000011100111111111
11111111110110000101100011010100
11111111111110101011111011111100
00000000000011000100001100101100
11111111111101001111100011100011
11111111111101111110010000001100
11111111111001111000111010010111
11111111111010111001111001011101
00000000000000110010101011100100
11111111111101101100010001101010
00000000000100101001011001000111
00000000001000000101111101011001
11111111111110110111110000010010
11111111111011100111000010000110
11111111111001001100010100111100
00000000000010011101000000011110
00000000001010001010000100000100
00000000000110011111010110110100
00000000000010011110111110111010
11111111111111111100110101100110
11111111111101011000101111101010
00000000000000110110101010010110
00000000000110000010001001000001
00000000000111100101010011110101
11111111111100110010110010110111
11111111111010110111101110000111
11111111110111011111011011001110
11111111111101101111111111000101
00000000000100001000000110010001
11111111111111000111111000101011
11111111111101111011110001001110
11111111111011010001010000011000
11111111111100001000011111110100
11111111111100111011000111001011
11111111111010111000000010101010
11111111111001110011110001110010
11111111111101001000000011100100
00000000000011010101110110010101
11111111111011011010101010110101
11111111111011001101110100100001
11111111111001011111100010100100
00000000000000101111111000111110
11111111111100000101101000001001
00000000000001000100101101010010
00000000000010010001101010010011
11111111110011001111011001000101
11111111111011000110011101111111
00000000000001001001111101001011
00000000000100011000010100101011
00000000001010011111001011101100
11111111111100010111110001010110
11111111111100000001100101001100
11111111111110100111010010011000
00000000000111101010000111000011
11111111111111110010011100100110
00000000001010010100110100111100
00000000000101010110000000000100
11111111111110001110111100011001
00000000001000011101110010010011
00000000000111100100001011101111
00000000000100001100111000000110
00000000000100001001110010000010
00000000001010101100011010111111
00000000001101011111100000000110
00000000001011011000010110001000
00000000000101101110101001010101
11111111111111101111011010111110
11111111111001100000001011000001
11111111110101000001001000001010
11111111111000110110001110010000
00000000000100010101110011100111
00000000000111110010110111001111
00000000000100111110101101111001
00000000000000011011011111000110
11111111111110010001110101100000
11111111111111000100110001110110
00000000001000101011100101000001
00000000000111010010011010110110
00000000000011001111100010111010
11111111101111010000010000010111
11111111111011000110100011010000
11111111111101110101011001010000
11111111111101001101101010101111
00000000000010100010111100110110
11111111111011111000110101101010
00000000001001110010001000101101
00000000000101111111101001011010
11111111111111010011011010111001
11111111111101000001010100011110
11111111111101111101010011110000
00000000000000011100110110100001
11111111111111010110111110111111
11111111111111011011101000110000
11111111111100010010110001101000
11111111111001100100000110110110
11111111111111001000011110001011
00000000000100111100001100000100
00000000000100001110100110100010
11111111111111010011001001010000
11111111110000000110110011110011
11111111111110101101001000101100
00000000000010000001110110110100
00000000000001011111011001110111
00000000000011000011001000110011
11111111101101101111101101101110
00000000001101001000001011101111
00000000000111110011110011011011
00000000000110001101110001110011
11111111111110110001000011011001
11111111101110001011100110100001
11111111111011100100010110010111
11111111110101101000010101001100
11111111111111111100100011101101
11111111110011100101110001111010
11111111110111111001101100010100
11111111111111000001101101110101
00000000000001111010001111101111
11111111111111010101001111011011
11111111111111110010010010011110
11111111110101010101010010000011
00000000000101001110100001101010
00000000001010110010010010110101
00000000000010001000111000001001
11111111111111000000100000111111
00000000000010000100110110010100
00000000000011001100101000010101
11111111111111111011010011010100
00000000000110100111110111001001
00000000000101011110101011011000
11111111110110111001100001110111
00000000000011100000111001011000
11111111111111101100110111100100
11111111111101011100100001001011
00000000000101101111100010010110
11111111110000100010100111000000
11111111111101100001011001011000
11111111111010010010000100000000
11111111111010110101000001000101
11111111101111110001000101110111
11111111101011111110110111011011
11111111110110111001101100110111
11111111111001001111010110101111
11111111111011000011111001010111
11111111110101101101011100011101
11111111111011000001001000010110
11111111111100000111010111010010
00000000000001000100100011101000
11111111111010110110100110101110
11111111110011010011111011001110
00000000000111001011101111111000
11111111111011010100000000100110
00000000000101100110001100101101
11111111111101001100010011000101
11111111111010110111110100110100
00000000001001010111000101100110
11111111111100001010010010010111
11111111111110110001000010110110
00000000000011000111011001001011
00000000000110111101011111011101
11111111111001001001011010000101
00000000000101010001010101101000
00000000000000110101100101001010
11111111111011101000101001110100
11111111111111101100111011011001
00000000000011100001001000010111
00000000000101011110011111001110
00000000000001100101010100100100
00000000000000011001000001101001
00000000000101110111000100000010
00000000000011001110000100111111
00000000000011111110011001001101
00000000000110011001101111111001
00000000000001100111100011001001
11111111111111000111111100111000
11111111111110011101011111011001
00000000000001010100111001110110
00000000001000110001011010101101
00000000000001010001110001000110
00000000000001101010101111010001
00000000000000001111111110001000
00000000000011000010100100011000
00000000001011110110111010010101
00000000000010110101100111101100
00000000000001001011101110101000
11111111111001001000011101101101
00000000001010001101000110011000
00000000000000100100000010000101
11111111111000010100111000000100
00000000000001011000101100010000
11111111111000011110010101001011
00000000000001011010000010110001
00000000000000001011101110110111
00000000000001110011001101010110
11111111111101010100001000001110
11111111101100101011011101011010
11111111110000010001111110001101
11111111111001011001011000010011
00000000000110011000011101011000
11111111111111010000111101010001
11111111111101111101001011000110
11111111111000000110110011011111
11111111111001111000010000111111
11111111111110011111111111011001
00000000000001111111111100000001
11111111111110111010001101111011
11111111111111010011011101101110
11111111111110111011111110100101
00000000000011111110110111110111
11111111111111100110111011100111
00000000000000010101010000001100
00000000001000001110100000111000
00000000000010000010000100100110
11111111111010101111110110001111
11111111111000000000001000111000
00000000000001010000011000010011
11111111111001001001101000000111
11111111111110101110100001100101
00000000000101001000010111111100
11111111111110111010011000010111
00000000000000011010111010011010
11111111110111100011001011100000
11111111111101001110101111110100
00000000001001111011011010111001
00000000001111111001100000001011
00000000000100110001101010011010
11111111110110000100101011011110
11111111111000111011011100100001
00000000000111000001110101000001
00000000000010011100000011001000
11111111111110010010010100100100
11111111110111101101011110011011
11111111111111111100000001000000
00000000000011000011011101111000
00000000000011011101010101000011
00000000000010010011111001011001
11111111111110110010001110110111
11111111111001100000011101110111
11111111111011110111100111110110
00000000000011100001100001010011
00000000000101101001000100001110
00000000000001111111101101111011
11111111110111000100110011000100
00000000000110000110110110010011
11111111111100011001100111000101
00000000001000000000001001010000
00000000001101001001000101101100
00000000000011101100111110110111
00000000001110000011111010011011
11111111111011001111001011111001
11111111111100111111110101111000
11111111111010011000001001001111
11111111111001110110101100000001
00000000000011101001011101111100
00000000001010001011111101110010
00000000000010101011000110100111
00000000000101001110100001101001
11111111111001011001111011010101
11111111111111011111000100000001
00000000000100100110111101101100
00000000000010110111000100111111
00000000010100000110010000111111
00000000001011101101011101001000
00000000000001111001111001010110
11111111111100101101111111010111
00000000000000100011111110100001
00000000000100110100111011011100
11111111111000001111110001111000
00000000000011010111011010010001
00000000001011100100110010000001
00000000000011111000111110001010
11111111110000001001010000000101
11111111111010011001110011101011
00000000000110001100100000110010
00000000000110001010111101000010
11111111111110000010101100110000
11111111110011101000010010000101
11111111111010100000101111101101
11111111111110000110001110000100
11111111111001100011110010010101
11111111111000101100100000011101
00000000000000111100011100110010
11111111111011001111001010101101
11111111111110001001011011101000
00000000000000010000111000011111
00000000000010010101111011000000
00000000000101011110111001100111
00000000000010101010100111010110
11111111111010110111100110101011
00000000000010100100101010110110
00000000000011001111010011000010
00000000000000011010100011010011
11111111110110101101010001111011
00000000000000010110011001000010
00000000001010000000111011010010
11111111111111111101111101111100
11111111111001011011010011001101
11111111110011001110100101110001
00000000000001010000010001000110
00000000001000010101000000000011
11111111111111101111100010110101
11111111100110100101011011100010
11111111101101010011010010011010
00000000000011010111000000001000
00000000000010001011010110111111
11111111111111110110101001111011
11111111110100001000000110111111
11111111111110111000011011100011
11111111111110010010000110111111
00000000000001001111011010010010
00000000000111110010101111110111
00000000000001111011001000010010
00000000000111110110001001101011
00000000000100010111011110111011
00000000000111101011010100111010
00000000000000111100001001111110
11111111111101111010110101001001
00000000000000010011100111111000
11111111111111001100110001000101
00000000000100100011110011111110
00000000000000100000111111010000
00000000000010001101110101010110
00000000000100000101011010110001
00000000000011000001010110110100
11111111111101101110111101100011
11111111111101110011011110101010
11111111111101001101001001110100
11111111111010101111000001101000
11111111111111001100100100010001
00000000000101110100101000010010
11111111111110000001111111110000
11111111111111001101001001011011
11111111111000010101111101000111
11111111110100111110101111110110
11111111111111101101011000000111
11111111110011011010101111000110
