00000000000000011110110000001101
11111111111101111101000110100011
11111111111111010011100011001111
11111111111110001110100111000111
00000000000001110110101111101001
11111111111110101011110100100010
11111111111110100011111111011101
11111111111111010111011000001000
00000000000001100010010010101000
11111111111100001001100100011000
00000000000010011011001010101101
11111111111100110101111100100100
11111111111101011000000101001110
11111111111100110111011001111011
00000000000010001111000000001001
11111111111110001101011111011011
11111111111100001011111000001011
11111111111101011000011011000111
11111111111110111011001110111000
11111111111100111110011011110101
11111111111100111111101000100100
11111111111110101010011110111111
11111111111100111011011100100101
11111111111111110000010100000001
00000000000001000011101100010000
11111111111111010110111010010110
11111111111101011000010010110011
00000000000000110010011001001111
11111111111101011100000000110101
00000000000001001110010011001111
00000000000010001011000111001110
00000000000000000100110110001010
00000000000000110101011111111001
11111111111111101110000110000000
00000000000000110110000111110111
11111111111100100110110010110011
11111111111100000101010010111111
11111111111110000101001000010001
00000000000000100011000101001001
11111111111110010000111001101100
11111111111110000100001100101101
00000000000001000110110001011101
11111111111111110011000101001011
00000000000001110011100100010011
11111111111111110110010010000110
11111111111100101011001110100011
11111111111100100011111010011111
11111111111100101110110011001110
11111111111101000100100100010001
11111111111111011000001101100110
00000000000010011101110111010001
11111111111101101001011001010101
11111111111110110101110011001010
11111111111101100011101010100010
00000000000000110010010110011111
00000000000000100100101010100110
11111111111100001011010000100101
11111111111110100111111100111100
11111111111100010101110110111000
11111111111111101100101011011001
00000000000000000110111001010000
00000000000001100000110100110010
11111111111101111100001000000011
11111111111100010000000110010110
11111111111101000011100010100111
00000000000001011000001100010011
11111111111101001100011110000011
11111111111100001101000110111110
00000000000010000101011000101100
11111111111110000001001011100101
11111111111110010011111000000111
00000000000000010110111111010000
11111111111101110111010100000001
00000000000001000001110100110010
11111111111110100011110111101101
11111111111100011100010010001011
11111111111110001011001001011011
11111111111111001010001000011001
11111111111101001010111001100100
11111111111101010100011100000111
11111111111111110101100111010001
11111111111111110000000001101110
11111111111100111110011100010100
11111111111110000111010010010100
00000000000000100011011111110001
11111111111111100011001110100101
11111111111111000000001010111011
11111111111111010110101101110010
00000000000000010101011111100110
00000000000000010101011110011110
11111111111101011100110010100111
11111111111110100001100100000111
00000000000001011001111101100001
00000000000000001110111101010001
11111111111100110001100110011011
11111111111111100001011101000000
00000000000000001010010000001000
11111111111111111000000011111010
11111111111100100011001011001011
00000000000000100010010011000010
11111111111110010100001110111111
11111111111111100001101100000101
11111111111101000100111100100011
11111111111100101000110000010011
11111111111110110011000101111000
11111111111100111101000110100001
00000000000000001010111001101011
11111111111110111011001010100011
11111111111111101101111011100000
11111111111110101010010001100101
00000000000000100000100110010011
00000000000000001001011110110010
00000000000000100001001101001001
11111111111101100101001010011011
00000000000000100111010010111001
11111111111100001111110001100101
11111111111110101110000010011001
00000000000000100110111111011000
11111111111100000111100100111110
00000000000010011100101111110000
11111111111111100000001001101110
11111111111101111001111110110000
11111111111110000011011000010010
11111111111111011110100010001011
00000000000001100011000011010010
00000000000001000001000101111011
11111111111100101111101100010001
11111111111110010110000011010001
11111111111111010111111000111000
00000000000010111111110001100101
11111111111110111111100110011101
11111111111111000010110100110001
00000000000000000011001010111101
11111111111100011001100100000001
00000000000000000101001001010100
11111111111110010000101100110100
11111111111110010001011000011010
11111111111101110011010001011011
11111111111110100111100111111000
00000000000000011011111110110001
11111111111111010011001111000100
00000000000011110110011011111011
11111111111101100000000110101110
11111111111110001001010010011011
11111111111111010010110001111110
00000000000000000001101110010111
00000000000001011010100111000110
00000000000000010100101011101110
00000000000000110110000111111110
00000000000001111111010010101001
11111111111110100011010101000100
11111111111111101011101101010011
11111111111111110110000000111111
11111111111100011000111101111001
11111111111101101001110011010011
11111111111100001111010011110000
11111111111111011011100011011100
11111111111110101001001110000101
11111111111111101110111001001101
11111111111111000101000110111001
11111111111100101110010011011101
00000000000000011111001101100111
00000000000001010100010100101110
11111111111101100111001000010011
11111111111100101010101100010100
00000000000001110001011000101100
00000000000000111101110100111010
00000000000001010010101110110010
11111111111111011101110011101010
11111111111100110110110100100011
11111111111101100011010110000001
00000000000010010110011111100100
11111111111111000111001100111100
00000000000010011001101000000001
00000000000001101011101011001100
00000000000000001111001001100101
00000000000010010101110010100101
11111111111101000101011111100100
11111111111101101100101011011000
00000000000001000111101111111101
00000000000001000010001100111011
00000000000001000011010011011111
11111111111101011111001110111100
00000000000000000000101101101001
11111111111110111000100101001101
11111111111100100001101011101010
11111111111111110000101111111010
00000000000000010011111000100000
11111111111110010010010011100011
11111111111101011100010100000101
11111111111111100111010100010000
11111111111101010000011100111101
11111111111101001110000000010000
11111111111101011100110010110010
00000000000001110101001110010000
00000000000001010010110000010001
00000000000001100111000000101011
11111111111111010000100011010101
11111111111110111110110101100000
11111111111110011000100100011011
11111111111101001010011000001000
00000000000001110100001011100101
00000000000000010111110110011111
00000000000010011100101000000100
00000000000000000110100110011101
00000000000000101000011101000100
00000000000001101101110011101000
00000000000010010110000011011100
00000000000001000101101000011100
11111111111110110111001111101010
11111111111111010101000101100000
11111111111111011111100111111000
00000000000000110011011011000011
11111111111101111010110101001110
00000000000010010100010010000011
11111111111100011110111110111001
11111111111100110010011111110011
00000000000001010001100000010111
11111111111101100010110000001011
00000000000010001010001101001011
11111111111100001110011011010010
11111111111111001001001000010011
00000000000010010100000000100010
00000000000010110101000000000010
11111111111100100100001001011110
11111111111111000101101000010011
11111111111111100011011010011100
00000000000000111111010011101111
00000000000001010100101010011101
11111111111110110110010111011110
00000000000010001001100011010000
11111111111100110010111000010011
00000000000001101011110000111010
11111111111111111011111100000010
00000000000000010110101100100011
00000000000000010100011101100001
00000000000010001000110000001011
00000000000010001100101001111111
00000000000010010011100000100010
00000000000010011010100111100011
00000000000001001000010101010011
11111111111110011000000111101100
11111111111111000001110100000100
00000000000010000011110101101011
11111111111110011110111011101011
11111111111110000111101010111110
11111111111101000000011111011001
11111111111101000110001100101000
11111111111100100001111000010110
11111111111111100011000100100100
11111111111111000001001110101010
11111111111111001011010000111001
11111111111111111011110101011110
11111111111111011101111010110010
11111111111101110110111010101001
00000000000000000111100010110010
00000000000001011100000001001110
11111111111111001101010011110110
11111111111101100010010110111010
11111111111101000000101101011011
11111111111110100000000111000000
11111111111101100000000010100110
11111111111110101001111101000000
00000000000001111010110011100110
00000000000001011000011011001010
11111111111101010001110100011101
00000000000001011001100111111101
11111111111110101110011001001001
00000000000000111001000011011110
11111111111111100000010001011110
00000000000000111010111000111111
00000000000000111001110000011001
11111111111110010110000101111000
11111111111110100110101101111100
00000000000000011111001111011000
11111111111110000100110000000011
11111111111110110100111010110000
00000000000000101011001100110011
00000000000001001111100011101101
11111111111101011000110110110010
11111111111111011101001011000010
11111111111111010001011100010100
00000000000000100011100010101110
00000000000010001110111010111011
11111111111100010101001100101101
11111111111111010101011010101101
00000000000001110111101011000101
11111111111101100100110000111010
00000000000000100110010110111110
00000000000000100110000100110111
11111111111101110100101111111110
11111111111100110110110100000110
11111111111101010011110000000000
11111111111111010001011111111011
11111111111100110100000101111111
00000000000010110110000010001101
00000000000001000011101001000011
11111111111101110111000100010000
11111111111111100010000100011110
11111111111100100110000110110100
00000000000000100110010001000011
00000000000010010100001001100001
00000000000001111011100111110011
00000000000001101010111110110000
00000000000000111010000010001110
11111111111101100001111100011111
00000000000001110010100110111111
00000000000001001110011011010110
00000000000001110001111000001011
11111111111111000110110110111000
11111111111100001001001000101100
11111111111101101110101101001001
11111111111111011110100101110110
11111111111100101100000011100000
11111111111101010011010001011101
11111111111111111110010011101000
00000000000001100101100110001001
11111111111110001110111111111111
00000000000000100110111011110111
11111111111110101001010110011001
11111111111100100111100110011111
11111111111110110001001000110100
11111111111111110110100111000101
00000000000000001011001111101011
11111111111111111100100011101111
00000000000000011101010100100001
11111111111110011100010011101011
11111111111100010010001100001100
11111111111101110001110011100010
00000000000001010110000010100100
11111111111101110110100101110000
11111111111110001000010010001111
11111111111100011111000001111101
11111111111110100000111111100111
11111111111100100010010001100010
11111111111101010110011010000011
11111111111111101110011010000010
11111111111101101101010000100101
11111111111111111111111010000001
11111111111100010001111100111100
11111111111101011101001011000011
11111111111100110110101001100001
11111111111111111001001011011011
00000000000001111001111110101110
00000000000010001001001111110010
00000000000001111100000001101110
11111111111100100100001101101111
11111111111101001101111111011011
11111111111100111100111001100000
11111111111100001110101110100111
00000000000000110110000100101001
11111111111100000010110110000000
11111111111100010101111110100101
11111111111111011000000111011111
00000000000000111010011001000011
11111111111100100111100101011100
00000000000001100001101101101011
00000000000000000010111000101011
11111111111101110011001000010011
11111111111100101001001000111110
00000000000001101110000001111111
11111111111111000001110000011111
00000000000000001010110001001000
11111111111100110110001010100001
11111111111101110111110111110100
00000000000000010010010101000000
11111111111100111001101111010001
00000000000000100010010011001110
11111111111101010110101000010011
00000000000000001011110110111100
11111111111100100101101100000110
11111111111101110001001100000111
00000000000000010001111111110010
11111111111101001000010010010000
11111111111101011000111110100010
00000000000000010101000110101000
11111111111111000000001110100011
11111111111100101100001000010110
11111111111110111000111101010001
11111111111110010110000110110001
11111111111110011010010100001111
00000000000010000101101110110101
00000000000000011110001111110110
00000000000010001011100011001100
11111111111111001110001101010110
11111111111110010100010010010001
00000000000000011100111110001100
11111111111110111010100111111101
00000000000000001010111011101100
00000000000010000101010101011111
11111111111110101001100110100110
00000000000001001111100001101001
00000000000001000110111001100101
00000000000001011111010010111110
11111111111101110001100101101010
11111111111100011101110011100100
11111111111111001100101011001111
00000000000001100110001011111010
11111111111110110000011011101011
11111111111101001111101001001100
