11111111110010100001001011010000
00000000001111100001011000010001
00000000011010111111011110000110
00000000001100111110011011011001
00000000000010111100011111111001
11111111111100100000110100010110
00000000001000011101111101001110
00000000000001100111100111010110
11111111111011110011101010001111
11111111110011001010110111100111
11111111111111011001100000010011
11111111111111010101110011011111
00000000000000000111000001100101
00000000001000110111001000010100
11111111111100100010100100011010
00000000001011001111001010111100
00000000000001110101100010010010
00000000000100010001000001011010
11111111111100100001001011010110
11111111111101101000110010101101
00000000000000100100011101010000
00000000000101100110010001111011
11111111111110001010001101110001
11111111111100110101010010110001
11111111111101101001110010100000
11111111111001011101001101101111
11111111111101101011000011001010
00000000000000010110111000101100
00000000001000001110010101011101
00000000000111101011000101110001
00000000000111001000001010010010
00000000000000111011000010010101
11111111101111100010010101100010
11111111110110011010010011110111
00000000000011100101110000110101
00000000001101100001100011111010
11111111111111011000110100101011
00000000000110111101111101010010
11111111111000000001011010110000
00000000000101011001100110111101
00000000001010110000000111100000
00000000000101001000101100100100
00000000000000101100011011111011
11111111111101110010111110001111
11111111111110011001011111100010
00000000000000011101100010100010
11111111111000101100110010001111
11111111110111001101110000001001
00000000000010110100001000100001
00000000000011010110011001100011
11111111111100101001100101111010
11111111111110010001111010011011
11111111111111000110000111110010
11111111110111101110100101101100
11111111111111101111111001100101
11111111110100001010101111001101
11111111111101011010110010011111
00000000000010011001001101000101
00000000000000100000010000100101
00000000000111111110001101110011
11111111101011100111110011111101
11111111111001011101011111100010
00000000000111101001101010101101
00000000000011110110100111110001
00000000000111001111001010111100
11111111110101010101111010000100
11111111111000010011111111000011
00000000000000101101010110110001
00000000000001110110100001111010
00000000000000110001001110000011
11111111111110010110010011011001
11111111111000111101110010101011
11111111111101110011101001111000
00000000000000111010111010011111
00000000000001011000001011011100
00000000000011101110111111011000
00000000000001010001000101010111
00000000000010110001110010000000
11111111111110010001011000000010
11111111110111100100000101010000
00000000000000000110011110101111
11111111111101001011000000100000
11111111111111111000001001101100
00000000000111100100000111011010
00000000000010101011010000100101
11111111110110001101100010100001
11111111111011001000000101010101
00000000000111001001000100000111
00000000000111100000001001110101
00000000000011100001011010110111
11111111111001111100101110111010
11111111111001001011011010110010
11111111111110010100010100111110
00000000000111010000110011100011
00000000000000110011011001010011
11111111111111101111111010100101
11111111111011011001111100010100
00000000000000000111011100100111
11111111111111100101101000111010
00000000000000001000011111011001
11111111111011001000100010100100
00000000000101111100000100101000
00000000000101010000001001110100
00000000000011011101101010010010
00000000001001001110110101100001
11111111111100101111011001100100
11111111111111010100011001101111
00000000000000101010100010000000
00000000000011111100001101110110
00000000001001011111101011101010
11111111110101001011000100110100
11111111111111010101000010011000
00000000000011110001001110110111
11111111111011100100111110111101
00000000001010001011110100101001
11111111111011111111011110111000
00000000000001000001000000010011
11111111111101111010000100001101
11111111111101001001001100111110
00000000000111011100100111110000
00000000000101011100000000001010
00000000001010000101111010010100
11111111111101100100100101101101
00000000001000000001011011000011
00000000000000001110100000110010
00000000001101111011011101100011
00000000001010000001101010110111
00000000000000011101000100111101
11111111111111000001110000010111
11111111100101101001110011001010
11111111111111110010010101110111
11111111111100111001011100010100
11111111111110010101001001001001
11111111111111110000010000000100
11111111111011100000001111101000
00000000000000111101000111011100
11111111111100111111011000100111
00000000000010101101100001011000
00000000000110100100001011011101
00000000001001001101101010011101
00000000000101000001000111110000
00000000000100101000010010100001
00000000000010000010001010100101
11111111111100110010010010011011
11111111111100001101100010111100
00000000000001100011010010001110
11111111111111111100001011011110
11111111111111111110000001011101
11111111111010001000000011110001
11111111111011010101000000011101
00000000000101001110100100110110
00000000000000010000111100010011
00000000000010000110100001100101
11111111111111010001100000100010
11111111110100010011011110010000
00000000000001000111000100001000
00000000000011111001011011011101
00000000000011100101011011001100
00000000000110100000100111111010
11111111110101001001110110010000
11111111111101010000010100010011
00000000000000001011000100111000
11111111111111110000001011110010
00000000000110001110101001010101
00000000001000100110011100001101
11111111111110011010010101001110
11111111111110111011011000011011
00000000000001011111010011110110
00000000000100101101001000101011
11111111110000010101110000100011
00000000000011011011000101111010
00000000000000000100010000001001
00000000000010011110101000001110
11111111111011010101001110010011
11111111100111110011110000000111
11111111111101100110111010111111
11111111111011010001001000001110
11111111111111001001111110111111
11111111111010101010110000100010
11111111110111100010100011010111
00000000001011001011000010010001
00000000000010010010001000110011
11111111111110110101110001101111
11111111110100110100101011010111
11111111110100110100100010111010
00000000000011010001010111010111
11111111111111111001011000101010
00000000000001101110100100101010
11111111110101100010111111001010
00000000000011001111110011011001
11111111111111111001111101111000
11111111111100010111010001111001
00000000000001010101000101000010
00000000000111111111011010000111
11111111111110111111100111100000
11111111111100001111101001110011
00000000000010111001110110100001
11111111111101110101110001111000
00000000000000111011010010000100
11111111110111001001000010011000
11111111111010111100111110000111
11111111111000001100101101110100
11111111111011111110010110001010
00000000001001001011000110010011
00000000010001111111000000100011
11111111111000111111010111101101
11111111111110010100111111000011
11111111111111010100110001100110
00000000000011100111111001101010
00000000000111011100101110110100
11111111111011010101011101101011
00000000000001000011001110100010
11111111110111110101111110001101
11111111110010001100010001101110
11111111100110111010011010011100
00000000000100001101111100100011
11111111111111000101000011110100
11111111110110100110000011011110
11111111110110011101100010111001
00000000001100100010110011010110
00000000000001011011111110110011
00000000000000100001101001111010
11111111111101000111100001000011
11111111111110110111000010000000
00000000000111111001111000011001
11111111111001110111111001110001
00000000000000001101000100100001
00000000000000100110111011101101
11111111111100000101100110010000
00000000000000110110101101100101
00000000000010101011100100111011
11111111111111010101000101000111
00000000000000010011101100011001
00000000000110100000100100100101
00000000001010100101011000101000
11111111111110100000101001010111
11111111111110000001001111001011
00000000000010100000101100001010
00000000000110010111100011101011
00000000001010000010101111010000
00000000000011010101010001111001
00000000000011001001110011001010
11111111111111111011011101110001
00000000001000110111010100000010
00000000000001000011100100011010
00000000001001110101000100101100
00000000000111011101100011010000
00000000000110101110110011000100
11111111111111101110010010101111
11111111111000110010110011010011
00000000000001101011001111001110
11111111111000101010110110110100
11111111110010010001111000100101
11111111111000101111100100111000
11111111111110011110010010001000
11111111110110111001100010100111
11111111110111001100001101110100
11111111111011100101011000110000
00000000000011101110101001011011
00000000000000011111111000001011
11111111110000101001000011011010
11111111110111111100011110001011
00000000000001011001010000011100
00000000000001011101001111001000
11111111111100010000000000010101
11111111110000000101011011101001
11111111110011010011011000000111
11111111111001010001011010001011
00000000000011110000111100110111
11111111101111001111010001101000
11111111111011101110010001110001
11111111111100001110001110100001
11111111111110111010001100001111
00000000000110110001111000011110
11111111111111011110111000001011
00000000000010010110111000111010
11111111111000100111001111101001
11111111101101000111010000010011
11111111110001100000001100101100
11111111111000011001100000101000
00000000000101101110011001101110
00000000000000101110110100100010
00000000000001000100001001011110
00000000000010111000010000101111
00000000000101010000001011101111
00000000000100001101011101000000
11111111111111001101100101111110
00000000000010011011011010001001
00000000000101101001100011011001
00000000001000110011001101101101
11111111111000000011000100111111
11111111111110001001001011110010
11111111110111011010110100111010
11111111111100010100110011110110
00000000000101001111001110111110
11111111110110001111001110000101
11111111111111111111111101100010
00000000000010001100101100111110
00000000000101010101101111100111
00000000000110010100011100110101
11111111111111101100110110111100
00000000000100001010010011101010
00000000000001101100110110011011
00000000000001111100111101000010
00000000000011100000100100100011
11111111100110111000111010111011
11111111101111100001011001111000
11111111111010000011101101110011
11111111111011111111101011011101
00000000000001001101010110000111
11111111101110101010110110100100
11111111111100101001001100101011
00000000001011001011111110001001
00000000000010111111010010001111
00000000000010110011101001000011
00000000000011001101001101101111
11111111111100110110001110111010
00000000001010011000101100001110
00000000000101100011101100101011
00000000000000000110011110010001
00000000000101001011111011101101
11111111111001110111010110001010
11111111111100010011001101100011
11111111111001001011100011001001
11111111110111100101100011101001
00000000001011000000100111111101
00000000000000011111110011010000
11111111111110011011010000100001
11111111111010110110000110010000
11111111111111011011110011101100
00000000000010101110100111101001
11111111111111100011111010010110
00000000001000000100101001010000
00000000001000101011011001101100
00000000001000100110111101110011
00000000000011110110001000000111
11111111111111010011111100111111
00000000000011010111101001111011
00000000010000000001001001001101
00000000000011000110001010111110
11111111111111111100100000000010
11111111111011110000011000011010
00000000000010001100100111100000
00000000000111110011000001110100
11111111111001011010010001000011
11111111111100101110001111101101
11111111111011101110101110000110
00000000000000000000111001111110
00000000000011101101011101011001
00000000000100001011010111001001
11111111111001100000110100100110
11111111111100111100000100001011
11111111110101101000000001000100
00000000000100111100000111011110
00000000001100000000111101101011
11111111101010011111100100110111
11111111111011001011010011101000
00000000000111100000100100000001
00000000001000011000101110111100
00000000001010110100110011010111
11111111111000100110011111011010
11111111111110100011100101000000
00000000000010111010110110001110
00000000000010100110111001111011
00000000000111110001111111101100
11111111101001000000010100110011
11111111110000110110010100110000
11111111111110111010011100111101
11111111111111100101100011110101
00000000000010101000001111010001
11111111101101010000101000000100
11111111101011011110111010000011
11111111111100101100000001100101
00000000000011100110010011010011
00000000000111101111010100101010
00000000000101001111001001111001
00000000000100110000110010100110
00000000000001100110110111110111
00000000000001010011010011011110
00000000000010000110010111101100
00000000000000001010100111111100
11111111110111010011011100110101
11111111111101011011110110001101
11111111111101111010001010111001
11111111111101010000110000111100
11111111111010001111100110010000
11111111111110100010010100011100
11111111111111100000010011111100
00000000000001010111100011101011
00000000000111010010001101111010
11111111111100111000000001101101
00000000000010111110111100110111
00000000001011011110111001111110
00000000001011000011000001100110
00000000000100001111000110011010
00000000000011010110000011110010
11111111111010100001011001000010
11111111111100000101001100110000
11111111111010000000000011000000
11111111110100011000111001001101
