11111111110101100010110000011010
11111111110001001011100010011111
11111111111001000010011010100010
11111111110101100100001000111101
11111111101011011000100010100101
11111111110001010000101100100111
11111111110001111001111000101011
11111111111001101100101001000111
00000000000010111110111001001011
00000000001001101000110100001101
11111111111001001101111000101000
00000000000011100101010010110010
00000000000101100111010001011101
11111111111110110100011011111110
00000000001100010110100100111010
11111111111101100010000110000101
00000000000101010010000000100101
00000000000001100101100111011111
11111111111111010000100001100101
11111111111001101010100111000010
00000000001001100100001011100100
00000000010000100000000100110100
00000000001000101101101000100101
11111111111110010000100011001111
11111111111101111001100011010111
00000000001011110001111011101101
11111111111000000000111000101100
11111111110111000111100011111011
11111111110110011110000000001010
11111111111100010100110011001000
11111111111100111101010001101001
11111111111111010110111010011110
00000000000001010001111101111011
11111111111100110110010000010011
11111111111100101110100001001101
11111111101101000101100101101110
11111111110011000001011010010111
11111111110001001100111111101101
00000000000001110110011111011001
00000000000010011111101111101110
00000000000000111110000000111100
00000000000001111010010001011001
11111111111101111101001001111000
00000000000101100011010100000011
00000000000001110001101111110100
11111111111001101110010110101010
00000000000111100011111110110110
00000000001000110010011100010111
00000000000100010110001100110110
11111111111000001111111010011111
00000000000000010001100110100001
11111111110111001101101110000110
00000000000011010001111000001010
11111111111101000001100011100000
11111111111010111100000010110100
00000000001001011001000000100110
00000000000110110100100110010100
00000000000101111011011000000000
00000000000001011100110101101011
11111111111000101011010111101111
00000000001001101011111011001110
00000000000011110101011100000001
00000000000011000010101111011001
11111111111111111110011011010011
11111111111001111101100110010110
00000000001011101010010010110111
00000000000010110110001011010110
11111111110111101100101001001110
11111111111011110000100000100100
00000000000010110001111000001000
00000000001001000000100001111110
00000000000001110010010111101000
11111111110111101000011001011101
11111111111110001100000111001010
00000000000001101100000100101100
11111111110110110110000010010111
11111111111110110101100001101011
00000000000001110101010110111000
00000000000001110110110010100110
00000000000100010001000101010010
00000000000001111000011111110101
00000000000101101010110001111110
00000000001001000011100010100101
00000000001001000101101100100101
11111111111011101011000110101011
00000000000010101010011100001110
00000000000101011100011011011011
00000000000010100101100011010000
11111111111111111000000100010000
11111111111000010110010111101100
00000000000101101100010010001011
00000000001000001101110000001101
11111111111010001110000100110000
11111111111010010011100101111000
00000000000000000111010110001000
00000000000010001000001011011100
11111111111111000010010111101010
11111111111011101001100000000010
11111111111011011111011110110111
11111111111111110001100011110001
11111111111000110001000000111111
00000000000001100010110011111111
11111111111000101101110100000010
00000000000000000010000100010100
11111111111111100000010111111010
11111111111110001111001001011000
11111111111111001100110001011010
11111111111110001001010001000100
00000000000010110000001101001101
00000000000101100111000110111011
00000000000001111110110001110101
11111111111001010010111110001011
00000000000000010100011100101000
00000000000010111001110111111000
00000000000010000001011110111110
11111111110111111001001111111001
00000000000001000101100101011111
00000000000101110010001111000000
11111111111111000100111000111000
11111111111000101010100100101111
00000000000111011010100111100110
00000000000010000100010011000010
00000000000110000001011011010111
11111111111111101011010010000011
00000000000010000101101110010000
11111111101000000001000111011001
11111111110101100010100100001000
00000000001000101110001011010100
11111111111100010011000011000110
11111111110000111110010100110011
11111111110110010101011001010001
11111111110111010110100100010010
11111111111010010011011001101000
00000000000010100000010001110001
11111111111101101011101101001100
11111111111101001110011111011000
00000000001000000000010111001000
00000000000100100100111000001111
00000000000110011001010000010110
11111111111100011101111110100000
00000000000000000010010001111001
00000000000100011010000010101010
00000000000101010101010101000010
11111111111010101101010110101010
11111111111000111110011111010000
00000000000011010001101000100001
00000000000100100001010101000100
11111111111011000101000101100111
11111111111100000100111000010001
11111111111110000001001010111001
11111111111110010110111011001111
00000000000001010000011001001100
00000000000100000101001011101110
11111111111110010000111101101000
11111111111111110001011100001101
11111111111011110110101111011001
00000000000100110001011101101011
00000000000110111101010000011111
11111111111110110110110111111001
11111111110100000000110110111101
00000000001001011111010100110011
00000000001000100001111000000111
00000000000101011001111101110110
00000000000010100011010000111100
11111111101101000010111110000100
00000000000010110101001100010011
00000000000110111111100101011101
11111111111111001001010110100011
11111111110110011000001101001100
11111111111100000010101101010100
00000000001000110110011001111110
00000000001000010100100110101111
00000000000000100111011100111111
00000000000001000000000110111001
00000000001001100110110100001011
00000000000010010011100101000100
00000000000000110101011100001100
11111111110110001010111110100100
11111111110000000001011101011111
11111111110010101110000001101100
11111111110110110111010111110010
11111111110001100001011011101001
11111111111101000110011100010010
00000000000001110010101110000011
00000000000100000100011011011010
11111111111000010110101101010100
00000000000000110000110011011000
00000000000000111010110011111111
00000000001111010110111110110001
00000000000011101001110001011001
00000000000011110100100100000101
00000000000110000010000110100010
00000000000100100110001001100011
11111111110011111110101001010110
11111111111111001010000110110101
00000000001001100001011110011010
00000000000110001010001010111111
11111111111110011111110100101010
00000000000100100001001011101100
11111111111101101000110011011010
00000000000000111010010011111001
00000000001010101110111000111011
11111111111101010011010010010100
11111111101101111101011001011000
11111111010011011101111101101101
00000000000000111110000011001011
00000000000110010000001110101001
11111111110001111111010010110100
00000000000000000110010111001010
11111111111101110000011010101011
00000000000011100111001111010100
11111111110110111001111001000001
11111111110100111011001110011011
00000000001000101100001111100001
00000000010001101100101100001100
11111111111001110111111011011000
11111111110000111110111011010111
00000000000000110011100100000100
00000000001011000000110100111100
11111111111010110011100010011000
11111111111000000100101010010011
11111111110111101000101000000100
00000000000011111110111110111000
11111111111110111111010101010110
00000000000010000011011101001100
00000000000011010000111100001101
11111111111100100110011011001010
00000000000111001101010001101001
00000000000110001010001110101101
11111111111001110001001100011010
00000000000101011111100100010101
00000000000111100001110110100101
00000000000011101011100001110010
11111111111100011011010000010110
11111111110100000110010111000011
00000000001011110100101001001100
00000000000101000001001111110111
00000000000001110001110110110100
00000000000100011000011001000111
11111111111001011000110110011010
11111111111110010110001011110001
00000000000001000001100111110001
00000000000010000000100001001011
11111111111101101000110011011001
11111111101101010010000100101000
11111111111011011110110010001111
00000000000100100010111000001101
00000000000011010100000111111000
00000000000100110111011011111111
11111111111010100100111010101001
00000000000101011111101000011001
00000000000011101001011110001100
00000000001001010000000011011100
00000000001000011011111111000110
11111111111011010100110110101101
00000000000101010011111101100111
00000000000101100100000010100110
00000000000010011001001100100001
11111111110111011000000011001110
11111111101001100100011010110110
00000000001100001101110000000100
00000000001000011110010101010000
11111111110100110111110110001100
11111111111011101001101001011000
00000000000100111100110011011000
00000000001011111111000110001101
11111111111110101100000001101010
11111111111000111000101110111101
11111111111101101000110110011011
00000000000001010111001110000100
00000000000111110111011010010100
00000000000101000111001001000000
00000000000011011001000101001100
11111111111111100100110111001010
00000000000101101000100001011000
11111111110100100111000010101110
11111111111111110011001010001110
00000000001001010011110111101111
11111111111100001000010001001011
00000000000000111001010010010000
11111111110010110001010100001011
11111111111011010000011101110010
00000000000010001101101001011000
00000000000000001011010001110001
00000000000010101011110010111001
11111111110011110001110111010010
11111111111110111001101110011101
00000000001011111010001001000001
00000000000110001100101111000010
00000000000010001100111110011100
11111111111010111110110010001001
00000000000010110001011111000001
00000000001000010101001000000101
11111111111001101110011100010010
11111111111001011001010100100010
00000000000111111101111111100000
11111111111111110101111100111101
11111111110111000010000111100101
11111111111010100001000001010010
00000000000000100100110100111000
11111111100101010010110110001010
11111111110001001001011100100010
11111111111100100100010001101011
00000000000101110101010011010011
00000000001010100000110010110010
00000000001010000100010111110110
00000000000010101000000000110110
00000000000111001110001000011001
00000000000001001001101010001111
00000000000010011101111100001110
00000000001000100101001101001110
00000000000101000101100100011111
00000000000000110010000100101111
11111111111010010000010101101111
00000000000001000001011110100110
00000000000011110111011001100000
00000000000010110110100100111100
11111111111010001110110000011001
11111111110111000101010110010101
11111111111110000100110111011011
00000000000001101101011000000100
11111111111100111111101010011011
00000000000101000011000111001110
00000000001101010010101001011100
00000000001100010000101000100000
00000000000000101110010101011110
00000000000101010111011001101000
00000000000110100011000000101011
00000000001000100001111010101010
00000000000010011001100010101100
11111111111111101110110111100000
11111111111011110000111011111000
11111111111111111101100101011010
00000000000010011011101101101000
11111111110100001110011111011101
11111111111000010110111011011100
11111111111000101111011101001111
00000000000001100010101000000111
11111111110100100101100000000101
11111111111110110011100101010110
11111111111100001101111001011110
00000000000011101001000100101011
00000000000100101100101001110111
11111111110101001000111111011111
00000000000000111101010110011110
00000000000010110011010010101100
00000000000110011000111100110110
00000000000100010100010110000100
11111111111010110001101011011000
11111111111100001100000111111001
00000000000100001000001111111111
11111111111100000110011000110100
11111111111011101011110101001111
11111111111000010000101100110000
11111111111011111100000101100001
00000000010101110000010111000000
11111111111111010110100010110110
11111111111110011011011011101010
11111111111100000011001001101011
11111111111111010010111110101000
00000000000101011101101000100111
11111111110111011001101111001100
11111111111000011000110010001110
11111111111110010101001000101011
00000000000011101101000111011001
00000000001001110101001011101111
11111111111000100011000110001011
11111111110001000111111100010110
00000000000100010000101100000010
00000000000011100110111110000110
00000000001110000011010111110100
00000000000100100011001001110010
11111111111011110111011110000011
00000000000000011110011111011011
11111111111010000110011111011101
11111111111011001011100101001001
00000000000000100001000111000001
00000000000010111101111111110011
00000000001010000000001101010001
00000000001000100100100101100110
11111111111100001000000100001000
11111111111100111110011100001010
00000000000000000001001010000011
00000000000010110000001111101001
00000000000010000111010110111000
00000000000111000111000111011010
00000000000011101111000100101011
11111111111111001111101111000010
11111111111011001110010001111001
11111111110100111100011001111011
00000000001011110000000100011000
00000000001000101100001001011000
11111111111001010101100110100111
11111111111010011110111101001110
11111111111000101010111011111100
00000000000101000000000001100000
00000000000110011110111100000011
00000000000011111000100010111101
00000000000101010111110000000110
00000000000001010111011011000000
