11111111111110111101011101011111
11111111111100011101001101111001
11111111111101100111111101110000
00000000000111000000000100110000
00000000000001000001000110101100
11111111111010010011111101100010
00000000000100101000001010110101
00000000000111101001000110001101
00000000000000111000110100000000
00000000000100111000010011000111
11111111111100110110001001010010
11111111111100001001010110101001
11111111111001110010111101101000
00000000000001101011011101100101
00000000000111101110100001111101
11111111111111110011111110010001
11111111111011001101001110101111
00000000000000001101000011000011
00000000000001010111011001110100
00000000000110101001110001011011
00000000000001111000011001110000
00000000000101011010110010011101
00000000000011111011011011111001
00000000000011100001001011110001
11111111111101100010110001000001
11111111111100011111101111101000
00000000000100101001000111010111
11111111111110101110111001000011
11111111111010101000001111111100
11111111110111100110001111011101
11111111111011110101110001000101
00000000000000111100000111110011
00000000001000111011000001000101
11111111111101111000011100101001
11111111110011011110001010010111
00000000000111101010011100010001
11111111110111111101111001100010
00000000000100011100001000001100
11111111110100010011100001100010
11111111111100110111100011110000
00000000000111000111110110011110
11111111110101111001000001100010
00000000000001111100100001100010
00000000000001011000111110110011
00000000000000101101100000111111
00000000000100110100100000101101
00000000000001001101111000101101
00000000000011011110100100010101
00000000001000011000110011110111
00000000000010100010101101011111
00000000000111011100010000000100
00000000000110111110100001100011
00000000000011100101100001101001
00000000000010000010110111101010
00000000000000111100010111011110
11111111111100111100111001001011
00000000000001001010000100100001
00000000000100010000111100111100
11111111111100101110100000101011
00000000000100110110010100011010
11111111111011110100001010111111
00000000001000011010101111011110
11111111111101111011100011011100
11111111111111011111110110111111
00000000000000101001111101010001
11111111110101011000101100101100
00000000000000000100010101110011
00000000000001110100110111001101
11111111111111100000010000101001
11111111111110110011001001110011
11111111111001100100100001111011
11111111111101110001011111101001
00000000000011011010011101000010
00000000000011011100011100100000
11111111111111110000011101111011
00000000000010011111011101010000
11111111111100110010100001110001
00000000000000001010111001100001
00000000000100110111111010001011
00000000000100010011100010000111
11111111111100101000000000000101
11111111111111110101100100010100
00000000000000101100001011101100
00000000000010010000110110010010
00000000000011101111010010010000
11111111111011010000100000110001
11111111111111110101110011011000
11111111111110000011110100101011
00000000000100011110000101001000
00000000000001010110110000101110
11111111111110010100100010110110
11111111111110101100100011011011
00000000000011000000111111000011
00000000000101000100011100111001
00000000000010010110100010110000
00000000000000101001110110000110
11111111111010101010011001011001
11111111111111010111100000010010
00000000000101100111111110011111
00000000000100001100101111001111
00000000000000010111100100100111
11111111111111011111110111101100
11111111111000010010000001011011
11111111111011000000110010100110
11111111111110000000101000110011
00000000000010111000001100111100
00000000000000101110101010001101
11111111110111010100100001000100
11111111111000101011101111010011
11111111111111101011010011110110
00000000000010100101110000110010
00000000000011000001000011101110
00000000000010011011110010110100
11111111111110100001111111110110
00000000000000000111000001111001
11111111111111101011110101100100
00000000000100110110011110000010
00000000000111010110100010101111
00000000000001000010001111100100
11111111111111100100010000111001
00000000000101010111101111011101
00000000000101000111101111101011
00000000000110110110110110100010
00000000000011101111001100000000
00000000000010000001100011001111
11111111110101111111101011101111
11111111110110100001010011110000
00000000000001110100000111010101
00000000000010000111000001110000
00000000001001010011100110101001
11111111111001010100100000010101
11111111111101000010001010101110
11111111111110001011111011110111
11111111111111111000101101111111
00000000000111000100111000011001
11111111111111101101100101010111
00000000000000100000111100100101
00000000000010010111101101110000
11111111111110111011000101110110
00000000001010101010011000000001
11111111111111101011010011101100
00000000000000010001011011100001
11111111111101110101000011111111
11111111111111000101000110001000
11111111111011011000110100000100
00000000000001000001110101111010
00000000000000011100101011101000
00000000000011111111111010010101
11111111111101111110001000010000
11111111111101100000000000011100
11111111110100001010100011000011
11111111111011011101111100111111
00000000000111101010001001011110
00000000001010111001110010011111
00000000001100100100001011000000
11111111111011111110101011100111
11111111111100110000101001101000
11111111111110000011010100010010
00000000000000000011000110001010
00000000001011010011011001010101
11111111111011000101011001110111
11111111111111110110100111000001
11111111111110011101100111001000
11111111111101100100110000101001
00000000000010000110100001001101
00000000000001000010111101001010
11111111111001101010110110000110
11111111111011010011101000011100
11111111111100001010010010101100
11111111110100000101010111011001
00000000000000100010010101100101
00000000000000011000101100100011
00000000000010111110001101011110
00000000000100001101000111110011
11111111110011011110100101000101
00000000000010101111101110110101
11111111111011010000101011010001
11111111111110010000101100101100
11111111111110100111011011010111
00000000001000110001010101111010
00000000000001111010000010101101
11111111111111011101100100110111
11111111111110000010000100110110
00000000000001011101000011101011
00000000001010000110010101011011
11111111111101101000100100000100
11111111111100101100001001001011
11111111111111111110100100001000
11111111111111110010000111100010
00000000001100111100010101100011
11111111111101110101011000010010
11111111111101001100001010010010
00000000000010110101101111101110
00000000001011001000110111100101
00000000000010001000111111100001
00000000000011011010100100000100
00000000000011101100100101110110
00000000000000111001101011011001
00000000000100001010101111110110
11111111111111011001111001100000
00000000000110010010110100000010
00000000000110100000110000010111
11111111111111011010001111001001
11111111110110111110110001010011
00000000000011111000100001001011
00000000001011000101000110111011
00000000000100010011011101010011
11111111111011000101101110010011
11111111101111011001010100000001
11111111110000100101010001001100
00000000000111101100110010110100
00000000000110100100010010111111
11111111111100111001010111111011
11111111110001011001101000110011
11111111110111100010100011111111
00000000000010001101011101000010
11111111111110111111101100010111
00000000000010110010111111000111
11111111111101101000001101011100
00000000001010011011100000100101
00000000000001101011101011001100
11111111111010001111110000001100
00000000000010111010110000010001
11111111111101010100001000100000
00000000001010001010011001101101
11111111111000000101100101101011
11111111111001011100011100101000
00000000000010011101001101001000
00000000000000101000101101110000
11111111111110011000111010011001
11111111111011000010010010100011
11111111111101010100000111000100
11111111111100110100000011000000
00000000000000110001010111010101
00000000000010011011110011011110
00000000000000010001000011110011
11111111111010011110000000100000
11111111111111001001101011110000
11111111111101010110011011110000
00000000000011000101101111101010
00000000000010000000011110101011
11111111111111110111010101100011
11111111111101011110111100110101
00000000000100101011110000101011
00000000001011011111111110101110
00000000000001001101110010101100
00000000000011111110000011111111
00000000000110011011111011101001
00000000001011010000000101101101
11111111111111001110100010010101
00000000000001110010100011010010
11111111111110111110000110010001
00000000000011100101101101110010
00000000000001111111110100010100
00000000000011110101011011000110
11111111111110010000110111111100
00000000000100010110011001001011
11111111111110101101001011110110
11111111111110111100000000110001
11111111111111111011001000111111
11111111111001111110011011011111
00000000000000011101110010001011
00000000000000100000011110111011
11111111111010110010011100100101
11111111111000010111111111011000
11111111110110101000101111001001
11111111111010011110010011001000
11111111111101011100100010011110
11111111111110010101011110000010
11111111111011101100000110100110
11111111110100110101111110110000
11111111111010010001101011010110
00000000000110110000111111000100
00000000000101110011100001001110
00000000000010010011000000100000
00000000000111001000101100011110
00000000000110010101111001000101
00000000001110111111100011110010
00000000001110010110011100010011
00000000001001010110011100011011
11111111111111011000110110000111
00000000000101110111101100010000
00000000000101000101101001010010
00000000000000010101011000001011
11111111111011111101100000100100
00000000000000110101000000000011
00000000000111001110101000010000
00000000000000110001101001010000
11111111110110010110111010000011
11111111110110111110000000000100
00000000000011110100110001111001
00000000001001111100010001101110
11111111111010010010011110010001
11111111111101000010100011110011
00000000000001011101100001001000
11111111111100001111010110000101
11111111111101000101010101011010
11111111111110100111101110010111
00000000001100000100111101011111
00000000000100110011001000101110
00000000000101111011100110011101
00000000000101111011100010101111
11111111111010110000101100001000
11111111111111010111101100001101
11111111111111010011010110011110
11111111111111010100010011111100
11111111111011110110101101110101
11111111111000101001101111011001
00000000000010110101100111110000
00000000000001000101000010101101
00000000000111111001001100011010
11111111111111010100101011111001
00000000000000111001101001101101
00000000001001111111001110001000
00000000000111100101101000100100
11111111111110011100101110000000
00000000000011011000011101100011
00000000000101100010011011000110
11111111111101010011101111011100
00000000000000100110001011100111
00000000000000001000001111010010
00000000000101011110000010110001
11111111111011101110011001100111
11111111110100101110010101000001
11111111110001110000101111111001
11111111110100000111101001101101
11111111111111010101101110010011
00000000000000111000011001111001
00000000000010011111010000100001
00000000000010101001001100111000
11111111111100110100111110100110
00000000000010010010111001001110
11111111110111011010010011010001
11111111111110111011111110100100
00000000000110111011110000000111
11111111111010111011000001000110
00000000000001101100111100000101
00000000000100100111000011001100
11111111111000010001000011001010
11111111110110001110010001010101
11111111111111011011111001100110
11111111111110110010000110101001
00000000000000010000101011101110
11111111111010111111111000101010
11111111111000010111000111010100
11111111111101101101001010101111
11111111111111111100011010011001
00000000000011111110000111111001
00000000000110010000011000000100
00000000001011000011000100101101
00000000000001111111011010111001
11111111111111011001000100000101
00000000000101101100110011011100
00000000000010010001101001011001
11111111111001101110101101000101
11111111110011001111011011110100
00000000000110110010000001101000
00000000000011110011000101110101
11111111111001110111100101001100
11111111111010000100010100111010
11111111111010101011001111000000
00000000000011000110100000011000
00000000000001101111010100011100
11111111110101010001110111001111
11111111110111000101010101100101
11111111110111100010100011111101
11111111111001100000100110000100
00000000000010111000100011111110
11111111111000011010011010010111
00000000000010111101011010011111
11111111110111011001011001000010
11111111110111110110110001000011
11111111111011101010111110011000
00000000000101010001111101101011
00000000000100010110101111011000
11111111111110001100100111101101
11111111111110110110010000111010
11111111111011100100110000000010
11111111111110100101010000010110
11111111111111010101111011110110
11111111111111110011000000010000
00000000000011010001110000100000
11111111111110100110101101010010
00000000000110010111101000111111
00000000000100100100101010101000
00000000000000101011000010010001
11111111111101100001100111111011
00000000000000100111001000001101
00000000000111011111011000000111
00000000001110100000010010110101
11111111111101110111011111001100
00000000000000100001000001000100
00000000000001110101100010010001
00000000000000101111001111011100
00000000000010010010010110110100
00000000000010010101100011110011
00000000000100110000110010011010
00000000000010010111000111010100
11111111111110000000111001011100
11111111110100101100111100011001
