00000000001100011000110101011100
00000000000010001010001110110011
11111111111101110111111101110000
00000000000101001111011010001011
00000000000101000001110110000101
00000000001001101100101100100100
00000000001001100110101010101101
00000000000011000100000110000010
00000000010000110100111001000111
00000000001110000101101110011100
11111111111101000000110001110111
00000000001000111011110111101110
11111111111110111100101001010100
00000000000001101010101101000000
11111111111111000101010110000101
11111111111000100001000111111100
11111111111010111100001110000110
11111111111001101010000101010011
11111111111110011111110010000011
11111111111000100010000010111101
00000000000000011110000011110111
11111111110111110111111000010010
11111111111100110100000101001011
11111111111101000010000101001101
11111111111010100000000011101001
00000000000000100010000010111010
00000000000111111000010011101100
00000000001001001011110010111001
11111111111011011010010011111011
11111111111001001000000011110110
11111111111011001101001110111000
11111111111100011100010010011001
00000000010110111011110111001110
00000000000101000110111010101110
11111111111101100100100001001111
11111111111011110001110011111111
11111111111001001011110011110011
11111111111111000111011101110110
00000000000001111000111001011100
00000000000011000001101111101010
00000000000011000101100010001100
11111111111011111111001101110011
00000000000010110011011000101110
00000000000101001001001101010101
11111111111100101001100001010100
00000000001101001000010111000111
11111111111100111001000110011110
00000000000100101100000100011111
11111111111011111110011110101111
11111111111100110111001011110001
00000000000011001010100001100011
00000000000101011001101001101110
00000000001000000001111010010000
11111111111001110011100100001010
11111111111110011100010011110011
11111111111101000100100001110101
11111111111110100101101001110010
11111111111001101010100111011000
11111111110011101011110010000101
11111111110011111111001001000101
11111111110111111101001001000010
11111111111010011000111011101101
11111111111001111101000010001111
11111111111101011100001000011100
11111111110101111110110100100001
11111111111111000001000111100101
00000000000101111001111001100010
00000000000000000110101110110010
00000000000100001011010110011000
00000000000001010111010111101101
11111111111100011100001011111011
00000000000110010001011101011000
00000000000000110110111110001110
00000000000010101100001011001100
00000000000010000100100101010010
00000000000111010010011000110011
00000000000000011101000111111111
00000000001000001111011011011111
00000000001001001110011101100011
00000000001001100001011101001010
11111111111011101010010111011111
11111111111100101101001001010000
11111111111001100101111100110001
11111111111011100101100100111101
11111111111000001010000010010011
11111111111111001100111101000101
00000000000001111100110101010000
11111111111111100000100001111100
11111111111110000011101011100110
11111111111101010110110000101011
00000000000110010010010100001011
00000000000001101100011100001110
11111111111101000011010000010010
11111111111111100100110000001000
11111111111101001011011111110011
11111111111101101111111011111101
11111111111011001110010011000001
11111111111111111010010010101000
11111111111110111110100100100111
00000000000000010010001011001100
11111111111100101001001111001111
11111111111001111001101100010110
11111111111001011001101100010011
11111111111111101010101100101011
11111111111000000101101011011001
11111111111100101000111011100101
00000000000011110000000101000011
11111111110110110011001100001100
11111111111001000001000111101100
11111111111101010000110111101110
00000000001001101010100100110000
00000000001110100010111010110110
00000000001101110001111010011010
00000000001011011111111111000001
11111111111110110101011111101110
00000000000101001010011000110110
00000000000110101011001100010001
00000000001011100110010001010001
00000000000000100001110100000100
00000000000001110011110110111001
11111111111101110110010011101000
11111111110100101101100001000010
11111111111101011101111110001000
11111111111000111010110110100001
11111111111011101110010101100001
00000000001001011111010101010011
00000000001100000110100111111000
00000000001100111110100001001111
00000000000100101100110110011101
00000000001100111001011010100110
00000000000011010010101011001010
00000000000101110100011010010101
00000000000101110110011000101110
00000000000101011000101000010001
00000000000010011110111110001111
00000000000100011100111001010000
11111111111010101100101000010100
11111111111011100101111110111100
11111111111011000110000111110010
11111111111001100011001010110110
11111111111001000111101101011110
11111111111101011111001100100001
00000000000001010000001100100110
00000000000010101100110110101101
00000000000110010110111001011101
00000000000101011010101000100011
11111111111111100000101110100000
00000000001000101101011100101101
00000000000011011001011110010001
00000000000010000100110000010011
11111111111111101110011011101110
11111111111110010100000001001010
00000000001101100011011100010011
00000000001100110000111001011100
00000000000011010100100101001100
00000000000000100000010010111010
00000000000000101000101010101101
00000000001101000010111111100110
00000000001000111010100101110100
00000000001010011101011110100010
00000000001010001001011010100100
00000000000011100000101010011111
00000000001000111100001001100110
00000000000110100110010101101101
00000000001100011110101010101110
00000000000001000011111100100000
11111111111100010101001110000000
11111111110110010100101011100110
11111111111000110000000010000111
00000000000010011111011001101111
11111111110000001001011011011001
11111111110111101100000000111101
11111111111100011010110011100011
11111111111110110110001100000010
00000000001101011100010111110011
11111111110101101011001000010000
11111111111010101001110010010101
11111111111000100110010010110001
00000000001010100100100110100011
00000000001001000000100101111010
00000000000101101000000101001100
11111111111110110110110110011001
00000000001110000101011101100110
11111111111110011001011011010100
00000000001101000001011101001010
11111111111101010100001101101111
00000000000000100001101111001110
11111111111101011111110111010110
00000000000110001011011101111110
00000000000101001110110011100111
00000000001001010011001100100001
11111111111010001100100001110001
11111111111010100011000111000010
11111111111011100110010101111010
00000000000111000011001101110100
00000000000111000000110111011111
11111111111100011100110001000001
11111111111001110100100110110011
11111111111110101101011000100110
00000000010010000010100000101001
00000000000000111101111010001100
00000000000000101000110000101111
11111111111000101100100100100010
11111111100110011110001000010100
11111111101011101010000010101010
00000000000100011011010011000101
11111111111110100001010100100010
00000000000010110001011000101101
11111111110010111101001100111110
11111111101001001111001100110001
00000000000110001000100011111011
11111111111000111001101000011111
00000000000110110101010101011100
11111111111010010010000000111000
11111111111111001100101010010100
00000000000101110100010101001100
11111111111010010110011111100010
00000000000111111101110101111010
11111111111011110000110101011111
11111111111011010101111100100000
00000000001110010001110100101010
11111111111000011010111010000101
00000000000000100011101010000111
11111111101110000111100010110101
11111111110100100001011001100111
00000000000011000110010101010010
11111111111000100101000111111001
00000000000101110001000001011111
00000000000010100000001001001001
00000000000001101010001100000000
11111111111001001100000011000001
00000000000000001110101110100101
11111111111101100100111001011110
00000000001100111111101000011011
00000000000111010111001100011110
00000000001001110101101000110110
11111111111111101001010001110000
00000000000010100011011011000011
11111111111111000111010100001011
11111111111110001000111111111010
11111111111010000110011111000111
11111111110111110000110100000010
00000000000000101001111100011110
11111111111100000010001100011110
11111111111101010111011011111011
11111111111101101011101001010010
11111111110110011100011000100000
11111111110111111011101000010001
11111111111111111111010010111111
11111111111110110100000100101000
00000000000111101011011001101010
00000000000011110110100001010010
00000000000110010010110010000101
11111111110110010000111010010010
11111111110011101010000100110011
11111111111001110000100001100011
11111111111100011010111011110100
11111111111110100110011100010010
11111111111011111101011011111101
00000000000000101100001110100011
00000000000011010000100011001110
00000000000101001010001101010010
00000000000001100000001100110011
00000000001000001101010000101011
00000000000011010111110110001001
00000000000111000011010001010110
00000000000011011011001000010100
00000000000010111000000100110101
00000000000010100110110001001000
00000000010001101110110110010000
11111111111100001101011010110101
00000000000101000110001100100001
00000000000011111000011111011001
11111111111110001000000010000101
11111111111011010001010111010110
00000000001010101010110011100001
00000000010001111111011010101000
00000000000111110110010111011101
00000000001001001101011000010111
00000000000101010101010001111011
00000000001010110110101101010111
00000000000110110000000110111101
11111111111000000111000010110100
11111111111010000111000110110000
11111111111001001001010010001011
00000000000111110011101000001101
00000000001000010100111110101101
11111111111000010111101011111110
11111111110101111011010101010100
11111111111011001110011111001111
00000000001100110110101111101110
00000000000101011111111010001001
00000000000000100110111010101111
00000000000010011011111111111110
00000000000001000011100000100010
00000000000010110110101001000010
00000000000011011100100110010100
00000000000010011011001100101011
00000000000101011010001111101000
11111111111110110111100010111000
00000000000100011001111111010010
00000000000111000101011001010011
00000000000001010101010110011000
11111111111011011100100010001000
11111111110011110110010001011100
00000000000010011110111101100111
00000000001000100011010101010100
00000000000100000110001001100111
11111111111111001101111111010001
11111111110101010000111111000100
11111111111110010011001100111011
11111111111110100110011110100001
11111111111101011010011010001010
00000000000110100000110010100010
00000000000111110010011101110010
11111111111000101010010100011111
11111111111101011110100101110100
11111111110001101000000010110000
11111111111001101111000100101100
11111111111111110011100110111111
11111111101111100100110011010110
00000000000110101111111000110011
11111111110100000111110100011011
00000000000010010101011100000110
11111111110111101010000110100000
11111111111110100010100101101100
00000000000101000000001110100001
00000000001001000110001011010010
00000000000001111011100001001011
11111111111000110101100011011000
11111111111010010100001100011101
11111111111100001000011011101001
11111111110100111101101100000001
11111111111111101010111100010010
11111111111011001011110101011101
00000000000000101010000001011111
00000000000110110100010101100111
00000000000001101100011000101111
11111111111011110000101110000010
11111111111111010101110111111100
00000000000100001111101001010001
00000000000010011111001010111010
00000000000000000010001001110001
11111111111011001010100010111011
11111111111100110101010101111011
11111111110101100110001010000000
11111111111101011001100111001011
00000000000010101100010001011011
00000000000000111001010110101111
11111111111110000111000100110010
11111111111111011000000001010110
00000000001001000000001111011100
11111111111111010011100000101011
11111111110010101011010011011111
11111111101110110101101111000110
11111111111000111101101111101110
11111111111100001001111101000111
00000000000010110100110101001101
11111111111000000010001111110011
11111111111010000001101100101000
11111111101100011110000111101110
11111111110011100101010110010101
11111111111110100000100011001011
11111111111011010111001101111111
11111111111110110101011110000001
00000000000100111101011010101101
00000000000010011110011001000110
00000000000010110001001110101010
00000000000100101011010111001100
00000000000100010101010010011000
11111111111111111111010111100010
00000000000010010000011101111111
11111111111111010011000100111001
11111111111111111101110111101110
11111111110110100001000001110101
00000000000001011011011101001100
00000000000011100111010011001001
00000000000010110001101001101011
11111111111001000011001010011001
11111111110111011000001101111101
00000000000101111011101011111011
00000000001011100010101100001001
00000000000011010100110100000000
00000000000010111101011100010101
11111111111100101010100111011010
00000000000101110011001010010000
11111111111101101010001011100110
11111111111111001000010010000110
00000000001100010011011010011010
00000000000010010010101111010111
11111111111100001000110000000100
11111111111101010010100011000010
00000000000001011101010011011100
11111111111111001100101011000010
00000000000100010111001111101100
11111111110011101010110011110111
00000000000001101000111010001100
00000000000100100011000001100010
00000000000110110000001000000100
00000000001010101000011111111001
