00000000001001100101100110100011
11111111111011011110110011000001
00000000000001111101011100001011
00000000001011100100101010011111
00000000010110000111000101100101
11111111111111010001111100111001
00000000000000110010100000011011
00000000000011111110101100100001
00000000000001101100001110110110
00000000010010100011000111110111
00000000000010110101101100011111
00000000000010010101100010100111
00000000000111101100110111011011
11111111111111011010010001100011
11111111111101001000001001001110
00000000000001111100011011001111
11111111111100000011111000110010
11111111111110010100100100000111
00000000000110011100001101011111
00000000001011111000110110001010
00000000000000001110100111001111
11111111111110011110000001100110
11111111111011110101100100111110
00000000001000101110000110010101
11111111111011111110000100100101
00000000010001001000101111111010
11111111111011110100101000110001
11111111110111111101001001001100
11111111101100101100000010110001
11111111110010011110000001100000
00000000001001010000101100111110
00000000000011001011101101111100
00000000010000110110000000100111
00000000000001100101001011011100
11111111111101111011100101101000
00000000000110111110100000110001
00000000010000001010101000101010
00000000001011110000110010011111
11111111110111101011011111111100
11111111111100111101101111000011
11111111111101100100110001011101
00000000000010100111010011100001
00000000000010101000011101101111
00000000000001100110100011011010
00000000000110001100000000010010
00000000001010010000001101010111
00000000000011011110100011111101
11111111111000000011110100111111
00000000000001001011000100001001
00000000001111110010001111010011
00000000001010000111001101101010
00000000000001010100011100101001
11111111111110110100111111110101
11111111111100111000001110000110
00000000000001001010001011000110
11111111111110011000011101111111
11111111110011101101110101110111
11111111111010111101000000111101
11111111111000111101011010011010
11111111111000110100110010010011
00000000000000110101101100110110
11111111111010100010110111110110
11111111111110100110010111110001
00000000000001001010111110010001
00000000000000100011100111011000
00000000000101111100000101011111
00000000000010100110101010101111
11111111111100001011011101011111
00000000000001101011001010000100
00000000001001011100110100000110
00000000000100111000001110001101
11111111111101001001000010111001
11111111111001010010001101101001
11111111111110111011011111001101
00000000000100111010110110111100
00000000001100110100001100100111
11111111111011001111111011111011
00000000000101110011001010010001
00000000000101110100100011110011
00000000000011111101010101010100
00000000000100110010101100011110
11111111111010110100011110111000
11111111111011101001110110101010
00000000000001011000001100010001
11111111111110011110110010111101
11111111111101111001100111000111
11111111110110111001011101100110
11111111111011111000111011101001
00000000000011010101101100100010
00000000000100110110000110100101
00000000000000010110011011001101
11111111111010110111011011010001
11111111111100011010011101001001
00000000000010111100100010011111
00000000000010010010000110010110
11111111111010101101000101110100
11111111111011101000011001001111
11111111111100001000100010001011
11111111111010011100010011110110
00000000000101010111100011110000
11111111111001101100010001001110
11111111110110000110110000011001
11111111101110110100010111001101
11111111111100001101100011100010
11111111110111101110000101100100
00000000001010010100001000100011
00000000000010110000000100010010
11111111111010001100001011011010
00000000000001001000010011110011
00000000001011010000101111010111
00000000010001010100010011110010
00000000001001111000011110001101
11111111110111000011000111101100
00000000000000100100100101110010
00000000001001111000101110010110
00000000001100000111110101110010
00000000000001100101101110111100
11111111111001110111001001111111
11111111111100011100011111100111
11111111110110110110000000100001
11111111110010000100001000010001
11111111111101011010011100111001
00000000001001011001000011111100
11111111111001010111010000001111
11111111110101110010111100111001
11111111111110101110010011001010
11111111110110110110011110111101
00000000000101111100011011110011
00000000010000101001110111100111
00000000011110100110001110011001
11111111111101000111010111100000
00000000000001101000010101001000
00000000001000101110101010011110
11111111111110011011011110111110
11111111110101011001101010101101
00000000000101110001101100101001
11111111111110010011000010110111
00000000000000010110010110110111
00000000001011001110110000001010
00000000000101110011110011001010
00000000000000110100110001100101
11111111111010010110001010110001
11111111111111001111001001111010
00000000000111000011111001011111
00000000000110111101100000001010
11111111111101100111101000000000
11111111110100100100011111111100
11111111111101100011011101110111
11111111111100000010110001101100
11111111111000010010101011100110
11111111110100100100000000001011
11111111111100011101010001000010
00000000000001101010000100011000
00000000000110101101010000000110
00000000000101101011001011111000
00000000001100100010000010001000
00000000000110001011001010011010
00000000001010001101100011110111
00000000001010000001010111111101
00000000010000111010000110110011
11111111110001000000001100100001
11111111111101000100011100100101
11111111111101100010110000110001
11111111110110001001000110110010
11111111111111110101000001110110
11111111110001111010100011101001
11111111110000011101010110010101
11111111111110000000111101010000
11111111111111001001100011100011
11111111111000101100000001110000
11111111110101001101111011001100
11111111111110011110000110101000
11111111111111011010111111111111
11111111111101111111001111010111
00000000000010111000101000111001
11111111101101000000001101111001
00000000000000110100111010110110
00000000011011100101011011110111
00000000010010001101011100001110
00000000011011001001111000011010
00000000000001010011010101100010
00000000000001010000000011110011
00000000001000000111011101110101
00000000000001010100000010101110
00000000001111100100001010110110
11111111111010101100000111100100
00000000001000110111101100111001
00000000001001101111100001000110
11111111111111000011010011110001
00000000000101000111010010010101
11111111111110100001110010000011
11111111111010110001100001111011
11111111111010000110100000010111
00000000001010001010001100000000
00000000000001101011110010110001
11111111111010111001000111010001
11111111111011111111110000001100
00000000001110110000101001001000
11111111110011010110111110011101
11111111111101111001010101101100
11111111101101000111000001111011
11111111110100101000010111000001
11111111111001111000011111010000
11111111110110110010001001111110
00000000001101111010011111001010
11111111111011100111100001011010
11111111111100101010111010000010
11111111111010110010001001011000
11111111111000010011111101100111
00000000000001000111001001010001
11111111111101010011010101101010
00000000000011110001111001110111
00000000000010000011101000011101
00000000000111100101001010111101
00000000010000011001000101110010
11111111111111100010110101010110
11111111111100000100011011000001
00000000000010001100110110110010
00000000001100000010010011010110
00000000010101111000011011111001
11111111111100011100001000001011
11111111111100100101001110110000
00000000000100100110011110000100
00000000010000110010110110101000
11111111110011111000110011110010
00000000001101000010011110101101
11111111111010000000100111000010
11111111111101000111100010100110
11111111111111011101110101010110
00000000000101011111110110100001
11111111111010001110111011010010
00000000000100101010010111000110
00000000000100011000010111110100
00000000001100000110100001000101
00000000000101101101010110110110
11111111111000010010111010000000
11111111111111111100010001011011
00000000000010100011010110100111
11111111111011111101011101010000
11111111110001100111001001010101
11111111111101110111101101101110
11111111110111001111110111101001
00000000000011010111111001101111
00000000000101011111010000011100
00000000000101100001110011000101
11111111111100111110101100001100
11111111111000110010101000101011
00000000000101001011000011010000
11111111111110100111011010000111
00000000001100001010000101111001
00000000000100110000000000000100
11111111110110100010111010000111
11111111111010101011100101110011
11111111111111001011010101001010
00000000000011000100000101101011
00000000000000011001011100110111
00000000000011100001111000010100
00000000001101001001010110011010
00000000010110100011010000111101
00000000001111111001000101001000
11111111111111001001011010100110
00000000000010111110110001001111
00000000000110001011010110101001
00000000000000111010100011010110
00000000000010011011001010001110
00000000000100010000010110100101
00000000001000011001001100100111
00000000000001001010001101111011
11111111111010010101000011100001
00000000001100100111000111000101
11111111111101100000100001110001
00000000000001101011111000010001
00000000000100011010011111100100
00000000001001101111111000100100
00000000011000100001100011011110
11111111111011011010100101011010
11111111111010001101101000110100
11111111111100001111101010100000
11111111111111111101011100000100
00000000000101000001101011100111
11111111111011000011000011000010
11111111111101011110001110110111
11111111111110001001111110100011
11111111111111111111011100100010
11111111110011001001000010001000
11111111111111000100111100100010
11111111111110101111000101101011
00000000000011110110000011001101
11111111111110010011010100011001
11111111111011111110100110110100
00000000000110110011001100010011
00000000000111011010111010101100
00000000000011001111010011101110
00000000000010011110011010110110
00000000000111111001111111111011
00000000001011011110111001001010
11111111111111101101100101010001
11111111110110110010010000100011
11111111111100111110001101101001
11111111111011010000110001000111
00000000000110100100101100010010
00000000000111111001111111010010
11111111101011100111111100110000
11111111110101000110001010101111
11111111101101111011110101111111
00000000010000000101000001010111
00000000010010001111101000010100
11111111111001101111111101101010
11111111111110011011110001010100
00000000000100011110001100000010
11111111110111000011110000000001
00000000001000110110001010110111
11111111110011110111011000100000
11111111110110010000010100011100
00000000000100101111010111111100
11111111111111110111101110000111
00000000000001011101101011001111
11111111111011101001100011100010
11111111110011010011010100100111
11111111111010010001010001100010
11111111111111011011011001000100
11111111111011011101001110000000
11111111110001000101011010100100
11111111111011101101001100000111
11111111110110011001101001010111
11111111110001101101010100101010
11111111100110000011110101101101
11111111110010000011001000110101
11111111111011101000100110011100
11111111110000100000010111000001
00000000000001001111111110000001
00000000000100100110100110101000
00000000000110101011000001011100
00000000001101001000110000011011
00000000001010110010010101000111
00000000000010001011101101110111
11111111110111001001101000100010
00000000001000011001001100110111
11111111111101101001000101111101
11111111111110111010001000110111
00000000000101111001010010000011
11111111111011111100110101111010
11111111110100100011111101110111
11111111111010110000101110000110
00000000000001111001110111111101
00000000000001101111111111001100
11111111111111001010100100110111
11111111110111101100000101000111
00000000000001010111100001010000
11111111111110010100011000101100
00000000010100001100001110010001
11111111111101000100110001110010
11111111101110111110101100111110
11111111110000111101100110000100
11111111111001001100001001111000
00000000001010001110010001000101
11111111111110110101000111011000
00000000000011100011011001101010
11111111110101010000110100101111
11111111111110011010101000101010
00000000010001000010011011110011
00000000001001101110111100101001
11111111111110111001111111011101
11111111111010111101011000000000
11111111111110010000001000011000
00000000001100001010001000010000
00000000001110000001101100111010
00000000000000001100111110001010
11111111111100111101001111111011
00000000000110110101111011111111
00000000001101010101101010001010
11111111111110111110010010011001
11111111111001111100100010100000
11111111111110000111010110001111
00000000001100010110100010100000
11111111110110110101011110100100
11111111110010100110110110001101
11111111110000011010011000010101
11111111110110100000110101110100
11111111101011011101010100100110
00000000001101100010111011010001
00000000001101101111011000111011
00000000000100000001100110110110
00000000000011100101001110010001
00000000000010001101010001110011
00000000001111000001010111111011
00000000001000100110100100101111
00000000001110100001010100101001
00000000000110101001011001110010
00000000000011010101110000010100
11111111101101011111101001100100
11111111110100000000011000100010
11111111111010110010110000010110
11111111110100111110010011000101
11111111110111000001011011000010
11111111110001101001001101100000
11111111110100101101000110111100
11111111111000010001010010111011
11111111110110011111111110001101
11111111101011010001010100000010
