00000000001000011101110011000110
00000000000001101001011111000011
11111111111000101101110001101010
00000000000010000010110111000000
11111111111101100101010011000001
00000000000100000101011100011101
11111111111110110101111001011111
11111111111000010010101011110011
11111111111101100011111110010110
11111111111111101001101100111111
00000000000100011000010110110110
00000000000010010101110110110101
11111111111000100001010101000000
11111111111111001101101100011100
11111111111101001100101010110001
00000000000110110001111010100010
00000000000001010111010100001001
11111111111111010011101011000011
11111111111110000011100001011000
11111111111110110110111011111110
11111111111011101011000011100000
11111111110101000100111001010110
00000000000000001111000001001110
00000000000011000000111111100000
00000000000101100100010000111010
00000000001100100000101111100000
00000000000011110001110011000101
00000000000011001001001010101111
00000000000100110000100000100110
00000000000110110011111100011101
00000000000011110011111111111100
00000000000010101010110101011100
11111111111110101001011011011011
00000000000001100100010010101100
00000000000011011010101011011100
11111111110101011000101000111110
11111111111111100000000100100000
00000000001000111100101000110010
00000000001000010000011000001111
00000000000010101100101101110111
11111111111001011011000111001011
00000000000100011110000001101111
00000000001001111101001111011101
00000000000000101000100111000010
00000000000110000111111110100010
00000000000100001101001110010010
00000000000010100001001100111001
11111111111011100110100111010111
00000000000000001110101110111110
00000000000001001001100011010111
11111111111000111101000101000001
11111111111001000101111111101001
00000000000011000100101100001111
11111111111111111111010111000100
11111111111101000010000101101111
00000000000011011010111101110100
11111111111101001100101101000100
11111111111011011011111000011000
00000000000001010111110111110101
11111111111110010011011010100011
00000000000110100000001110111000
11111111111101100101000111011100
00000000000001011010101110111010
00000000000000100111111111001001
00000000000100100010001011111010
11111111111111001111111010111011
00000000000001001101110111100001
00000000000000011011100110111101
11111111111101101100010111011110
11111111111101100010100001110100
11111111111110000000010000101100
00000000000010011000001010000101
00000000000010001100001101111111
00000000000010001101011010000110
11111111111101110101000111011000
11111111111101110111011101001011
11111111111101110100101010101000
11111111111111100110000000010010
11111111111100010000100001011010
00000000000000011010101101110110
00000000000010111010011011011101
00000000000001110101011011010000
11111111111110001010110001111111
11111111111011010001111011011100
00000000000001011110110111011111
00000000001010001100001000001010
00000000000010010010100011101000
00000000000000101001001111001011
11111111111100100110110111111100
00000000000001101010110011110010
00000000000001010001010011001110
00000000000000011100101101000100
11111111111010100110101000000110
11111111111010111011111110011011
11111111111110011111000100011100
00000000000000100110000110010010
00000000000011111110111100101110
00000000000100000101010001101001
11111111111100100000101111000000
11111111111101100100100110000110
00000000000100111010000001111110
00000000000010111110011000001000
00000000001000110110001111011000
00000000000010001000001100001110
00000000000100001100010111010000
00000000000010111010001100100110
00000000000000010101110010110101
00000000000101100001111100001011
11111111111100010011001110100111
11111111111011111010011010100110
00000000000100101011110110111000
00000000000010101001110100011010
11111111111110110011001011001000
11111111111101001101100101100011
11111111111101110011110011001011
00000000000101111000111011001111
11111111111110000101000000000101
11111111111110001111011000101001
00000000000010011110110010011010
11111111111111001001000111101010
11111111110100000011100110001011
11111111111010101001001101001001
11111111111111101111110111001110
11111111111000110110001100100000
00000000000010101010110101101101
00000000001100110100111110011000
11111111111111100101101111001000
11111111111010000110101110000011
11111111110001000100010000110001
11111111110000000000111011011111
00000000000010001000100011011000
11111111111110001000110110000110
11111111111110110110110011110010
00000000000000111101111010110110
00000000000001001101011011000110
11111111111111100111011000010001
11111111111110011010000100001111
11111111111101001011001011001001
11111111111111000011001000111100
11111111111010001000000110011010
00000000000001100011000010010101
00000000000001000011101110010000
00000000000001010010110001111001
11111111111111111000011101011111
00000000000101110101001000111110
11111111111011000000011000001010
11111111110110001110001111000101
11111111111101010110101011110010
11111111111101110000111000000110
00000000000011010111010100101101
11111111111101111111101110111011
11111111110110100100100101010101
11111111111011000000100100001010
11111111111100100011111001001000
11111111111100010001100110000000
00000000001010010100011010111110
00000000000010010010000101010111
11111111111100011110000001001101
00000000000001001011100001010010
00000000000111001111111101101101
00000000000011000000000010101111
00000000000011001111011100011000
11111111111111000100111100100010
00000000000111111100001111111101
00000000001111101011011111111011
00000000000011010100101110110001
11111111111011110111100000101111
11111111111010001101111110100111
00000000000010101000111010100110
00000000001010100001111101000000
11111111110110011010110101110010
11111111110100100001010100001010
11111111111010010011001101111111
11111111111001100101000101100111
11111111111010010110110100110100
00000000000001000111001100110111
11111111111011010010000001001011
11111111111110010111101110101111
00000000000000001100111110111000
11111111110010100101000011001100
00000000000011101000100110101110
11111111111110001111100000100011
11111111111111110011001110110001
00000000000100110101101011010011
11111111110000010000111001101001
00000000001001101100100001010101
11111111111110100000010110010010
11111111111100101010000000011110
11111111110001000111010110100001
11111111111000001110110001111110
00000000001001011111001000011011
00000000000101001101110000110011
11111111111111111000001011010110
11111111111111101100111101001110
00000000000010011111111100001010
00000000000000011001101001001001
11111111111011010011000100111110
00000000000001101000000110011000
11111111111100110010100011001101
00000000000011000001100000010111
00000000000011011001100110010011
11111111111110001111011011110000
11111111111101000010010001110110
00000000001100101000101010101100
00000000011010100101001000010010
11111111111010100101100000000101
11111111111101001010110011110011
00000000000001100011101000110111
00000000001100111000011101001100
00000000010011000111011011001111
11111111111100111001000001111110
00000000000011111100111100001000
00000000000101000101110011011100
00000000000110011100011010110010
00000000000010111001011000000111
11111111111111011101101001001010
00000000001001000100001100110001
11111111111111011000100101100000
00000000000100010001100010110101
11111111111011111100101101000100
00000000000100100000001100110100
00000000001100100001100110011101
00000000000001111100110100110110
00000000000011011100110010001110
11111111111011000001010001110101
00000000001001110011100100111011
00000000000001111010000011010001
11111111111001000101010111100000
11111111111111010110111111011100
00000000000011010111111111111110
00000000000110000001011101001100
00000000000101101110001100111011
11111111111100000001101010111101
11111111111110010001010111011100
00000000000010011101010010010110
00000000000000001100011110001111
00000000000010001011101110011011
00000000000101011101001100111011
00000000001000110010110010100110
00000000001001011011000001100110
00000000000001110011101110010111
00000000000001111101011011111000
11111111110111101100111101100111
11111111111101010001111110101110
00000000000000011101010111111101
00000000000000100101111011000010
11111111111001110001011001100000
11111111110111000111110000010011
11111111111001000110111011100110
11111111111101010101111111001011
11111111111101001011110001100101
11111111111101111101010111001001
11111111111100010110011010110011
11111111111100011111110101111110
00000000000100001101010011001111
00000000000010001111110000000111
00000000000001001110101001111001
11111111111000100011001100001110
11111111111111101110110001101100
00000000000010011111010011100110
00000000000100110101001101100110
11111111111100100101010010000111
11111111111111000110011010110000
00000000000000110111001111000000
00000000000001110011100111001110
00000000000101011111001111001100
00000000000001011110010111001101
11111111110111000101011001010110
00000000000011100001111001001010
11111111111000100000111111011100
11111111111011111100010101011111
11111111110111001001000111011010
11111111110101111000010010101100
11111111111101110000011010101111
11111111110011101111000100100100
11111111111100100010101110010000
00000000000010100010010011110110
11111111111001101000011000011111
11111111111001001100011110011010
11111111111001010101111100000100
11111111101001111101110011010101
11111111110100100011011011011011
11111111111001100110100000000011
00000000000100110110011101111110
11111111111101101001001101100010
11111111111010111011110110101011
11111111110101111101101000010001
11111111110011001101100011100100
11111111110110000001011100111101
00000000000101000010101101111111
11111111111111001111111110110000
11111111110010100111111010011110
11111111111010001111101110111000
00000000000100101100100110001111
11111111111110000111110010100111
11111111110011101011011101100111
11111111110110100111001001001110
11111111110010111101110010100011
11111111111001111101001010100110
00000000000001111111110100001101
11111111111111100111000110010101
00000000000101001001011110000100
00000000000010010111001000110111
00000000000000110010111010110101
11111111111110101011110000010010
00000000000111001011101101101011
11111111111110111010111110011011
00000000000000001110001001000110
11111111110111110011000100101000
11111111111000001010110000011000
00000000000101100100111111011111
00000000000101001101011011100110
00000000000011101011011111111000
00000000000000100100100011111000
00000000000001110000100100101100
11111111111010111011100110111011
11111111111111111011100011001010
11111111111111011000110000001101
00000000000100011111011101111011
00000000000010000010001001111000
11111111111010011011101000010011
00000000000010100011011010010100
11111111111110000000001001101111
00000000000010100101010111000000
11111111111110100001010010001101
00000000000000011100111110110001
11111111111111101101001000100010
00000000000000110101011011000011
11111111111110100000100100101100
00000000001000111011010010101000
00000000000011101000101101111110
00000000000000110001000110010011
11111111111100111000110100001011
00000000000001100110010010100110
00000000000100110111110110011101
00000000000010010100111100111100
11111111111011100010010010110110
11111111111000000101010110111011
00000000000100000111100000011100
00000000001100000111011011101100
00000000000001110000101011100011
00000000000010110111000110001100
11111111111111100111100000101100
00000000000100101011100001001000
00000000000110111110100101011000
11111111111111011101000101100001
11111111110110100010001101011110
11111111111100010111011010010101
11111111111100100010111111010100
11111111111011111100110100110111
00000000001000000010111110111111
11111111111010010100011001001000
11111111111110110001011010001011
00000000000010101001100011100000
00000000000100101111111111011110
00000000001001111000100001100100
11111111111011001001111100010111
11111111110110100000110101000110
11111111111111100000011000100000
00000000000001011111110110000100
00000000000101010000000011111000
00000000000101111011000110011111
11111111111100100001011110000001
00000000000001111010110101100101
00000000000000110100101000101101
00000000000101010110100000101010
00000000001000100111010101010111
00000000000010000101000111011010
00000000000100001000000000100111
11111111111101111100011011100010
00000000000010111110010100111111
00000000001000111101110110000111
00000000000001100001001101011100
00000000000011010100110010111100
11111111111100011010111101011111
00000000000001111111000110000110
11111111111110110000100100011101
11111111111100001110000111000010
11111111111100101000011100101110
00000000000100110101110010000011
11111111111111100011001100111011
11111111111111011111000111010100
11111111111101010000111011110001
11111111111010010001110100010111
11111111111100101011010100001001
00000000001000010011001010011011
00000000001000100110111100101101
00000000000010101110101100011000
00000000000001011000110110110110
00000000000000101110101100110101
00000000000010110101010110100001
00000000000101111010101111000001
00000000000001110111001000001001
00000000000001100010001010001011
00000000000101011000000111111001
11111111111001100000111000110111
11111111111000000100000101011100
11111111111111000010010000000100
11111111111000010101001000011101
00000000000010011011011010111101
