11111111101101101101000110100100
11111111111011000011100011011110
11111111101110100111001110110011
11111111111100001011011110001010
11111111110110011011110100011111
11111111110101011110001010011111
11111111110101111000010101110110
11111111111110101000011100011101
11111111111100010100110111010000
00000000000100011110000101000001
11111111110100111011010010101100
11111111110110110010011100111001
11111111111101010011011100010110
11111111111100011001100010001011
00000000000010001100110111100011
00000000000111001011111111100010
00000000000110101110110111000000
00000000000001100100110100010101
00000000000000011101000000101000
11111111111001110001101100011011
11111111111101100001010000111100
00000000001010000100110000101000
00000000000101011010010111111011
00000000000100001011101011111101
11111111111100111000100100011000
00000000000010000110011110110010
00000000000000101001001001111101
00000000000101000101100001110000
11111111111111001111110111000110
11111111110111010111100010110111
11111111111010110111111100110000
11111111101110001000100010111011
11111111111101001111000010011010
00000000000100001100000110101111
00000000000000110001011110100001
00000000000011101011101000011100
11111111111100111100010011110100
00000000000110011110001111110011
00000000000001100010001100011110
11111111111011111001011011111001
00000000000000111101100011100000
00000000000001001101100001001011
00000000000001010111100001001000
00000000000000100101011110110000
11111111111000100000010110111010
11111111111101110111011011101111
00000000011000010110000000011000
00000000001101101110010111100000
00000000000011110110111100000100
11111111111001110110010000110000
11111111110000100000101101010100
11111111111001111111000100101110
00000000000011000101010111010111
00000000001000100110100110010110
00000000000010010110101111100111
11111111110010101001101101000101
00000000000001011100000000101110
11111111111111011100101011111001
00000000000010100111100101110101
00000000000011000111001100000101
00000000000011001011110001111111
00000000000010000101000110011010
00000000000101100111010111011101
00000000000100100100000100110110
00000000000001100011100011111001
11111111111100001100111100001111
00000000000001000010111000001001
00000000000110010111000101101011
00000000000011011001110100001000
11111111111101010011111111101100
11111111110101110011011110111001
00000000000000101011011010101110
00000000000001001000010100011110
00000000000010000001001100110011
11111111111010001010010011110111
11111111111001111010110011101010
11111111111100110011001101100011
11111111110101011101101100100100
11111111110011111111010111110111
00000000000101101010010001110011
11111111111100010100111011001011
00000000000110100110101111010101
00000000000011000100011110011110
11111111111011111010101000010100
11111111111100101111101101010001
11111111111011110111010110110000
00000000000110101100000001000100
00000000000101001100110010111011
00000000000010110111110000011001
11111111111010010101001100010010
11111111111100011101111000101111
11111111111001111010000010101010
11111111111110001100011011100010
00000000000000001110011111011010
11111111111000000110110001000101
11111111111111100001001101101000
11111111111111011000001100001100
11111111111010110100110011010110
11111111111110000000010010010010
11111111111000111001010000111011
11111111111010011000110111101011
00000000000011011100101000110000
00000000001000000010000010110111
11111111111101110100000000100111
11111111111001111010100101101010
00000000000000101101000011100101
00000000000101101110000001011001
00000000001000111011001001011101
11111111111110011100111100010101
11111111101000010101000000110001
00000000000010100010111110111010
11111111111100010011001011100001
11111111111111010111100010100101
11111111111110011001111000010100
11111111111111000110001011101010
11111111110111100001011011110110
11111111111010000101011101010001
11111111111000011010011100000000
00000000000010101111011001011000
11111111111011100101110110111010
00000000001101011001101111001000
11111111111100100101000011100111
11111111110101101011101011100010
00000000000000000001100111010111
11111111111001011101011110000110
11111111011100101100001101110101
11111111100000101000101101111010
11111111101000111100011001011101
00000000000000010101110011111011
00000000001011001011101101000000
11111111111001011011101010001101
11111111110111111001000110100111
11111111110010011111001011110110
11111111111011010100101001011101
00000000001001000110111110011001
11111111110010010101101100111010
11111111111011001101100001100001
00000000000010011001011111011000
11111111111100101100111000010111
11111111111011101011010110001100
00000000000110111000011010001011
00000000001001010111001011011110
00000000000100000100100100001110
00000000000000111000001101110110
11111111111110011101001010010101
11111111111111100111100001001111
00000000000001001010010000110011
11111111111010111001110110010111
11111111110110111011001110110011
11111111110101110001001110010101
11111111110111011111010110011110
11111111110110001110001001001110
11111111111110011100000110111010
00000000000000101101101011001000
00000000001100111110100111001101
11111111110000010111000011110001
00000000000000000111110100110111
11111111111100011100110000110110
11111111111100010101010101100110
00000000000000111110001011011001
11111111110010111001010101101011
11111111111000111000101001101011
11111111111011101101000001011001
11111111111000110100111111011010
11111111110110011111100110011011
11111111111011101110000100111101
00000000000000111111000001001010
11111111111001010000001111100110
11111111110110011011000100001110
11111111111100001001010110101100
00000000001101001010101010001010
00000000000011101100000101101111
11111111111111010101111111110000
00000000000010110111101011011110
11111111111110100001100101011001
00000000000001001001011011010100
00000000000101011100011110111000
00000000000011101011011110101010
00000000000101101000001011110110
00000000001101101100011000000110
11111111111101010101110000010010
11111111111111000000100111000001
11111111111000011001001010011101
00000000000010011000000000111000
00000000010000111001010110111111
11111111111000111101101110010010
11111111111111001000101100101101
00000000000001100111001101110101
00000000001000100101010101111000
00000000000110011101011000110110
00000000000010100000101101101101
00000000000100110111110100111100
00000000001100000110011101001000
11111111111100110111011111000100
00000000000010111010100010100111
00000000000100111100110110111100
00000000000100100011100011001101
00000000001100011011001001010001
11111111111100111101010001101110
11111111111110111100011011100100
11111111111111100010100001001010
00000000000110110100010001110001
00000000000011010100000100010000
00000000000010010000110101101100
11111111111000101010100100100110
00000000000111100110011001001010
00000000001011101000001111100101
11111111111110001100101111011100
11111111111100101100011001101010
11111111110100111110110101110000
00000000000100011001110011111101
00000000001010110010011111001011
11111111111111001011100110110111
00000000001000000000111110011011
00000000001000111101100111101011
00000000000000000001001110011000
00000000000100111110101100110101
00000000001011110101010100011001
11111111111000111110111010000001
00000000010100100011000101100001
11111111111010011011011010100010
00000000001011000101011100001111
00000000001111001001100110011000
11111111110111000100001111100100
00000000001010111011111010111101
11111111111001111110101011100100
11111111111011010000101010010101
11111111111001001100000011000000
00000000000111010100011010100110
00000000000110000010000100101101
11111111111101110011101010100010
11111111111011101010010011010010
00000000000100010001011011010101
11111111111011000100110101111001
11111111111111001010001101011010
11111111111111000101111000110111
11111111110111110010010001010111
11111111101110000010001011000101
11111111111001100101100010011101
11111111101101100101110000100000
00000000000010100001010000111001
00000000000101000100101101101110
11111111111101011101010110000101
11111111110011010100100110111110
11111111101110101110101010101010
11111111111110010011000100001101
00000000001000000101010010101100
11111111111100011100110001011100
11111111111000010111010100110011
00000000000110001011000010111110
11111111101110010000001001101011
11111111110011110000010101100110
11111111111101100110100011000011
00000000001001100100001110101000
00000000001001001000100011101000
11111111111100001110000010000100
00000000000000000000110110111001
00000000000110011101100010010011
00000000000000110010101100100011
11111111111011101111110101100011
11111111111111100000001100111100
00000000000001110001010111010011
11111111111101000111100001110100
11111111111101111110010010001101
11111111111010101011111101001000
11111111110000101110100101101100
11111111111101100100010011000111
11111111111001100111100101111010
00000000000010010011011001010010
00000000000100100011100010111110
11111111111001000011011111001101
00000000000011000110010011110110
00000000000011011100011101001111
11111111110100011000101101011000
00000000010101111111110100000110
11111111101101100100001101110010
11111111110110001111001011000000
00000000000011111010011100011101
00000000000011000100001100011101
00000000000110001101010100111010
11111111101101110100110000001010
11111111101001010101010110110111
11111111110001100010111010100100
11111111111111001101001010100111
00000000000001101000000000010010
11111111111110101010110101111110
11111111111111100000010011001100
00000000001000010001101101001000
00000000000111010111101110111001
11111111111100001001110100110001
00000000000001000011110000111111
11111111111000010110010000111000
00000000000111000000110111101111
00000000001001001100111001100100
11111111111011101110111100111011
00000000000001100101110100000111
11111111111101100000000110101110
11111111111111110101110101111110
11111111111110001011010110100111
11111111111010010100101011000111
11111111111011011110000001111001
00000000000010111010110001101011
00000000000111111011011101011000
11111111111110110000110011011010
11111111111101010011111111001001
00000000000001010111000001000001
00000000000110001010010001111100
00000000000101010101110010011011
11111111111110111101000111111010
11111111111010000101010101111010
00000000001010001001011110000011
00000000000101011110010000011100
11111111111010010110010011101101
00000000000000100001010110100111
11111111111000011110001000100001
11111111110110000101110100000010
00000000000110101010100000001110
11111111111111100001101001000100
11111111111100001101111010000010
11111111111101111100101001010100
11111111110101000111001100010010
00000000000010111100001010101011
00000000001011101011010010110001
00000000001101001001111011010001
11111111111100100010101101001011
11111111101110011110101101111001
11111111110000101001101111011101
11111111110111010011101010111101
00000000000100111001000101000011
00000000001000111100001010010010
11111111101110101001001011111100
11111111110111110101100100110100
00000000000000101100110011100100
00000000000010101110001000100111
00000000000110011101101111000001
11111111111100001001111011100101
11111111111001010110011101000001
11111111111101100111100101000110
11111111111101101001101100110010
11111111111010000100110011100111
11111111110011111111101000001010
11111111101101110110111011001000
11111111110100101101101101011101
11111111111000101000011001100101
11111111101111101010101110101000
00000000000000100010010010001010
00000000000100011100011011101101
11111111110100111100111001010010
11111111110101000011101110110110
11111111111101101000111111001110
11111111110110000011100110111001
11111111111010010100001010101000
00000000001011000111100100001010
00000000000111100110111101111100
11111111111010111010010011001101
11111111110101010000001111111011
11111111111100000010010101101100
00000000000010111010100100111011
00000000001011110011111110001100
11111111111111010000010010100010
11111111110011010001101010101011
00000000000001101101000011000010
00000000000110110001111001000001
00000000000100011001100101101101
00000000000000101000000011100011
11111111110000010010000101011001
11111111111011111001001010110110
00000000000000000101000001011011
00000000001000111011001101100011
11111111111001001111111000101101
11111111111110110101111101011001
00000000001111001001111101101010
00000000001010110111100111110100
11111111111110001110011010000000
11111111110100011101101101000110
00000000000000100101011111001000
11111111111101001010110110111000
00000000000011010011111001001101
11111111111001011000000011010101
11111111111110010101101111111101
11111111111001010111010011111010
11111111111100011011111000110100
11111111111100110011110111100011
11111111111110101100001101011110
00000000000000000011101011011000
11111111111010010000110011110110
00000000000110011111000101000100
00000000000110001011000000000110
11111111111101101001010111110110
11111111110101011110001011101100
11111111111000111100111111011111
00000000000001010111011100110101
11111111111001100010000011101011
11111111110110111001110111111101
11111111110101011110101010111101
00000000000100011110100000001100
00000000000001100010111010110010
00000000000011111100110010101100
00000000000011001101010110000100
11111111111000011111101010001011
