11111111111101001010110110000100
11111111111101100111100011001101
00000000001000101001100001001011
11111111111010110011100101101100
11111111111011110001110010001010
11111111111110010001011110101101
00000000000001011110010011101111
00000000000001110011100001110101
11111111111000101001000001000001
00000000000100001010011101101110
11111111111001001101111110110010
11111111111101001010010001011001
00000000000100001101000100110100
11111111111111101100110101100000
00000000001001010000100001001111
11111111111111001001110111001101
11111111111100010101001111011000
00000000000010111011100010010100
11111111111010110111010111111111
00000000000101101010100001111011
00000000000100011011010100101100
00000000000001000000110010101001
00000000000001111101000110001010
00000000000001010101101101000011
00000000001000101000010001010000
11111111110001000110010101100101
11111111111010000000110010111000
11111111110001001001110110001100
11111111110101110111010000000110
00000000000001011100010100001010
00000000000110000011000010010111
00000000000010010111110001010101
11111111111111100110111000011001
11111111111010010111101110010111
00000000000011111010000100011011
11111111111111001011001100010010
11111111111011100110010000100111
00000000000101110011011000001101
00000000000011111011010110111111
00000000000011010010110100100001
00000000000100011100010010000010
00000000001100010011010011010111
11111111111101110000001001100101
11111111111101100101001011111101
11111111111010101011101110000010
11111111111000010010101100011011
11111111110100011101000010001110
11111111110100101010010001111101
11111111111100110011010111011010
11111111110001000100011101000001
11111111110110110110000000001100
11111111111011011100100101010111
11111111111011111100110011000000
11111111111100011100001011011110
11111111111101000101001001001101
00000000000101100100011111010011
11111111111111111111111010111100
00000000000001100101000000100110
11111111111111010100001100000101
11111111111110001110111110000001
00000000000001111111110011010111
00000000000101011000001000010001
00000000000000110001010010101111
11111111111011001000101000111100
11111111111110001101001110011001
00000000000110010000010011111111
00000000001000110101111110000101
00000000000001011001001000001010
11111111110111100111110001111100
11111111111100010111111111001011
00000000000111011011010111101101
00000000000000011101100011000110
11111111111011000000001100101010
11111111110111010000111111101010
11111111111100101111101110011111
11111111111100010011001010110001
00000000000001000101110101111110
00000000000010100001000101011101
11111111111111011001101001010111
11111111111010001100011000101111
00000000000011111101001111111100
11111111111111010001001101010010
00000000000101100011111011101110
00000000000100110111110010101100
00000000000100100111111011010011
00000000000000111010110100011101
11111111111100100101000110000100
11111111111011000000001100111010
00000000000000011101101100000100
11111111111100110001010100111001
00000000000001111001100110000101
00000000000001000001010011000101
00000000000000100011111101100001
11111111111101011100110000111101
11111111111111111000011100110100
00000000000101000010111110111100
00000000000110001111010101101111
00000000000001010011100101110001
11111111111110101000110011100110
00000000000011011110011001111100
11111111111001010011101001010011
11111111111010100101010011101011
00000000000010100001111010110001
11111111111110110101111100011010
00000000000011110011011100011111
11111111111010010111100011011011
11111111111111101110000110011101
00000000000000000100011100000101
00000000000101010000111111000100
00000000000101101010110010100000
00000000000010000111111010011101
11111111111010111110111001110100
11111111110111100010010010100000
00000000000010000101001110100000
11111111111101010010001010000011
00000000000110110101110000100011
00000000000001011011010101111011
11111111111111010110000111110101
11111111111010010010101011000111
11111111111011101001100111110110
11111111111110100011111001100011
00000000000001001100011000100001
00000000000101101001000011001001
00000000000010101001101000110100
00000000000010111001101110111110
11111111110110010000001111000001
11111111110011110101001000001101
11111111111000101100110001111000
11111111111000000111011000100110
11111111110010001111111110001011
11111111111010110110111011001100
11111111111011011100111101001011
11111111111000010101001010000100
11111111110101111111001010010011
11111111110110010011010010110110
11111111111011111111001100100011
00000000000010100111000001000010
00000000000010001000111000101011
00000000000111100010010110000100
00000000000110011010001011101000
11111111111011011100101010101010
11111111111101001110011010110001
11111111110110100111011010110010
00000000000001111000100101010110
00000000001010100010001110101010
00000000000000111000111011100101
00000000001001101100001011111101
00000000000010001100001010110110
00000000000100001100011110010010
00000000001011101011100101101001
00000000000011110001101000010100
00000000000000111100011001111101
00000000000000111100110000110101
11111111111110111010000010001101
11111111111100110110010100101101
00000000000111001110111011100000
00000000000100100011000001101110
11111111111100110000010101111010
11111111111110010101001001010111
11111111111001010100010101100001
00000000000000111001001111101111
11111111111011010111110001001110
11111111110101100101010000110111
11111111111001101001011010110110
11111111111001100110000011011000
11111111110110101010111011001000
11111111111011001111001011001011
11111111111111000101101111101001
00000000000001001100110010001010
00000000000011010001001101010101
00000000001010101010100000001001
00000000000110010100001001001111
00000000000100101010110001001100
00000000000011100010101111100011
00000000001010000101110011001011
11111111111100111001111101010001
00000000001000111010011001010010
00000000001100011010000111111100
00000000000001100100001010110011
11111111110110010101010001111000
00000000000001100110001111100011
00000000000000110100101000101011
00000000000001110100100001011011
00000000000101110101011100111010
11111111111110110010110001100010
00000000000110010001110011111100
00000000000100101010011001110101
11111111111101101010110000111011
11111111111110100101010011000111
00000000000101110100101111101010
11111111111111110001011001111001
11111111111101101110110010011101
11111111111100011011101110110110
00000000000101110111000101000111
00000000000111110011011100100011
11111111111001100101111100111011
00000000000101001011100101000101
00000000000101101101111000011010
00000000001010101101111110110100
00000000000010110100101100100101
11111111111101001101011111100111
11111111111100011111111001000101
11111111110111111111101100001001
11111111110001110111000110001101
11111111101001011001010100101110
11111111111100010001000001000011
00000000000001000011011110011101
00000000000001001011110011100101
11111111111111101001000111001000
00000000100000100101010100001111
11111111111101100111100111010111
00000000001000100111101111100010
11111111111011111011100110000100
00000000000100110010010101010111
00000000001100111000010111010010
00000000000100011100011110101011
00000000000010010011001000111010
11111111110111000001000000101000
00000000000001101000010110101101
11111111111111101000011101011101
11111111111111000110010110100001
11111111111001010001001110110111
11111111100111100000000010110111
11111111101110011110100101110010
00000000001001000111100011011111
00000000000000111100101111100010
00000000000011011011010011111100
00000000000111100010101101010010
00000000000100110010001010010001
00000000000001100000101000000100
00000000000111011011011100001110
00000000000011100001001011000010
00000000000000010011011010011011
11111111111100011100100000110110
00000000000011011011110110100010
00000000000101101100000101000110
00000000000011110011001000100011
00000000000000111011111111010010
00000000000000100001010000011000
00000000000010011001010101111110
00000000000011001010111011110101
11111111110111101111010010110100
11111111111110000001101110100111
00000000000101001001100100011110
00000000000001001011100101010011
00000000000010110010000101010100
00000000000110110110101000011010
00000000000010100110011001000110
00000000001010110000001011000110
00000000001101011000010010000001
00000000000100000100011110010101
00000000000011110000000110001011
00000000000000110001101010101111
00000000000000100001110010101010
11111111111010010110001000110001
00000000000100001001110000101000
11111111111001011001001011111110
11111111111111100111100111110011
11111111110111001011011100100110
11111111110110011111111110011110
00000000000011110000101101111111
00000000000111000100100011000001
11111111111111001010110100100100
11111111110010111111000111111001
00000000000000101100011111101011
00000000000101110110011001000111
00000000001001111100100010000100
11111111111110010001010110011100
11111111111111011111001101011000
11111111111110100110001001001011
00000000000010011011101110100011
11111111111100100110010101101011
11111111111101010010000010010101
00000000000100000000110100011010
00000000001010110001010000011111
11111111110111101111101111000100
11111111111100110111101100101111
11111111110001000010111100001111
11111111110011011110100000111010
11111111101100011101000010111011
11111111111100001011000000010000
11111111111010111101011000011101
11111111111100001100010110000000
11111111110111011100100000110011
11111111111110110111110011011000
11111111111011111000011100101011
11111111111011100100110110101011
00000000000111101011101100100100
00000000000100101110010100101010
00000000010000000011000110101011
11111111111100011000011111101110
00000000010000010010101000101001
00000000000111101011000011100001
00000000000010100111111010000100
11111111111110000101001111101110
00000000000001100001110110000100
00000000001101001001100011110101
00000000001010000110110100110000
00000000000001010100001010111111
00000000000010101001011111010100
11111111110101111111101000000000
11111111111110000110111101001001
00000000000111011110010000110001
00000000000010010011100001010000
00000000001000000010010010010111
11111111111001000100011101111001
00000000000001010101000110001011
00000000001010111111101101010101
00000000001001110000001111010101
00000000000011111000101100010000
00000000000111000011011001001110
11111111111110001001000001001110
11111111111111000001001100111111
11111111111010001100000011000101
11111111111101010110111001100101
00000000000001001000001011000000
00000000000001100010110010011000
00000000001111011001010101111100
11111111111010000111100100001011
11111111111110101101010100011110
00000000001101001001001100100100
00000000000100010011000001110100
00000000001010100010111001001010
11111111111100000110011111110011
11111111111110001010100100010000
00000000000011110101010010001010
00000000000011010011111011001000
11111111111010101111011000110110
11111111111001010010101100111100
11111111111100101100101001110101
00000000000010010000111001001000
11111111111111000010110010100111
00000000000001000100100111101110
00000000000000110110111011001111
11111111111000110011100001010010
00000000000000000100110110010110
11111111111110111001010101100001
00000000000001111111001001011001
00000000000000100100110110110001
00000000000000100100111100010001
11111111111110100011100100100001
00000000000010000110010011010111
00000000001000100001011011110000
11111111111101111100000111101101
00000000000100011011011100011101
11111111111111101001110001111000
11111111111111111100010010000100
00000000000111000111101111001100
00000000000001011110110101000111
00000000001010101001010100001001
11111111111001010111110100101000
11111111110000111110110100100100
11111111111000110111101010011000
11111111110110010100100001001001
11111111111100011101111101000100
00000000001011001110100101001111
11111111111110011110110010101101
11111111111010101011111000011010
00000000000011010100000110001110
11111111111110001111000001000100
00000000000011011100001100111011
00000000000001011101100100101011
11111111111111111100101111001010
11111111111110001100010010011100
00000000000010110101111100101000
00000000000101100100110011110000
00000000000101001100011010110110
11111111111111110010011000001001
11111111111100100010011011010001
11111111111100000010111011111110
00000000000110000010111011111010
11111111111110100101000000010110
11111111111101100101010011000010
11111111111001010100100000110000
11111111110100111011110010011010
11111111111101000100001100001110
00000000000001010000111011011101
00000000000010010101111100010010
00000000000011101100001000100111
00000000001110011110010111000001
11111111111010111111010111100010
00000000000101010011110010100001
00000000000011110101100110111001
00000000000101001000111010101101
00000000001010100010010000011000
00000000000000010111001100011101
11111111111100100111100101100110
11111111110101100110000101101010
00000000000000101111101110111101
11111111111110100001001001000010
00000000000011111101100001001100
11111111111101011111010110101100
11111111111001111000011101101100
11111111110111000111000000011001
11111111111010000010000100101110
00000000000000101000100011110000
00000000000011101001100010111001
00000000000100111000011100001000
00000000000011010100111000001000
00000000000100011110100101100100
