11111111111001001001100001000110
11111111111100111001000101001111
00000000000101011100001101111011
00000000000000011111110010101100
11111111110111110110111111010110
11111111111010111111011100000010
11111111111000010101001110111101
00000000000011010001100111010001
00000000000001001011001010000010
11111111110001101110100101110001
11111111111100110010011100100111
00000000000101010011101001111001
11111111111000001001011100010110
11111111111001111111001111101111
11111111110111111110100101110011
11111111111111111110101011111011
00000000000001011011011001011100
11111111111010110011010111001011
00000000000011100100111001001010
00000000000111101001101001010010
00000000000100100111011111000101
00000000000110100010010000000011
00000000000011000101000011001111
00000000000011100101100001110010
00000000000010001111010011111111
11111111111011101110111000110111
11111111110011100111001010111100
00000000001000000011001100000110
00000000000110100111001110111011
00000000000001110111000100011110
00000000001000011011100010100000
00000000001001010110011011011011
11111111110111000110101010001101
00000000000001010000001010000001
11111111111110000001001110110000
00000000001000101111001000001101
00000000001000101100100101001001
00000000000001011101101001011001
11111111111101001110110011101110
11111111111001001101100010011100
11111111111001110000100101000010
11111111110011001010000000110000
00000000000000101001100110100011
11111111111111101001000111001011
00000000000001000101001000011110
00000000001001100000001001101110
00000000001011100001000111101101
11111111111011111100101011010010
00000000000000000111111101111110
00000000000000111100000110100001
00000000000011101011110101110110
11111111111101110001010000100101
11111111111100001001001111001010
00000000000110111110100000011111
11111111111110001000110101010100
11111111111101001001010110100011
11111111111100100110010111110010
00000000000010100001101001101010
00000000001011101000101110011010
00000000000001111010000010101010
11111111111100010001001011100101
00000000000000000101110000111100
00000000000101111000011101010000
00000000000110010000100111111110
00000000000001000110110111010111
11111111111000011000001011000100
11111111111101011100111110100011
00000000000100111100001001100010
00000000000011101011000010000110
11111111111101000101111100110110
11111111110100011011101011000110
11111111111010100111011000100110
11111111111100011000111111100000
11111111111110101111011010010110
00000000000011101100110000111110
00000000000100101000100100100010
00000000000110111111100001110100
00000000000010010000100000100001
11111111111010111000101011010010
11111111111010011100110011000011
11111111111111001111000000001111
00000000000010011110001001010101
11111111111110010010101100100110
00000000000000001100010010101011
11111111111111111110111110101001
11111111111110100001111000111110
11111111111101110101001100111010
11111111111111100111100111111100
00000000000110110001001111001010
00000000000000111111100101000101
11111111111011001011001110000001
11111111111100011110000111100100
00000000000001101011011101010000
00000000000001000101101000011010
00000000000001011110110110000110
11111111111001110111001111111110
11111111111010011010110010101100
11111111111010001011100111010100
11111111111101100011011100001001
11111111111011000011001101010110
00000000000101000100100001110110
00000000000000011101110000111101
00000000000101100110000101110010
00000000000100010100001010111011
11111111111101010010001010011001
11111111111111010001100110111100
00000000000011100001011111000010
00000000000100000100111000000000
00000000000111110001101111001100
11111111111011000111011110110111
11111111111000000101010110001110
11111111111011111001110110111000
11111111111010010010111001100110
00000000000100010100001111001010
11111111111010001111011110001111
11111111110101110111110010010001
11111111110011011101000111111001
11111111111111011000100011101011
11111111111110101000011111001110
11111111111111011011100111011011
00000000000010100101001000001001
00000000000101110100100011101001
11111111111011101100011101010100
11111111111011100000100000011011
11111111111000110100101011011100
00000000000100100100101110100110
00000000000101101010110101101010
00000000000001011010101001000111
11111111110101010011111110101111
11111111101110000001000110111010
00000000000101010101111111111011
11111111111100110110000001110100
11111111111101011001111110110111
11111111111011010101001100110011
11111111111100101001001000001011
00000000000110000011110000101011
00000000000000101100110100101000
00000000000010000101111101101011
11111111111110010010101111001011
11111111110111100100001100101010
00000000000110010011010001110101
00000000000011011001010100001101
00000000000010110100100101011110
00000000000101110010100110010011
00000000000000001010100111100101
11111111111110110010110100000101
00000000000010011111000010010111
11111111111001100010111010000100
11111111111100101100000001111001
00000000000001000011011011000000
00000000001100000001011001010011
00000000001100010011100010101110
11111111111110100011101010101110
11111111111011010110110000101101
11111111110111100011010110100101
11111111111100011010000001000001
11111111111110110110011011110000
11111111110100010010000001011110
11111111110111101100001111111010
11111111110111110001011101010110
11111111111010000101000101101010
11111111111010111111111001100110
11111111110001110110001001011011
11111111111010000101100110010101
00000000000110111010111100101001
11111111111110101011111001011000
00000000000000110110111111101011
00000000000000110000000010010110
00000000000111110010010110011101
00000000000110000110010010010000
00000000000010111110000110100101
00000000000001111101011110111011
00000000000101100001110101111101
00000000001001000100010111111101
00000000000100001100001000111011
00000000000000011100110000000010
00000000000010110010001010001001
00000000000001001001111010101101
11111111111010111100101100101011
11111111111000110011110010010010
00000000000010010010101111110100
00000000000001100101010101101010
00000000000000010010001100110000
11111111111000000011101111011110
11111111111100110001100100000111
11111111111101010100101011110100
11111111111010100110001010111101
11111111111101100001010110010100
11111111111000010111101101010101
11111111111001100011010111101000
11111111111101111101010010001101
11111111111111010010110100111101
00000000000110110011001110010000
00000000001101110011100111110111
11111111111110010111011011111100
00000000000011001110110010011110
00000000010000011011100101111101
11111111111110110101110000000110
00000000001001100000011100011001
00000000000100100110111000000110
11111111111100011110100010011110
11111111111101111111010010100001
00000000000011110110100010011101
00000000000001111100110000010011
11111111111101001011001010000001
00000000000000111001111100010001
00000000000001111100111000110010
00000000001010001011001010001111
00000000000110010110110111101110
11111111111101110101101110000010
00000000000010110011110011011001
00000000000000000001011111010010
11111111111101110100011011000000
11111111111011110111110110111100
11111111111110111001010101111111
11111111111101110011001100000101
11111111111011011010011011111101
00000000000001101111110000100111
00000000000111001001001100001100
11111111111110111111001000100110
00000000000000110001010011010101
00000000000011011000000010000100
00000000000101011111110001111111
11111111111110101000101011010010
11111111110000110000111100101111
00000000000110110111110010001111
00000000000101010001011111101010
11111111111111110001011011101100
11111111111110000100110101001010
00000000000001010000001000110111
11111111111001111000100001010111
11111111111101010000000010101100
11111111111101100110111010011110
11111111101111110110100100100011
11111111111010100101010000011100
11111111111000111101100001111001
00000000000010110111000101101010
11111111111101100001010111001100
11111111101111101111011101110001
11111111111101011101011011101111
11111111110111110101001001001010
00000000000100010101000110000110
00000000000011011110111100010000
00000000000000001001011001111101
00000000000110000000111100011110
00000000000010010000001010010100
00000000000100001010010101010111
00000000000101000010110001111101
11111111111101101100000001100101
00000000001101111101010101001001
00000000000001001010101011011111
00000000000101101111100010100001
00000000000000010011100111100000
00000000000010101110010000010111
00000000000100001101110011111000
11111111111101101101011111100101
11111111111100111001110011000011
11111111111111111000101001101011
11111111111100111111001100100001
11111111111010000000111111111111
11111111110111100110110100110011
11111111110101011011001100110000
00000000000101110001011000011000
11111111111111000101111000011010
11111111111101111110100101001111
11111111110010110110000011110000
11111111111000010110101000011001
11111111111001101011011100111110
00000000000011101000011000011111
00000000000001101100111000100011
00000000000010111100100100111111
00000000001000011110111101011011
00000000000110000000011000010000
00000000000000110000100100110010
00000000001010010110001111000110
11111111111001110011000111011101
11111111110101011110101110011011
11111111111111101010011100001010
00000000000010101101010110010110
11111111111111101111000010111000
00000000000110000000111010010000
00000000000001000100000010111001
11111111111111101111001000001101
11111111111011000000000000111100
00000000000000101010111011001111
00000000000011110001000011111100
00000000000010011011111110000011
00000000000011011110100000110001
00000000000100100101010001011111
00000000000011100011101111111111
00000000000111000001111000011000
00000000000100000111000101001010
00000000000110110110110010010101
00000000000110110000001011001000
00000000000000100010010101001100
11111111111111001100010101001111
11111111110111111010100001101001
11111111111001000001010000000001
11111111111111100111111110010110
00000000000001110110001011001111
00000000000011010110100010101110
00000000000000111110100101110110
00000000000010011001000111010110
11111111111011010001101110011111
11111111110110101100001111000001
11111111111001100100001110101010
00000000000010011001000111010101
00000000000101100011001001001111
11111111111111011001110001111101
11111111111011100110011010110111
11111111110111000100110110001101
11111111110000111001110010010000
00000000000010100011100110011111
00000000000010100011101100110010
11111111111101011100111110001010
11111111111100001000010001001000
00000000000010000000001011011111
11111111111010110001100101010010
00000000000000000001100011111111
00000000000000010101010001011000
11111111101111001110100110000010
11111111111110000100001100110001
00000000000101011011101011010101
00000000000110011100101110101110
00000000000011001100010000000110
00000000001000111000000001011011
00000000000010000101111101011100
11111111111111000000101001011001
00000000000011110001101001011010
00000000000000111101100110101110
00000000001010011011000001100111
00000000001001010101010110010000
00000000000100000101001100111001
11111111111111101000110110110101
11111111111010000011001101110100
11111111111111001011000000111001
11111111111010000111001110000101
00000000000001011111000111111111
00000000000010111111001001011100
11111111111110000100101011011011
11111111111110011110011000101000
00000000000100001010110101101110
11111111111011001111011001110101
11111111111000100111001101010110
00000000000110001011111110010001
00000000000100101111011110001010
00000000000011100010111110101001
11111111111101001100101111010101
00000000000100100000011000001101
00000000000100010000111111001101
11111111110011100010110010101100
11111111111101001000110010111010
00000000001000101001001111111101
00000000001010100111111000100111
00000000000111111111000101001011
11111111110110110111100100101110
11111111111101110001000000000000
00000000000011110000000100111001
00000000001100011100101111000100
00000000000010010110000100001000
11111111111101110110001011000111
11111111111010001010000101111000
00000000000101010100000110000100
00000000000100111010001111010011
00000000000001101000011010000001
11111111101100101101001000110010
11111111111101100000110110101101
11111111111111100101100110111000
00000000000100101111000010110010
11111111111010000000001011111110
11111111111110000110100000001000
11111111111110001011001110001011
00000000000011001110111100001010
11111111111100100110001000100001
00000000000111001011000110101100
00000000000111010010110110100111
00000000000101100010010110110111
00000000000000100010100111111010
11111111111111111000100011100010
11111111110111101110001010010000
00000000000011010110011101011111
00000000000001001110110111000110
00000000000000011010011111001011
00000000000000010111111010000001
11111111111010101100101101001000
11111111110100111110101001110111
11111111110111100111110010111001
11111111111010001101110000101001
00000000000001000111110000011000
00000000000011100100010011101000
11111111111010101100100101011010
11111111111001000111100000101010
11111111111001100011100000100001
11111111111101110010100001111101
00000000000010001101111110001011
11111111111101001000001000000101
11111111111110000001000010100101
00000000000000011111100001010000
00000000000001011001110011101111
11111111110111011011110100001110
