00000000000011111010011100000100
00000000001001011100010011100011
11111111101110010110100100000100
11111111111010110010101010111001
11111111110010110011111011010101
00000000000101011000011110010000
00000000000010010100100110101100
11111111111100111111110100011110
11111111111010001100000010010001
11111111110111101011000000111101
00000000000001000111001110011010
11111111111010101110000100010000
11111111110101011001001010000110
11111111111111111100011110101100
00000000001001100100111111011100
00000000000000100111110000100101
00000000001010111001111101011000
00000000000011010111110011100000
11111111111100001011010000100010
11111111111011001000000010011100
00000000000001000001000000011110
00000000000111111100110010011101
11111111111110010011101001110010
00000000000011010101101010011010
00000000000101110111101111111010
00000000000101111110011110100000
00000000010101111110110110010110
00000000010100111011000001001101
00000000001000110010111001001111
00000000000100010111001110001101
11111111110101100111111110001100
00000000000000000011100111011101
00000000000011110001011101110110
11111111111010101011100010010000
00000000000100111101111010000011
11111111111100001011000001101010
11111111110011101100110110111100
00000000000100101110111011110011
11111111110111101010110111010000
00000000000000011101001110011101
11111111110110100011000011110100
11111111111101010011101110101100
11111111111010001110100110100010
11111111111100101110000011010111
11111111111111010110101000101001
11111111111100001110101011000101
11111111111001101100110110101000
00000000000101111111110100110101
11111111111110100010010011110100
11111111110100101001101111000111
11111111111001011001111101010111
00000000000100101111101110100011
11111111111111111011101100000000
00000000000100011100001111110011
00000000000111001100111100110000
11111111111101110010100011111101
00000000000010111101010011110000
00000000000001011101100110101000
00000000000000010101010010010011
00000000000011000000010110010001
00000000000011111011001001110111
00000000000110001101000110110110
00000000000011011101001010010100
11111111111011001011010011111100
00000000000000111001101110000111
11111111110110111011010000101101
11111111111110011100011000010100
11111111111110111110111101010011
11111111111001110000001111011101
00000000000100000000011001111100
11111111110110101000010111011010
11111111111111100111110000111000
11111111111100010001011110001101
11111111111010000011011000100101
11111111111100010001111000110001
11111111111100011000111101011010
11111111110111000111101010001010
11111111111011111110001001100111
11111111111101011101110010011011
00000000000110011100110100101111
00000000000100011010111010111010
11111111111110101011101100110110
11111111111101100101111010010011
11111111111110110101110011100111
11111111111110001111101001101001
11111111111111001110111011010010
00000000000011001000111001001011
00000000001000000010111110000010
00000000000010100101110100100010
00000000000010110011111011101101
00000000000001101100000101110011
11111111111010101110000111100110
00000000000010110010011001011000
00000000000001000101110001000110
00000000000010010110110111101101
00000000000001001001010000100110
11111111111011101010110000111010
11111111111011101100010000001110
11111111111101110000100110010100
11111111111000001101001111001010
00000000000010101110000100110010
00000000000001010000011100001000
11111111111111110100101011011001
11111111111001101111011110010001
00000000000110100110111000011100
11111111111101100100100100110101
00000000000011000101110100010111
00000000001000100100111101000111
00000000000110100010001000010111
11111111111111011100110100111011
00000000000010011101001001101101
00000000000000001101111001010001
00000000000101001101010111101000
11111111111100010001010111010110
00000000000010100001111100000100
11111111111001010011001100010010
00000000000111110000110110101100
11111111111010111101111110111101
11111111111100100110000111100010
00000000000010001011001100000000
00000000010010101110101000110011
00000000001001000001110100011001
11111111111100000111010111101001
00000000000001011000110011010110
11111111111010100100001010110110
11111111111010100110010111100110
00000000000111001010001011010101
00000000001000111110110100000101
00000000000100011100111001011011
00000000000000111111101010111011
00000000000001011000010101010010
11111111111001111101100101001001
00000000000011001010110010110110
00000000000011001110101011001000
00000000001101000100101111101010
11111111111110111011000100101000
00000000000001111010000111101101
00000000001100111010011110110011
00000000000010010100010011001011
00000000001011110011010011000110
00000000001001001001010111100011
00000000000011010001011010111110
00000000000000010001100000001000
11111111111100010111001110111100
00000000000011011101011011111100
00000000000101000001001101101011
11111111111001010001010111110111
11111111111100100111001111110011
11111111111111111011111101100001
11111111111011101001011101010100
11111111101101100010010000100010
11111111100111000010101101011010
11111111110110011010101110011001
11111111111100001010000100101111
00000000000101000011010001110001
11111111111010101000000111000111
11111111110101001101010111010101
11111111111011010001000110100111
00000000000010010101100010010111
00000000000010011001001101101100
11111111111101000001111010000110
11111111111011110111100101001001
00000000001010000101100111001000
00000000001001111111110101011010
00000000001110010000110101000001
00000000000110011010101110110101
11111111111111111001101001010011
00000000000001011100110100100000
00000000000000011010001100011110
00000000001000001101010111100011
00000000000010010110010000110010
00000000000010001110110000011001
11111111111100110100100111000010
11111111111011100000101010100011
11111111111010010101010110011010
11111111111100100000010011001000
00000000000010000110001111011001
00000000000001100100111110000011
11111111111111011001111101111000
00000000010001001010001101011100
00000000001101101111001111011110
00000000000011010011010010100010
11111111110001001110100001110011
00000000000110111111011111100111
00000000010001000110010101110110
11111111111010100101001100011101
00000000000000101101001100111110
00000000000001010001100010011101
00000000011000010011100111011010
00000000010100111100011101001000
11111111111110111010010010001011
00000000001010010010010001001000
00000000000111110001010011110000
11111111111100110100010100010011
00000000001000011111100111100001
00000000000100101110110110010100
11111111111101001000001011101001
00000000000011011011000010101001
11111111111011101001011110011001
00000000000110111111110110110000
11111111111111110010101010101111
00000000000010110110011111011111
00000000001110011100100001011010
00000000000010110111100001111011
00000000010011011111001010001001
00000000000101100010000010010100
00000000001010010001111011111010
00000000000110100100000110100101
11111111111101010100100000101010
11111111101111100010010110001011
00000000000000110001110111001111
00000000000111100011111110010101
00000000000010000100101011101001
00000000000111001001100101001010
11111111110000011010011110101011
11111111111011111010111001000001
11111111111000001011110010001100
00000000001000001011000111010010
00000000000110111101001011000011
11111111111011100111011011101000
11111111111111100001000000001111
11111111111010000101100011010101
00000000000101100001100000011100
00000000000010111010011111001010
00000000001010000101011111110111
00000000000000100100001100010110
11111111110110111100010100111101
11111111111011001011101111011001
11111111111001110001011001110011
00000000000100011110001100110001
00000000000001100010000001110001
11111111111110001001110101011110
00000000000111000011111101001100
00000000000011100111000100011111
00000000000000011111110011101010
11111111111101010110111000100111
11111111110111111110001111010110
00000000000010110010101001010000
00000000001000010100110010110100
00000000000010010000010100100000
11111111111111011100001100011111
00000000000001110010100010011111
00000000000011100010100110101100
00000000000001001110110001011101
11111111111011011000010111101110
11111111111111010001100111001010
00000000000100010010000110101111
00000000001010011011011101011001
00000000000010011111011010010100
11111111110111010110010101100110
11111111111100000000001010111100
11111111111100000110100100000100
11111111111001010000011000101101
00000000000010100011001001011001
00000000001000100010111001111100
11111111111100111001100111001100
00000000000001011110011111100001
00000000000101111101000000100110
00000000000001010010011110111010
00000000000110111010100100100000
11111111111101111100011111011011
00000000000110010010111101111100
00000000000000010001011100010000
00000000000001011111101111101110
11111111110110011100110110011001
11111111110010111010101100111111
11111111111100010001100001111101
11111111111011101001100110111011
11111111111110110111110011011101
11111111111010111101000011011110
11111111111010000110110110001101
11111111111010000110000010111111
00000000000010000111000100000000
00000000000010011010011011100010
11111111111010110011001100001000
11111111101111101100001110011000
11111111110110110111011101000001
00000000000010010000101100001011
00000000000011101001101001011110
11111111111111110101110001100110
00000000000001010111110010111100
00000000000000001110100000100010
11111111111000001101010100100101
11111111111100101001100111011101
00000000000100111001011100001000
00000000001011100101001010011110
00000000000110101100110110001110
11111111111001011111001111001000
00000000000100101010100010001000
11111111111101011010110111111111
00000000000010010111001001100010
00000000000000000011111010101110
11111111111100101000001011000010
00000000000010011100010001101111
00000000000011001001000001101100
00000000000011011010111010111010
00000000000010111010101110011001
11111111111110010001011001001100
11111111110110011101101110110010
11111111110111000000101110111100
00000000000101100000011101111000
00000000001110010010100110101010
00000000000110111010111010101010
00000000000111001011101011101010
11111111111101000100011100100011
00000000000000101100101100101100
00000000001100111011011100001100
11111111111101101000111110111000
00000000000110111000000111111011
11111111111111001100101011001000
00000000000000001010100000000100
00000000001001101000100001010110
00000000000000111111101010110011
00000000000001101110101001011011
00000000000000001001001010010110
11111111111100011011000010000001
00000000000000010111010010110010
11111111111000100111011011011011
00000000000010000110111110111101
00000000000111011000110110001000
11111111111101101011100110000000
00000000000100001100100110100000
11111111101111101110010001110111
11111111111100001001111110111101
00000000001000000001010011101000
11111111110110000110001111011110
11111111110101110101000100000110
11111111110111100010011001001011
11111111110100101010111100100100
11111111111111001111010000010001
11111111111010010100000111010011
11111111111010110110000111111000
11111111111001101101001101001001
11111111111010001110101110100101
00000000000111100100100101101010
00000000000000000111001010010100
11111111111100100011111111101010
00000000000010010100101100111111
11111111111101111001100100001011
00000000000010001101000001110101
11111111111011011101001111101011
00000000000000001001100011010000
00000000000110111101100110010100
11111111111111001110001111000100
11111111111100110110000011111000
00000000000000010010100100011110
00000000000110110001011111001110
00000000000111001010000101101011
11111111111100010101001111001100
11111111110110010111011000010101
11111111111110101011110010100110
00000000000101100111010100011011
11111111111011101110110010011111
11111111111100100010000000100101
00000000000000101101100111001110
11111111111011111110001000101000
00000000000011111110111001110110
00000000000100000111100100000100
11111111110110001001011101111011
00000000000001100000001001111010
00000000001001101110001011010100
00000000000010101001100010011110
11111111111100011010011000111110
11111111111001100111100000110101
00000000000001010000001111101100
11111111101100001010000010110000
11111111101111100110011011001010
11111111110001001010110101110110
00000000000001110011110001001101
11111111111110001011000111101101
11111111111111110100111001110110
11111111111111101101100001001010
11111111111111111111101101011111
00000000000001011011010111101110
11111111111001001011010011010000
00000000000011001010110111001011
11111111111101001110001000111100
00000000000000111111000001111110
11111111111011100011111101110111
11111111111010010111101101010011
11111111111100111011110110001101
11111111110101110001100010101110
11111111110101011100011110001111
11111111111101011011011110011001
00000000000100000010101100000100
00000000000000011000001000010111
00000000000110001100001010111011
00000000000101001101010111011001
00000000000011000100100000110100
00000000000010101000011000111001
11111111111111000001101111111000
00000000000101100011100111000010
00000000000110010000010100100100
00000000000110111000110110011011
00000000001100110010011000011101
00000000001001000001000110101000
00000000000000110111001110110101
11111111111000110010111011110001
00000000000000100110010000001011
00000000001101010011111100101001
