11111111110111000100110111110111
11111111111001110000011000100001
11111111111101000111011001011001
11111111111111100011110111011000
11111111111011110001011000110111
11111111110001100010000101101001
11111111110010000000111011000010
00000000000000101011001110000000
00000000000000010111111001000000
00000000000010001001101011101111
11111111111011011011111011010000
11111111111111110010000001000000
11111111111110110001000000110011
11111111110100101010000000110001
11111111111010011100111001111011
00000000000011001110110100100001
00000000000110111011000110010001
11111111111111011101001011000010
00000000000001100000111101111111
00000000000000111100011010001111
11111111111011110110011000000011
11111111111101110000010100100011
00000000000011110110001111001101
11111111111111010011011001001111
11111111111111111011100111001010
00000000000011101010100110100010
11111111110101100001111001101010
11111111111110010100010100101011
00000000000010011111110011001010
00000000000100010001000100000001
00000000000010010011111111011100
00000000000000011111101100111100
11111111111111110111100110100000
00000000000001110100101010111010
00000000000111111011001101010101
11111111111101111101010011000101
11111111111100111100111111011110
00000000000010000011001001010010
00000000000010110101110100110111
00000000001000001000010101111011
00000000000011011011000111101011
00000000000001010001001010100000
00000000001001111110011110100011
00000000000100101011111001000100
00000000000100100000111011000010
00000000000000110001101110101000
11111111111110010100001100010100
00000000000101100010011110010000
11111111111111011111000110111011
00000000001000010011110011001100
00000000000110011110011101001000
00000000000000000000011000111111
00000000000101101111110010100011
00000000001011011010101000100011
00000000000000011000001111011110
11111111111110010110111100001100
11111111111101010001100100110111
00000000000110000001111011111100
00000000000100101101010011000001
00000000000001110000110111111110
00000000000000111100101111010000
11111111111010100000111100010101
00000000000100101011100110010111
00000000000100101011111100000010
00000000000101100000101111111100
00000000000000100010000111011010
11111111111100110010000010100010
11111111111111001010000010000101
00000000000001101011101001010010
00000000000001010110111111011111
00000000000010111001010001000111
00000000000100000010111010100001
00000000000010111011000010100101
11111111111111110110111000001000
00000000000001110011001010101010
00000000000110011100011110110100
00000000000111111110100000101011
00000000000110000111110101010111
00000000000001101100010111110100
11111111111110111101100101101000
11111111111111111100100011100100
00000000000011000100110101001101
00000000000000101001111111011001
11111111111110010110111100111101
11111111111111001101110001110011
00000000000000110101010001011111
11111111111110000100001111010011
11111111111110100110000010001110
11111111111111010010100001000110
11111111111110111101110000110010
11111111111100010011101010010010
11111111111110101111111010100111
11111111111110111000000110110010
11111111111010111001001010001110
11111111111110010100001011001101
00000000000010010100001000000111
00000000000010001000110011100110
00000000000011011111011000101110
11111111111001101110011111000001
11111111111010100100000110010101
11111111111000010100111001101101
11111111111111110100011100010011
00000000000011110011010101100110
00000000000011100111000011010000
11111111111101101110101111000001
11111111111000001111101111010110
00000000000000100000011001110101
11111111111001000001100110000111
00000000000100000100000010000010
11111111111101010000101001110000
11111111111111010001101101100101
11111111111110111011011101111010
11111111111110111101100000001011
00000000000010001110101111101100
11111111111100111101101110110010
00000000000110110110010110010001
11111111111011100101111010100011
00000000000011111111011001000110
00000000000011001101110111000001
11111111111100010100110100101110
11111111111100010100010100110000
00000000000100100000110100001111
11111111111100000111011010100011
11111111111101111000011111011011
11111111111101100111111111010010
00000000000010100100010111010101
00000000000100100000100010010111
00000000000010100001111100001111
00000000000110110101111110111110
11111111111010011111101010011110
00000000000011000110010111111000
11111111111100111001011001101001
11111111111011011011110000101010
11111111111001001110011000101110
11111111110010010110101111101100
00000000001001011100111101101011
11111111111111111010110100000101
11111111111010101011001000011000
11111111111001010111011010001111
11111111110111100000011101110010
00000000000100111101101101001110
00000000000010111011101001000011
00000000000010111101001110001001
00000000000010110101011100001010
00000000000010000110000111110110
11111111111000001000110111010111
11111111111100001001111101100010
11111111111110111010111110011000
00000000000010110011001001001101
00000000000001000011011011010010
00000000000001111111011110010111
00000000000101011100111011101011
11111111111011011111110110110111
11111111111001001011010010101011
11111111110100101101110010100101
00000000000010101010100000000111
00000000000000110000010000111100
11111111111000000001001000110100
11111111111010010101101001110000
11111111111100010100101001001010
00000000000011111000011011110101
00000000000001100101101100010000
11111111110110010010111001101001
11111111110110110010111111000111
11111111111110110101010001010110
00000000000001111001111111111001
00000000000001000001111011010001
00000000000011011001111010100011
11111111111111000100111101111100
00000000001000011001010011011001
00000000000011110010110000101011
00000000000011110001100110011001
00000000000010001000000000111100
11111111111011110010101101010110
11111111111100101001010010110010
11111111111010110100100001010000
11111111111110010100000100101110
00000000001000000001010110110001
00000000000010000101001111111100
11111111111010100100101011011001
11111111111001011011110010010011
00000000000000010111011101100100
00000000000010101011011101110000
00000000001011101101101111001101
11111111111100011101011110000011
00000000000001100010000111100001
11111111111101000100111011010100
11111111111100111101100011001101
00000000000110101000111101010010
11111111111001110111000110111010
00000000000111101100110011010100
00000000000100101011101111101111
11111111111000111010111000001100
00000000000010111100010000011001
00000000000010001110100000110001
11111111111001110001000111011100
00000000000100001000101000000101
11111111111110110100011111100010
00000000001100011011101101110001
00000000000000101001000110000011
11111111111010010110100011101101
11111111111111100010000010000111
11111111111111110010000010100001
11111111110011110000100100110011
11111111110111000101001101011110
11111111110101000110011001000001
00000000000111111101011101010101
00000000000010101111001100010110
00000000000111000110010111110101
00000000011000011001000000100100
11111111111110010111001101000101
00000000000100011001000010000100
00000000000010111100100010010011
00000000000110101111011000111111
00000000001010000011111110011000
11111111111110110011111111100010
11111111111111100011100101010000
00000000000011000100000010010011
00000000000111000001001110000010
11111111111100010110011101000111
00000000000001010001000111010001
00000000000010110000110110101001
11111111111111010010000001111001
00000000001001010100011010101000
00000000000010000011001011110010
00000000000110111001110110010001
00000000000110110001111100000100
11111111111101111000010010111001
11111111111001100100111000000010
11111111111010001001111111100011
00000000000000011110000101110100
00000000000011110011001100000100
11111111111101001011101000101001
11111111111100011100100101001000
11111111110110110101110100000101
00000000000111011011001110001011
00000000001000111001100100110101
11111111111100110010100001011001
11111111111000100001000010110100
00000000000000000100111011011011
11111111111100100101000011110001
00000000000001110101011000101100
00000000000110011011000111001001
11111111111111000010011001010000
11111111111010011001101011110010
00000000000000101100010111111111
00000000000011111011100011010001
00000000000111110011011101001110
00000000000010000101101000011110
00000000000011110111111000001000
00000000000100000010000110101010
00000000000001011100000011110111
00000000000011011101010010011000
00000000000000010001010100010001
11111111110111001100010010100100
11111111111101001001111111011010
11111111111001011000001101000111
11111111111100001000001000100101
11111111111001000110100100111111
11111111111011111110000000110100
11111111111110110001110101111010
11111111110110111010100001001100
11111111111100101000101000010010
11111111111111011110010111110100
00000000001000101010011000011011
00000000000001101010001011011111
00000000000010100010111011000001
11111111111100101100100001101111
11111111111111010000010110111011
00000000000101011010001000111010
00000000000111100110011110011111
00000000001000011110000101111011
00000000000100011011011100000110
11111111111110011110010101110000
00000000000000101000111110111000
11111111110010011111111111010111
11111111111000100010100110100100
00000000000000100011010100011110
00000000000000001010110000100110
11111111111110001011101000010111
11111111110011010101110110100101
11111111110101110100011001110111
11111111111111010101011001011100
11111111111010010011011101100110
11111111110110001110011010010110
11111111110110000000011001110000
11111111111100101011000010011101
00000000000001010000110011101100
00000000000110100110000101110011
00000000000000010011111001101001
00000000000010001011000111011001
00000000000010100011000101011010
11111111111111000111110110001010
00000000000000011001000110110100
11111111111101001000111000100111
11111111111111100100010111001111
11111111111101111111001100001001
00000000000001000010001111111111
00000000000110001100010111001001
11111111111100110010011000001110
11111111110100100111011101011000
11111111110101011000001000101101
11111111111110101111100100010011
00000000000000011011000101010100
11111111111101011111011111001110
00000000000011110010110001000001
00000000000011110001100000110011
00000000001101100101111111111101
11111111111111011010101011001101
11111111111111001101011110101000
00000000001000010011000101110010
00000000000111010010110010101110
00000000000100101110101110110101
11111111111110000011111110011011
11111111111110010010101011010000
00000000000000000110001110101101
11111111111110001101011100001111
00000000000000101011001001011101
00000000000100111110010010000101
11111111111110111001000010010001
00000000000100011101101101101001
00000000000100001100000011101111
00000000000000001000010010000010
00000000000111101011001110001011
00000000000101101100101100001001
00000000000100101101000010111011
00000000000000101011011110010001
00000000000001110000111011010100
00000000000001111010110100011011
00000000000000110100001100010111
00000000000001011110110110000011
11111111111101001100000111001000
11111111111100111100110100100111
11111111110111100111100101101111
11111111111101110110110010011010
11111111111010000100110011001110
11111111111110111010001110110111
11111111111010001000001101010111
11111111111000110110000001010011
00000000000101011100011110010110
00000000000010010110000011010110
11111111111110101000000111010011
11111111111000010000111100101101
11111111111101011000010110011111
00000000000100110110001110100100
00000000001000110010001000110111
00000000000110011001001011101111
00000000000011110001001101000000
00000000000000000101010110101110
11111111111011100011111101001110
00000000000010001001000001010001
11111111111001010101010000011110
00000000000100110010001101001100
00000000000110111110101011010110
00000000000101010001110011101011
11111111111110101011110111011110
11111111110111001101100110000100
11111111111010100101000001001011
00000000000110111001101001000011
00000000000001000101001100110110
11111111110001110001010011011100
11111111111000010001001010111011
11111111111011010110000001110101
00000000000011100010111101110010
00000000000101001111011111010011
00000000000001100011111111101000
00000000000110010011111101100011
00000000000000111100010101110000
00000000000011010100100100000101
11111111111111000010000000001010
00000000001001110001100010110011
00000000001001010010000010111100
00000000000111000110100111111101
11111111111110101001110011110101
00000000000011001010101011111101
00000000000000010010000101110110
00000000000101000011000100011011
00000000000101011101001111100111
00000000000110101100001101011110
00000000000001010011100001101001
00000000000101110011101001100000
00000000000110001111010101001110
00000000000001111100110111011001
11111111111010001101000100011011
11111111111011010001101001100010
11111111111110110010011011111111
11111111111110001011011001010101
11111111111101011110111110000100
11111111111000010100110110101110
11111111111001001101000010000100
11111111111101101001001000110011
11111111111001111001100111111010
11111111110111010010110001111110
11111111111111100011000000010111
00000000000010001001011101010000
00000000000011110011001011111001
11111111111101111000101001010101
11111111111001001100110111001100
00000000000001110100100100010101
00000000000001100110110110011100
