00000000000011011010001100111110
00000000000101101010110010000010
00000000000100110000001111001100
00000000001000110100101001110011
00000000000111101001011010111001
11111111110010010100111001001000
00000000001010001100000001111001
00000000000010001000001001101010
00000000000000101100100011101011
11111111111010011011111011100101
00000000000101110001111110000010
00000000001011000110000011000000
00000000000101011010101011010111
00000000000101010100101011101001
11111111111100110000000010101110
00000000001000001001111011010111
00000000000001101100100101011110
11111111111110010001010011000000
00000000000001111011000011111010
00000000000011011010001001010010
11111111111110001100011110010110
00000000001110110100011011001110
00000000000101101101111100101001
00000000000001000001000100011110
11111111111010100001111111100110
00000000000010100000001010010110
00000000000001011101110110001000
00000000001000110110000111010101
11111111111101100110011111011010
11111111111100110101101010110000
11111111111110010011011101010011
11111111110100110011011110011000
00000000000011100111011010010001
11111111111110000110110111101100
11111111111100001100000000000100
00000000000110101011101001100011
11111111111001001111101111100110
00000000000100001000101011010010
11111111110011001100010110100110
00000000000001011110110001011111
00000000000110101011000001101010
11111111111010010101011100100010
00000000000001100000011011011011
11111111111101001010101010000111
11111111110111001111000000001100
00000000001000010000000100100111
11111111111100000000101010001110
00000000000110101100010100001110
11111111111100111111000011011000
00000000000001010111111001010111
00000000000100001000011100011010
00000000001100010111110001101000
00000000000100100111001001000111
00000000000100001000101101101110
00000000000101101110011000101001
11111111111100100011010110011101
00000000000001111001001100010000
00000000000000111001001100111000
00000000000000010111010001010000
00000000000110000110001011101011
11111111110011100101001101110101
00000000000000001001010010100000
00000000000000100000100001000111
00000000000001100100101010001011
00000000000010010101101001010101
11111111110010001010101110101010
00000000000000010001010010111001
00000000000001011110011110111110
00000000000001000101101000001101
11111111111110001101011001000110
11111111110111101010101111000101
00000000000001010110100011010100
11111111111110111101010001010011
11111111111011010011100011111101
11111111111110011100100110111000
00000000000001100010011100011110
00000000000001001111011001010110
00000000001010010111010110001111
00000000001000010101011011000110
00000000000000110100010010100111
00000000000010111000011100010100
11111111111111100010011111100111
11111111111110111011110111000001
00000000000000001000100101110100
11111111111111000111000100101101
11111111111000001000100101010100
11111111111110110010111101101101
00000000000010001111101101110101
11111111111110111110111111011110
00000000000010011001100110011011
11111111111000111001101000111010
11111111111100010001011011001110
00000000000010001011100101010011
00000000000110000110100101001111
00000000000011111010110111100010
11111111111101110011010100010001
11111111111111100011100100101001
00000000000001011000011001011110
11111111111100011111110001100011
11111111111010111011100011000000
11111111111100100101100010011000
11111111111111110110101001111100
11111111111101010011001011100110
11111111111111001111111111100010
11111111111011101110101101110100
11111111111110011101011010001100
00000000000100001110111010101001
00000000000100011011011011011011
11111111111100100010101001111111
11111111111101001011000010011001
11111111110101111110101101110101
11111111111110000011001001111000
00000000000011011000010100101011
00000000000000110101100011101101
00000000001000110011100100011000
11111111111101110111011110001011
00000000001001101000111000111000
11111111111111010001111000101111
11111111111111001110010001010010
00000000000100011000111000101010
00000000000111010110001001100111
00000000001010101110010101111001
00000000000100000110010111110110
00000000000010001001111111110011
11111111111101000100010001010011
00000000001001011000011101001111
00000000001100001111011010110111
00000000001000001101000111000110
00000000000110100110111011111001
00000000000111100111000011110100
00000000000100101100100011011010
00000000000100010001010011011110
00000000000010111010011100110000
00000000000100100011001111001000
00000000000011100001100011010110
00000000001110100001101001011001
00000000000111110101001001000001
00000000000110010101110101010111
00000000000110001011001000001101
00000000000111101011111010000001
00000000000010100110110110011101
11111111111110010000101110100000
00000000000011101111110000001001
00000000000011110000010101000101
00000000000000010110101110100111
00000000000010001111010101101011
11111111111110011100000111011001
00000000000011100011110110100110
11111111111101101010011101000110
11111111111100100010110110011101
11111111110101111010011101101100
00000000000000101001100101100101
11111111111111111100100110111111
00000000000100001110001011011100
00000000000010100111101101011001
11111111111110111111000100010011
11111111111110001101101111111110
11111111111111011010111001000111
11111111111110111010011001100011
00000000000101001101101011100011
00000000000000000011111000101010
00000000000001011010111101010010
00000000000000110110000011001000
11111111111010100011100110110101
00000000000110001000011000101000
00000000000001010111111011000000
11111111111011100000110110100100
11111111111111001100011011011101
00000000000001100010001000001110
11111111111101011111101110111110
11111111111101010110100100010001
00000000000010110011011010111100
00000000000010011100101000010110
11111111111111001100110100111100
11111111110000101011111100100111
11111111111110011100000000011000
00000000000000110110000101011101
11111111111111100100110010001100
00000000001100110001000111001111
11111111111111010100100111100000
00000000000111110011010110101011
11111111111110001001101101011001
11111111111010111001000110101011
11111111111101111111011110101011
00000000000011000011111010011011
11111111111111111000110100110000
11111111111101101100110010110001
11111111111111100001000001011100
00000000000001011000001100001010
00000000001101010100100100110111
00000000000010100101100101010101
00000000000011011101101101010000
11111111111111111000100010011101
00000000001010100000101011001111
00000000000110110101000001011110
00000000000101111010100110000100
00000000000100000011101101110000
00000000000110011010111000111100
00000000000001100011010000001010
00000000000101000100100111011000
11111111111101010000110100000000
11111111111110110011101000111100
11111111111100010010111100011001
11111111110111010001110001100010
00000000001000111011100010110001
00000000000010010000001111000111
00000000000100001101001011000011
00000000000000011100101001110100
11111111111110100011011101110010
11111111101000010001110101000000
00000000000001111010001000000001
00000000000001011001110000010011
11111111111100101010001010011100
11111111110110001100001100000001
11111111101100010110100100001100
00000000000000111100011001011100
11111111111011101001000111000111
11111111111001110000110011001111
11111111111100101001010000001101
00000000000011111100011110000001
00000000000001001001100010110001
11111111111100010010000110001110
11111111111111110001101011110001
00000000000010100111101000111101
00000000001001100110011101010001
11111111111110100011011111000101
11111111111000010001000101011101
11111111111110000000000101100111
11111111111001011111100010000011
00000000000011010100111100000001
11111111111010011100100000001011
11111111111001000001111001001010
11111111111101001010111101100000
00000000000000011100111010010001
11111111111111101010000000110010
11111111111110010111110000110110
00000000000010101110000110110000
00000000000110101100010010110011
00000000000000000111111110000011
11111111111011011001110110000100
11111111111111100001000110010111
00000000000111101000010011111101
11111111111111110001100000100011
00000000000000101111110100111001
00000000001100000110101000010001
11111111111110011101100010110101
00000000000000000101010000010001
00000000000111000010110110100000
00000000000110010111011001011100
00000000000001110101110111101110
00000000000000100001011111011010
11111111111110000101100000100011
11111111111101111101001010111110
11111111111101011001010001111110
00000000000010010101000011110111
11111111111001000010110110100111
11111111111111000100001100000101
00000000000001100110010100100010
00000000000001001011011110101100
00000000000011001000111100110100
11111111110001001010100101110010
11111111111101100000100100101110
00000000000001010101101100110000
00000000000011110110010010000110
11111111111010000000100010110101
11111111110101001001110001000001
11111111111000010111000011010100
00000000000010001111110110001010
11111111111010100111000000010100
00000000000100101111111000101100
11111111111000111011010000110110
11111111111110001110111100100001
00000000001000100001110100001000
00000000000100101011101110111001
00000000000111010010100101011100
00000000000000001000110000001100
00000000000101010101101101010111
11111111111010111010110001110011
11111111111100101101100101111011
00000000000010000001111111010111
00000000001100110101111000010000
00000000010010011010000110000011
00000000000010010011011110101010
11111111111101011011010001000110
11111111111110101011100110111100
00000000010001001110001111101111
00000000010000111101011001010011
00000000000001100101010000010101
00000000000011000000101001000101
11111111111011010111011101000100
00000000000010011110000110000011
00000000000100000111010101110001
00000000000101011101110010000001
11111111111111101110100000010101
00000000000000111101101101101001
11111111111111110111010010100010
11111111111100001110110010011001
11111111111110010000111110001111
00000000000000010110111010001000
00000000000000100111011110111000
00000000000010001100000000001111
00000000010100010011010111100011
11111111110111111000000110011111
11111111111001101100111110011111
11111111111011010000001010111111
11111111110100001000101010111001
11111111111100010100100111101001
11111111110111001100111011000110
11111111111101100000010011101110
11111111111111000011110011110101
11111111110011110000001010001100
11111111110101100001011001010111
11111111111101100011011001100110
00000000000010011010011011111010
00000000001000010010101011001100
11111111111011101000011000000110
00000000000011010010011001100000
00000000000000010111111110110111
11111111111111110001111101011100
00000000000011110001001011001101
00000000000100100011111100000110
00000000000010111100001010010000
11111111110110111100000100100000
11111111111000000000001001101100
11111111111010110001000011011101
11111111111010010101111101100001
11111111111010011001000100000000
11111111111101011110011110110001
11111111111101110000001111111111
11111111111101110100011010000000
00000000000100001011111101000110
00000000000011001001111000010100
00000000000000100000111000001011
00000000000010101001010001100011
00000000000100110010101011011101
00000000000001100011011011010111
00000000000001011011110011011101
00000000001001001000010000011001
00000000000000001001001011110001
11111111110110011001001001101100
11111111111110101000000110101100
00000000000001111110010000111111
00000000000101101011010000010100
00000000000001001110110101011000
11111111111000111010111010100010
11111111111001101110111111010011
11111111111111111000111001011111
00000000000110101110101110001001
00000000000010011111111100001110
11111111111111110001001110001111
00000000000001011011100010001010
00000000000100011100010111110011
00000000000010000110110011011110
00000000000000101011001111111000
00000000000000100000011000011011
11111111101000010010111001100000
11111111111100100011001101000110
00000000000111111111111100001011
11111111110111100111100100111101
11111111111101110100100000010011
11111111101011100001010101111110
11111111111000001000001101100011
00000000000101100011110011111001
11111111111110011101000101010100
11111111111100110010101100011000
11111111101101101100011001101111
11111111110111100110001000100101
00000000000110001101010001000010
11111111111100011011010110000011
11111111111010110001100000100011
11111111110101111110001110000010
11111111111000100100100010010000
00000000001010111111010011101011
00000000000001011100100100001010
00000000000100100100011010101111
00000000000011100000000111100001
00000000000000000100010111001110
11111111111111110010010010111101
11111111111100110011110100110110
11111111111100110001010100100110
00000000000010111110000111101010
11111111111110001110100010100001
11111111111110000010111101101111
00000000000010000101101101110110
11111111111111010000001100110111
11111111111110011101000100010110
11111111111000111000100110011001
00000000000000110010010010110011
00000000000100101011000111110000
00000000000110101100000101011111
11111111111110110111000101000101
11111111111101011101010100101010
00000000000010001110001011001110
00000000000100111101010101000100
00000000001001100011000111101001
00000000000100111100000111110010
11111111111111101100000010010010
00000000000010100110001011101001
00000000000010001010110000101000
00000000000000000100101110100100
