11111111111100100010100011010010
11111111111110110011110100001011
00000000000000001011100000001110
00000000000010000011100100111101
11111111111100110001100011010111
00000000000010000101110001011000
11111111111100011010000111001010
00000000000010011101010110001010
00000000000000001101011000000111
11111111111110001001000110001111
11111111111100001100101000111100
11111111111111100100110010111110
11111111111100001101100011110010
11111111111101100000110010001100
00000000000000000101111101101000
11111111111111101000010111110101
11111111111101100101011101011001
11111111111101111100010111001110
11111111111100001110011110110111
00000000000010001000000100101101
11111111111110110010100100011101
11111111111110100011010100111111
00000000000001010001111100110010
11111111111111010111000110101111
11111111111101010001001001111000
11111111111110100011011000110101
11111111111101000001111100010000
00000000000000110100101011101010
11111111111110101000111111010001
00000000000010000111111011110011
00000000000010001110000000111001
00000000000000110100010011000110
11111111111101000011101101111110
00000000000001100011111011011010
11111111111100001111100000011011
11111111111100111101111101011111
00000000000000101000100000001001
00000000000000110100001000100100
11111111111100001011000110010010
00000000000000111011000110000010
11111111111111110101110100110110
00000000000010010011010101111111
00000000000000011111111001101111
11111111111110101111010111010100
11111111111101110011111011001001
11111111111110010111101011010000
11111111111101101101111101110011
11111111111101001110111011100101
00000000000010011001111111100010
00000000000010100000001000111100
11111111111111110101011111001010
11111111111110101100100100010100
11111111111111000001011100101100
11111111111111110011010110111101
00000000000000000111101100111101
00000000000010001100110010111001
00000000000001001101111001010111
11111111111110011001001110010001
00000000000000000010100111000100
11111111111110011001010010101111
00000000000010010011100011001000
11111111111111111011101011100111
00000000000000110010011100001111
11111111111100001001001010010111
11111111111110101010010101111010
11111111111100010001100111000100
00000000000000111111111011111100
00000000000001011101110011111110
11111111111100010001010000010000
11111111111100111011011111011011
11111111111100111101110001001101
11111111111100110011100011111101
00000000000001011001001011001110
11111111111110000110110100000111
11111111111100010000111111011010
00000000000010001000110010001001
00000000000000010111111100110101
00000000000000001100011111100000
00000000000000011010001111110010
11111111111101110101010000100101
11111111111110110001010100000101
00000000000001111101000010101101
00000000000010011111000001011110
00000000000000100010010101110001
00000000000001001110010010000000
11111111111110111110000010110101
11111111111101110101100100110000
00000000000001100100001101110011
00000000000001001111110100001010
11111111111101101110101001010110
00000000000001001100111001011111
00000000000001001110101010100110
11111111111110100011000010110101
11111111111111001011010100011100
00000000000001000000100110000101
00000000000000010101111001101010
00000000000010011111110110010101
11111111111101111001000011001111
11111111111111001001011010010010
00000000000000101101110111100000
11111111111100100101011101101110
00000000000010000101010000111100
11111111111111010001101100010001
00000000000001101101001101110001
11111111111111110011111110111100
00000000000000110000111100111010
00000000000000000110010100101111
11111111111101101010011101001001
11111111111100010110100011000000
00000000000000011100111010010110
11111111111101100101101000000010
11111111111100010110101111101010
00000000000001100100000010111111
00000000000010000100101011110011
11111111111101101111000111000001
11111111111100101001011101100101
00000000000000001001010100110011
00000000000001100001111001001011
11111111111110111110111101110001
11111111111100001000001000100110
00000000000000111111101111111010
11111111111110100111110101010010
11111111111100111101101111001001
11111111111101111101000111001101
00000000000000011011001010000011
00000000000001000001010111101000
11111111111110011101000000000101
11111111111110100110111010011011
00000000000010010111011001000101
00000000000001100100000000100000
11111111111101111100011001111100
11111111111110010000001001000100
00000000000001011101101001110110
00000000000000011110010100101010
00000000000010110111011101110001
11111111111110111100101000000000
00000000000000011101011000011010
11111111111101111110100100101011
11111111111100110110000101100110
00000000000010010011011001111001
11111111111110100011100101000011
00000000000010010000011111100111
11111111111110110111000101010010
11111111111111000101000000010111
11111111111111110100011101100100
00000000000000000101100111010010
00000000000001110011010000111100
11111111111110001100110010101001
11111111111101001011000001001000
00000000000001110101000100000011
11111111111100001110100101010000
11111111111110010001111011111100
00000000000001110100100010110101
00000000000010111010000001000000
00000000000001100011001101110001
11111111111100001010011100000100
11111111111111011011000000000110
00000000000001101101010000011010
11111111111111100011010000001100
00000000000000011011010001000000
11111111111110100000101010111101
00000000000001101010010110100001
00000000000000001101001000100010
11111111111101000010001000011001
00000000000010110001110010001000
11111111111101011101010001110001
11111111111111110010000000110111
11111111111101000101001101000010
11111111111100110011110100010000
11111111111101101001111000011110
00000000000000011110001111011110
00000000000001111100001000010001
00000000000000010001110101010111
11111111111101110110011010101011
00000000000001010000011000000011
11111111111100111010001100010001
11111111111110000100010101011101
11111111111111010101010101011111
11111111111111011111000100011000
11111111111110110001110001100000
11111111111101111000011110001010
00000000000010001011001101100001
00000000000001010011010011111101
00000000000010011010101110010011
00000000000001101101000100001001
00000000000000001010010010011001
11111111111110000100000000100110
11111111111101011110011100000001
11111111111111110000111011001110
11111111111100011001100000000101
11111111111100010000011101100010
11111111111111100100001101001101
00000000000010010010111011011101
11111111111100010000111010001100
11111111111111111110011000001100
11111111111111100000110101100010
00000000000001110100101011011010
11111111111111000010000111110000
11111111111110101100100100001101
00000000000000111010011101011111
11111111111110100001111000001111
11111111111101111011000001010001
11111111111110000110101000010000
00000000000001000011101101001100
11111111111110111101110000101111
00000000000001011010100001010011
00000000000010101011111010110100
11111111111101001011111110001000
00000000000000111101000111010011
11111111111101110101010110101010
11111111111100111100111101100111
00000000000010100011011000100010
11111111111111000110011011101101
00000000000011000101010011100100
00000000000010101101000110100111
11111111111111101100100001111110
00000000000011001011001110110110
11111111111111101000010110111110
11111111111111010100011110111101
11111111111101011101111101101101
11111111111101110010100000101110
00000000000000001100111010011000
11111111111110101000011001101010
11111111111101001001000100000011
11111111111110100100011001110001
11111111111101011100111011010000
11111111111100101010001000010001
11111111111100110011010111010001
11111111111100110010000010001011
11111111111101100001111011001010
00000000000001100010001001010000
00000000000001101110010001000010
11111111111101001110101101111010
11111111111101101111001011011000
11111111111100010001001001011010
11111111111110101111000101000011
00000000000001110001111100110000
00000000000000011110101110111000
11111111111101100100000100011010
00000000000000100000001000001101
11111111111110111000110011100110
00000000000000101000001000000000
11111111111101101001011011101011
00000000000000100011101101110101
00000000000000111010101000000010
11111111111110111101011001101100
11111111111101110110100011000101
11111111111110110001001101101001
00000000000001001001111111110100
00000000000001010000110010010111
11111111111101001111000100101101
11111111111101100110000001011011
11111111111111110010010000011010
11111111111101111110000111011001
11111111111101011011111110101011
11111111111111010001010101010110
11111111111111010000101010011000
11111111111110010011000100101001
00000000000001001100110011110001
00000000000001101111110000100100
11111111111101000110110111001011
11111111111100101011010011111100
11111111111110010100010011101000
00000000000010001101010110001000
11111111111100100001011100111011
11111111111101010101011000000000
11111111111110111101001000111101
11111111111101111111001010000011
11111111111101001010111011001001
11111111111101010000011010100001
11111111111111000110010110100111
00000000000010000101001111100011
00000000000001011111111010010010
11111111111101100110100001101000
11111111111101110100000000000100
00000000000001011110001010011001
00000000000001100011010110100111
11111111111110110011000011000110
00000000000001101110010110010001
00000000000000001000111011000110
00000000000000010111010010111000
00000000000000011010001100011000
00000000000010111100101001110011
11111111111111001010001001101101
11111111111111001100001000000001
00000000000011001011101010010001
11111111111101111001110001111000
11111111111111010100000100101100
00000000000001011001001101101010
00000000000000010111101011110010
00000000000000011111010101011010
11111111111100010010011100010110
11111111111101001011110010101000
11111111111101011011111000001101
00000000000000001100001000001100
11111111111100110101101001100111
11111111111101001100110000010010
11111111111101010100000011110000
11111111111100110110010011000101
00000000000010110011110001110100
11111111111111100111100100010010
00000000000011000100000000101101
11111111111101100100100100001011
00000000000001101110110000001100
00000000000010010001100110110000
00000000000001100111000000100110
11111111111101010110001110110011
00000000000001100100110000111010
11111111111110101001000010111011
00000000000001011010010111010100
11111111111111000101101010001000
00000000000000111011010101011111
11111111111101000010000001011000
00000000000000111101001001111010
00000000000001001010010110000011
11111111111111010101011000111110
11111111111110110111100111000101
00000000000010101110101111011100
11111111111110110011010101110111
00000000000000010100100101010000
00000000000000011100001010011010
11111111111111101010111011011001
11111111111100011110010101010001
00000000000000111100101101000000
11111111111100010110001111111101
00000000000001001001000101111110
11111111111101010100111111001010
00000000000000101010100111011001
11111111111111010000000101001110
11111111111111110001011010111011
11111111111111000001010111111100
00000000000000111100010100110110
11111111111110111001000010010010
11111111111101101111001100010001
11111111111101111011001100011010
00000000000000010101100110000101
11111111111111111100001010011001
00000000000010001100111010111010
11111111111111011111011101010000
00000000000000101010001010000000
00000000000001011111011001001101
00000000000010011101011111000011
11111111111100001010110011001111
11111111111100101110111001010001
11111111111110101000000000111010
11111111111101010100100100010000
11111111111100111101100000111001
11111111111111111001010110100100
11111111111100010110101010000000
11111111111101011101010110101010
00000000000000010100010000011111
00000000000001101110101111001101
00000000000001001010111001100001
11111111111110000100101101001000
11111111111101100100011011101001
00000000000000111101011010101010
00000000000001111100111101001111
00000000000000111000011111110101
11111111111110011111011011001100
11111111111111110001110011111111
00000000000010000001011000001101
00000000000010010110001101011101
11111111111100110100010100000010
11111111111111110010000110100011
11111111111100111111111111111100
11111111111110000100101100101010
11111111111111000101000111000001
00000000000000101011111110010111
11111111111110010110000110010100
11111111111111000111111110100100
11111111111101111110001110100111
11111111111110000100101100111111
00000000000010011110010000010101
11111111111101001000101010010010
00000000000001000100011101101001
00000000000000001000110100001100
11111111111100010001011010111001
11111111111100011010001101000100
11111111111111110110101001001011
11111111111101010011000001100111
00000000000000001101001101001101
00000000000001101000101101000001
11111111111110010010011111011110
11111111111101100000011011000001
11111111111110010110001100000100
11111111111110101001100010010100
00000000000010010000110000110001
11111111111110011001001011100001
11111111111110101001101110000011
11111111111100010111011011011001
11111111111111100000000000000001
11111111111111100111101111100000
11111111111110100110000000000001
00000000000000111000110100000001
00000000000000011011100110011001
11111111111100111000111010010110
11111111111100101000001010111100
00000000000001101001101010001100
11111111111111011110110101000011
00000000000001101001000100001111
