11111111111110100100000111001101
11111111111111001010000000011011
11111111111100000011011011011001
11111111111111111100110011010111
00000000000001110001111110100000
11111111111111011100100110100100
11111111111111010000010111000010
00000000000001101000001010010010
00000000000000011001101110111100
11111111111111101000011111011100
11111111111110011000011011010010
00000000000000001111011011000001
00000000000000101000010110101000
00000000000000000111010010100001
11111111111100111101011100011110
00000000000001111110101101011011
11111111111110010011111010000010
11111111111100100001001110100001
00000000000010001101100111010110
11111111111110100101011011110111
11111111111111111000101101101111
11111111111100011011001100000110
11111111111101001000100000110011
00000000000010000111011001110110
11111111111110000101001111111100
00000000000001101011111001011110
11111111111101011011111001011100
11111111111111110000110100111100
11111111111101010011001010010011
11111111111101111111100010100010
00000000000000000010100011110111
11111111111110010111110011101001
11111111111100010010011101111100
00000000000010000001111100011010
00000000000000010011000111110000
11111111111111001000111111110010
11111111111110000110111011100111
11111111111110001110001011111101
11111111111101000101111111110000
11111111111110101101000110100110
11111111111101010110011001010101
11111111111111010011001001010110
11111111111101000100001100010011
00000000000000101111000000111100
00000000000001100011001100010011
11111111111100111111111111101110
11111111111111011000110111110100
11111111111100110011100101110101
11111111111101010000100100011000
00000000000001010100010000111110
11111111111110011001000011111000
11111111111101100000100111001110
11111111111100011101011001000001
00000000000000101101110000100110
00000000000000111110010110000111
00000000000001101010000011010111
11111111111100100010110010001011
11111111111111111111011001010000
11111111111101111010110100000111
00000000000010000000011011011110
11111111111111110110101110011101
11111111111111011101111111100001
00000000000000000001100100011100
11111111111101110100111100111101
11111111111100101001000100011100
11111111111100101010001110110110
11111111111110111101000000000001
00000000000010000110011000011011
00000000000000010010101110111100
11111111111111011100110110010011
11111111111100100001101111110010
11111111111101011001011011011001
11111111111100001110111010100001
11111111111100111110000001100011
00000000000000110111111010001110
11111111111100110010011101111011
00000000000001100111100101011111
11111111111111101001000000000100
11111111111110011110001111011111
11111111111110000100111010010011
11111111111111001000000110111111
11111111111101111000111111001111
00000000000001111001111011111111
11111111111101111010110101000111
11111111111110110111010001011100
11111111111101011001111001010110
00000000000000011011110101010000
11111111111110101111100011110011
11111111111101010111011010000010
11111111111110110001101100001000
00000000000000011000100000110010
11111111111111111111001111001010
00000000000000010010100110111001
11111111111100101000001010010111
11111111111111101001011101000100
00000000000000100001110111011111
11111111111100010110110100011100
11111111111111010001111100110101
11111111111101011100110100101101
00000000000001110010001011101000
11111111111100001100011111001011
00000000000000010011001011111011
00000000000010010111110111101100
00000000000001011111101100001100
00000000000000011011010000101010
00000000000001011101100100100110
00000000000000100101110101010110
00000000000000001001101000101111
00000000000001000100100110111011
11111111111101111010110010000011
11111111111110110101101000001100
11111111111111101111100111000000
11111111111100011111111111001000
11111111111101110011110000010111
11111111111111111110001010011101
11111111111101010111111001000010
11111111111111011101010110010001
11111111111111111111111110000000
11111111111111111001111000010001
00000000000000101101101001010100
00000000000010011011100111011110
11111111111110010111000100110101
11111111111100011111101101100111
11111111111111101100101111111101
11111111111111110000100010001011
11111111111111001011010100000000
11111111111101001001110110011011
00000000000000111100101100110101
00000000000000111111110101110111
00000000000000010011101001100011
11111111111100111101110011110001
11111111111100111000110000011010
11111111111110011110011001011110
11111111111110000100101110001110
00000000000010011010101001110010
11111111111101100100001001010100
11111111111111000110111101100110
00000000000001001110100101110111
00000000000010110010110101010111
11111111111110110000011111100101
00000000000010011011101000001110
11111111111110101110100111110011
00000000000010001000010000011111
11111111111111011011101011001001
00000000000010101000000101000001
11111111111110100011111100010110
00000000000001101100001000100100
00000000000001010011100111001010
11111111111101011001010001100011
00000000000011000100111110100110
11111111111101110000001110101110
00000000000010111100100110110011
00000000000000011001111111111000
11111111111110011100000111101000
11111111111101110100111000000111
00000000000000011010111011111100
00000000000010000111001000011001
11111111111111101000111100000010
11111111111101001011110100000010
00000000000011001111101011010000
00000000000001101111000000101010
11111111111110010011101000011100
11111111111110110000101101101000
11111111111101001011000010100110
00000000000011000111100100101100
00000000000001110001011010011111
11111111111100110100011101011101
00000000000000110001000011000100
00000000000001011000001010010011
00000000000001101001010010001111
00000000000001111111100000111000
00000000000000111000000001110000
11111111111111111001111110101110
11111111111101111110101110100011
00000000000001010110001101011111
11111111111111100111001100111011
00000000000010001111001110011100
11111111111111101111110010010001
00000000000010010010101111010001
11111111111100110011000010100010
00000000000000011010110110000011
00000000000001010000110001111111
11111111111100100001000010111110
11111111111111110100001000010101
11111111111100010011001000100011
00000000000001010010001101111101
11111111111101111111011001110001
11111111111100101100110110001110
11111111111110101010001001101111
11111111111101000001001110011001
11111111111100001001111000111001
11111111111111101001111010111111
11111111111100010110111111101001
11111111111100111101010111000000
00000000000000100111001010101101
00000000000000110010001011110010
00000000000001101010110110010001
00000000000000110001111101001001
00000000000001000000011001111011
11111111111101011100001111000110
00000000000000101110110010010110
11111111111101010000111001011110
11111111111111011110010000110110
11111111111110001001101100111001
00000000000010010001110110111111
11111111111100101100001110110110
11111111111101110010100100001011
11111111111110010000101000001111
00000000000000101111110101100001
11111111111101001001111001101111
11111111111111010001110110010001
11111111111111011000111110011010
11111111111100011110011000110111
00000000000000011101110111100000
00000000000000110011010101111001
00000000000000000111100010111001
11111111111110110111010101011111
11111111111101010010011000001000
00000000000010101001111111101011
11111111111111001011111101110101
00000000000001011110000111000011
00000000000010000011111000001110
00000000000000110110011110010101
00000000000010100111110010001010
11111111111110000110110111011011
00000000000001011001010110001001
11111111111101110110011011000101
11111111111110001000100010011110
11111111111111110000010100110101
11111111111111010101000000010010
00000000000000110100011110000011
11111111111110101000111100101111
11111111111110111110001010010000
00000000000010011000110100101110
00000000000001001000100101010100
00000000000000010000011001010011
11111111111100111010010011011011
11111111111101011111100000101100
00000000000000111001011000111110
11111111111110101011101101101000
11111111111101001000100011100011
00000000000000011011110001001010
11111111111100000100001011010001
11111111111110111101100101100110
00000000000000010100011000000001
11111111111111001110101000011110
11111111111100011111010110001100
11111111111110001011000111001101
11111111111100010110100111001000
11111111111100001010111101100101
00000000000001100000000100100100
00000000000010100111011110100000
11111111111110001111011111101001
11111111111110000010000011011000
00000000000001110111010001111000
11111111111100111000111000101111
11111111111111011111110000110011
11111111111111010101111100000100
11111111111101000001010000100011
00000000000000101011110101011100
00000000000000111101000100010101
11111111111110110110110000011100
11111111111111111101010101101010
11111111111100110101101001100011
11111111111111110101011100101100
00000000000001001101100010101110
11111111111110000111100111100100
11111111111111010111110111110111
11111111111110000011100110001111
11111111111100011000000010100110
11111111111111011011010001111000
00000000000001010111100000101111
00000000000000001011010101111000
00000000000010010101110010000011
00000000000000110000001000111110
11111111111101010101011110101110
00000000000010101011111101000101
11111111111100001000011110101100
11111111111111010010001000110010
11111111111110001110011100111001
00000000000010111101011110111010
11111111111110101101010110110000
11111111111110010110000101100000
11111111111101010001000000010011
11111111111101101000000010001101
11111111111110110000001001101110
11111111111110000001101101111000
11111111111101111010011010001011
11111111111110001010101011010000
11111111111110000100010001100101
11111111111111101110000001000111
11111111111101111111111100110111
11111111111111111111101010000100
11111111111100101000001101011000
11111111111110010111111000001111
00000000000010011100000010100110
00000000000001010011000101101010
00000000000010010111100111000010
00000000000010100001001111000001
11111111111111011011100000011100
00000000000001000111000111001111
11111111111100001000100010001000
00000000000010001011001000000110
11111111111111101011001011001110
11111111111111111010010010011111
11111111111101100001101101000001
11111111111111000100110110010110
00000000000000001001111100101011
11111111111100010101010010001001
11111111111100010001101000110111
11111111111111001011011111010110
11111111111101110100101011101001
00000000000001101100010000110001
00000000000001000110011001000010
11111111111100110011011010010000
11111111111111000000101101110100
11111111111111010110101000101011
00000000000000100000100111101101
11111111111110001001100110100110
00000000000010001001011011111011
11111111111100100000111010110001
11111111111111001011010001110011
11111111111100001011110000110110
11111111111100110001010100110110
11111111111111111101000011100111
00000000000000110111010011111000
00000000000001100111101110111010
11111111111100110101111100110011
11111111111100100101011100110111
11111111111100100000100111110010
00000000000011001001101010011000
00000000000001100101010110001111
11111111111111010001000110101000
00000000000001011110101111001111
11111111111110110110001111000110
11111111111111000111111010101001
11111111111101100100011000111101
11111111111111111111011011001101
11111111111111010001111001011100
11111111111101001100001001100001
00000000000000111001100011000010
00000000000000011011111101100111
00000000000000101011111110101011
00000000000010011000111110000011
00000000000000010110000110010000
00000000000010000110010011000111
00000000000001111110000001011011
11111111111101011101101101010001
00000000000000001000100100000101
11111111111111110100110001111110
11111111111110010011110011110000
00000000000001111110111000111101
11111111111101110100110100001110
11111111111111110100010011011111
11111111111111011011010101111001
11111111111111101010110011111011
11111111111111101011100001010110
11111111111100000111110010100011
00000000000000001110001000101111
00000000000000001111111010111101
00000000000010011111001000110010
11111111111101101101101011000100
11111111111111110001100111011100
11111111111101101101011100011101
11111111111101010110011000001011
11111111111110101101000101110100
11111111111110100001100011001011
11111111111101110011101110011111
11111111111111111010100100000000
11111111111111011110100101101000
11111111111111001000011001110010
00000000000001000000101100001001
11111111111110001000001110000010
00000000000010010011100011010101
00000000000000000111000101000111
11111111111111000111110010111111
11111111111111001100011111100101
00000000000010001111111100111101
11111111111110111011010001110010
11111111111100110001100111111000
11111111111111111010110110101110
11111111111110010001110001110101
00000000000000100010010000101110
11111111111110111001001001000000
11111111111100101000100001000000
11111111111110000100111110110011
11111111111101001001100001110000
11111111111111100000001111101111
00000000000001101010101110001100
11111111111110010001110110111010
11111111111110001011100011101011
11111111111100111011000100000100
11111111111111011001101111101001
11111111111101100110001111010001
11111111111110101100111111011000
11111111111100011001011011000101
11111111111101010010010011010001
11111111111101001011111100001110
00000000000010000110101010010111
11111111111100101011011010110100
