11111111111111011100011000100010
11111111110100110100010011011110
11111111111010100001001101010010
11111111111000001100000011100111
11111111111001001111010001010110
11111111111010100001101110000110
00000000000000000100101001110100
00000000000010001011011111101100
11111111111110100110001101100101
00000000000001101111001011100100
11111111111111100100011011110100
11111111111100000001100011100110
00000000000111000100111111111100
11111111111111011010000011010101
11111111111100000000001001001100
00000000000010100100110010000101
00000000000010110011000001000110
11111111111111111011110111110111
11111111111110100111100110011101
11111111111111101111111010001101
11111111111011111111111100100010
00000000000110011110101101001001
00000000000001001110111100010010
11111111111101000011000011111110
00000000000000110001000001100010
00000000000001001001111000011100
11111111111110100011100001010101
11111111111000111101001100100000
11111111111000010001100101110011
11111111111001001011100111100000
11111111111111101001100011011101
11111111111111011011010000001011
00000000001000101010110011111011
11111111111111000101111010110100
00000000000100011000010100100010
11111111111010100101111101111100
11111111111011101001100010111100
00000000000101000100101111001010
00000000000001111101010111011100
11111111111110010101011010000101
00000000000110111111100001011111
00000000000011010001010100000110
00000000000001100010100010110101
00000000000000100011101001110100
11111111111010011111010000111010
00000000000101010001111001110001
11111111111010000100110011110101
00000000000010101111110111010011
00000000000101010001101000011011
00000000000000101110000101110000
00000000000011111010001010100100
00000000000100110101011110101010
00000000000100001110011011010000
00000000000101011100111100000010
00000000000010000001100111001101
00000000001011011011001011001010
00000000000010011000001101110000
00000000000100110100010101010001
00000000000001001111001101001011
11111111111110110001010111100111
00000000000001011001001001010110
00000000000010001001011010000011
11111111111111100011110111011011
11111111111100011100010000100011
11111111111101110110101101110000
00000000000000100000001101010001
00000000000001101110000011001101
11111111111100011100011000100010
11111111111101110101111101011001
11111111111110000011010111101111
00000000000000000110110011101110
11111111111111110111001110101111
00000000000001001101010010100001
00000000000000010100110111101001
11111111111000111001111110101100
00000000000000000000010001010100
11111111111111000111110000100010
00000000000000001010110110101101
00000000000001001001001010000100
00000000000000011101100101011101
00000000000100100010101100110101
00000000000010001011110010010111
00000000000000101001000100110111
11111111111101100001011101111101
00000000000000010111010000110001
00000000000000100011100101100000
11111111111101111100110110101110
00000000000000010010010011110000
11111111111100110101000011101011
11111111111010101111101000101000
11111111111110010110001101001000
00000000000000110110110101110010
11111111111010110011101111101000
11111111111010011110000111000111
11111111111111010011101000111101
00000000000001110000011101000101
00000000000101011111101110001111
00000000000101010010101100001110
11111111111110010110100101101000
00000000000000011000010010010001
11111111111011111000011111100101
11111111111110110111101101000010
11111111111100011110111110001011
00000000000000101101110100010110
11111111111000111010011101100001
11111111110111111010101101011100
00000000000100010011011011001011
11111111111101000010000010111001
11111111111111011100110001011011
11111111111100110010111010011010
11111111110111010100110000010010
11111111111101101001010101001100
00000000000000110011101100011001
00000000000001010011001101000101
00000000000101011011000101100101
00000000000001101101010111110101
00000000000101001001001000110101
00000000000110010001101100101110
11111111111101100000001110110100
11111111111011011101111111100011
11111111111101010001111110110101
00000000000101101111111001101001
00000000001001001110101111111100
00000000000010001101010001001010
11111111111011110010000010100101
11111111111010010001101100001101
00000000001000010010000010110001
00000000001000101000111100110000
00000000000110111100111111001011
00000000000111000100101010100001
00000000000011110010111111011111
00000000000100001110100011011101
11111111111111010010101111011110
11111111111010000010101101100010
00000000000001111110100001000100
00000000001001110001000010100110
00000000000100110010001010100101
00000000000010100100101000101100
11111111111011011001001101100100
00000000000101010100100100010011
00000000000010101011110001000011
00000000000100000100001110111001
11111111111100111000101110100111
11111111111110000100111101010110
00000000000101010101011101110101
11111111110110011111100110010100
11111111111010000000111011101110
11111111111001110101001101110010
11111111111001000110000011101011
11111111111011110101001110111111
11111111111100111000011001011001
11111111111011110101001000001010
11111111111101000100101011010101
11111111111111001000000000000000
00000000000011111001001100000100
11111111111011000110011011010000
00000000000001110101101101111000
11111111111110100100001101100111
11111111111000011111011011100001
00000000000001101000111101100011
11111111111001000100110101111100
11111111111110011010101010010000
11111111111110000001010111001000
11111111110100000101011011110101
00000000000000001010011000010100
00000000000000010110011011100011
11111111111100000010101100100100
11111111110101100001001110001101
00000000000000111010111011001110
00000000001011001111001000000111
00000000001001011110100101010001
00000000001010001001110101001101
11111111111111000011100101110011
00000000000010000110111001001011
11111111111110110001000110001001
00000000000001000000001100010111
00000000000000010000011111100010
11111111111101101011011001101100
00000000000111100010010101111010
00000000001001100010010010111001
11111111111010011101011010100110
00000000000001100001000110111000
00000000000000111100001001000010
00000000001000011110001101001001
00000000001000000110001101010110
00000000000010001001111011011110
00000000000010111100010110000001
11111111111010110010001101101010
00000000000000010010000010101111
00000000000011100100011100011110
00000000000110011001110111001101
00000000000111110111011100110110
11111111111000111001010110001111
00000000001000100011101011010110
00000000001010001111000111101111
11111111111011011101010001111110
00000000000010010101010000001010
00000000000011011100100010100001
00000000000011001101011111110111
11111111111111101110101000100101
00000000001000011001101010110110
00000000000101110001110100110010
11111111111000011110010011000000
11111111101000100111010110100001
11111111110111101001001011101011
11111111111111101110010001100000
00000000000101001001010101001111
11111111101110100010010101010111
11111111111001011100110011010011
11111111111110011001010000010010
00000000000001011001001100101110
00000000000101101001010101001110
11111111111110101001000000001001
00000000000010010110101000100101
11111111111101101000000011001011
11111111111010010011101001010101
00000000000110001000110000011011
11111111111100100110110111010011
11111111111111010001100101110111
11111111111010000100111000000010
11111111111001100110100000000101
11111111111111001001101110100100
11111111111100011000011001100000
11111111111110011110110001000110
00000000001101000010100110010111
11111111111111111011010111111101
00000000000001000011000011010000
11111111111100111000110001010010
11111111111111010000111101101111
11111111111011100010101010110111
00000000000010101101010011101100
00000000000010011001101111001000
11111111111111110111101000100011
11111111111001011111111011001000
11111111111011110101000111001111
00000000000110001001101100001100
11111111111101100110100110111111
00000000000010100110110110101110
00000000000100001010001001111001
11111111111000101000100001000101
00000000000100000011110010000000
00000000000110000000100101101100
11111111111110000011011000111110
11111111111010110110001100111010
00000000001010001010001011000000
11111111111100100101001111111100
11111111111110011110000100000110
00000000000011110110111110100000
00000000000100010101001010001110
00000000001011101000011101011101
00000000000100101101111000110110
00000000000100001100001111100111
00000000000100101001100010011100
11111111111011111111100101111000
11111111111011100010111011010010
00000000000011100110000010010101
00000000000000111111100101110000
00000000000001010111011010111000
11111111110011100110110111111011
11111111110110000010000001010101
11111111111100000001011100100100
11111111111011110011111000000010
11111111111001100010111111110011
11111111111001000000100011101001
00000000000011101110000010001110
00000000000010100101001000011110
00000000000100101101001000000010
11111111111100000011100111100000
11111111111011001010100010011000
11111111111110100101010000100110
00000000000000011100101000010111
00000000000010100001010110101011
00000000001001010101100111111100
00000000001000000010100001100111
00000000001100001000011011111101
11111111110101011101011111000100
00000000001000101100100000010110
00000000010100000011001011111100
00000000001001011100110011100100
00000000000000111000110101011000
11111111111111001001101100100111
11111111111100100010100011101100
00000000000000011010101100001101
00000000000000010001101000000000
11111111111011001111011111100010
00000000000011000001011001101111
00000000000010011110011010110101
11111111110111111000100101010101
11111111111010111110001011110010
11111111111011101001001000111010
00000000000001101001010001010101
00000000000110001110011101110100
11111111111010011000011001110101
11111111111000000111101111011110
11111111110110100100100000011110
00000000000110001011001111011101
00000000000001001010101000111100
00000000000000101000010011100111
00000000000011101001110111011111
11111111111110111011000001010101
11111111111111000101100100000010
00000000000101110100100001000111
00000000000101111000000100101100
00000000000100001011001000100000
11111111111010100111100001101001
00000000000011111101011110010011
00000000000011011001011000011011
00000000001011111000011001010110
00000000001001100110111111100110
11111111111100100111110011010001
00000000000100000011000001011000
00000000000010100111111010101100
00000000000101011101100011100101
11111111111110111000111000110100
11111111111111111000110101100010
11111111110110010000010001110111
11111111110000011101001111100001
00000000001100100101100101010110
11111111111111101010111001011000
00000000000001100100000000111101
00000000001001010000000001110110
11111111111110111011000010010110
11111111111100000000101111101011
11111111111111100101111100100001
00000000000000010100110111111001
11111111111001111010001110000101
11111111111111100011001011111011
00000000000001011000101111000010
00000000000000110010111111000100
00000000000011111100000011100101
11111111111011110110111111100001
11111111111011010010011011010111
11111111111010110101101001100110
11111111110111011111001110001111
11111111111100010011011100101001
00000000000011011011000101001111
11111111111110001111001000101111
11111111111011111010100001101100
11111111110110100100010000111001
11111111111011010111100010011110
11111111111100111010110000110111
11111111111110111001101100100011
11111111111110011010111100010001
11111111110011011011000111000100
11111111111101010001000000000011
00000000000100110000110111010000
00000000001000111100010110000000
00000000001010111011100001100101
00000000000101100110111001001101
00000000000111111110101110011110
00000000000111111100011100101101
00000000000001111010101010110001
00000000000101100001101110101100
11111111111111000001100011010010
11111111111001100001001011010111
00000000000101101101100011010011
11111111111110001111110101100100
00000000000000101110001011111011
11111111111000010100111011010101
11111111111011100101011111111111
11111111110111001111100010010111
11111111111000000111110001101100
11111111111010101110100111000100
11111111110111110101100000101000
11111111111001010000011001101010
00000000000001011111110000101000
00000000000010000010101111011001
00000000000001101100101001100010
11111111111100111011100011101111
11111111110111001101010000011000
00000000000101010010111110011011
00000000000011111001011101010001
00000000000011110100101110011011
00000000000011100100000011110100
11111111111010000110111101010000
00000000000000110101010000011111
00000000000110001111010011000010
00000000000011000001000110001111
11111111111111001011011101000100
00000000000001101101101110101000
11111111111110111000001001000001
00000000000010001111011001011100
00000000000010010011000101010000
11111111111101010100000111110011
11111111111101111010111011011100
00000000000110011000001110011011
11111111111111110110010110010001
11111111111001110110000101100110
11111111111011000000101101110100
11111111111111000110011111000000
11111111111101000100101011000100
11111111111001000100110100100010
00000000000000110001111010100111
11111111111111010000011111101011
11111111111011011001001111010110
00000000001010001111000001111111
11111111111110111001001010011010
11111111111101110001101000010010
00000000000001110001001010000101
00000000001000000000010001111100
