00000000000001000100101011101100
00000000001001000010111001110110
11111111101101010100101000011000
11111111111010100110101010111001
11111111110111000011000001110001
00000000001001111111110000010001
00000000000111011110001110110000
11111111111011000110000011000111
11111111111101001010010000010000
11111111110100010010100010001011
00000000000111011101000010110001
00000000000000100010100110110001
11111111111110011011001101101010
11111111111111100111110100011011
11111111111010101011000011011001
11111111111010001110010100111011
11111111111111010010000001100101
00000000000001110100110000011111
11111111111110011011000011000010
00000000000101100111001110011010
00000000000011110101001110000010
00000000000000000001110100100011
00000000000000111101101000001111
00000000000000110110110100110111
00000000000011111111010010110110
00000000000100101010101011011000
00000000000111010101010111110001
00000000001001101110010101100101
00000000001100100101011110010111
00000000001001010101101111101000
11111111110100110000111110111111
11111111110110010100110100010001
11111111111111100001110110100000
11111111111110100100100111001010
00000000001000100101000000011111
11111111110110011110001100000101
00000000000000100101110010011010
11111111111100010001100110011111
11111111111110011110111100011000
00000000000001111110010100000000
00000000000000110111100100000101
11111111111001111010101001110001
11111111111011110111001100000010
00000000000001101100100101000000
00000000000110001001111011001011
00000000000110110010001011111100
00000000000010101100111110011101
00000000000000100101010110101110
11111111111111011111110011111101
11111111111111111001101011111011
11111111111001101110101000001010
11111111110110111100101010011001
00000000000010101011111010110100
00000000000101001110111110110000
00000000000101111111010110010000
11111111111011001101100111001010
11111111111011000011010101010110
11111111111101111001110110011010
00000000000001110111110011001100
00000000000001110010101110100000
00000000000100110010111100100000
11111111111011011101110010001101
11111111111111100101011110101010
11111111111101110111111001101010
00000000000001010010110011101000
00000000001000000100010111000110
00000000000010101111110000010010
11111111111100010110100100101001
11111111111111000111110111111111
00000000000110100110100101111011
11111111111111101101110100110110
00000000000011100101011010100011
00000000000001110110010110100110
11111111111101011010110001011101
00000000000101001100110101100110
11111111111111110100111100100000
11111111111101001100111010001011
11111111111110010000000010000111
00000000000010001100101100101101
00000000000001100101001111100100
00000000000011101000010101101000
11111111111100010101010110001111
00000000000001001100000001000000
11111111111111110011110010010000
11111111111110010101101111110000
00000000000011111101011010110010
00000000000100001001100000000101
00000000000000100110001111001001
11111111111110110111101000011010
11111111111101100111010000111001
00000000000011001100110001111010
00000000000001001000111010101100
00000000000101101100111111100000
11111111111101100100100100111101
00000000000011001110001001000110
11111111111100101100100011110111
11111111111010111111110110011111
11111111111101110100111000000011
11111111110111001100111111110111
11111111111110111110011101001111
11111111111111110011111000101011
00000000000001100000010001011010
11111111111111000000010010011100
00000000000001101110000011100000
00000000000011101000100001110001
11111111111110111100111100111100
00000000000000111001001111010110
00000000000100111101110111110001
11111111111111101010011110000011
11111111111001110110110010100000
00000000000110100100111000110101
00000000000011111010000110110110
00000000000000111101111011011000
00000000001001000110111110110111
00000000000010010001000110101010
11111111111101000000101001111101
00000000000011000001111000100110
00000000000011101100000111110100
00000000000000101100110001110000
00000000000011010000111010100010
00000000000010100001101001001011
00000000000010011001001000101011
11111111110011010101111100001100
11111111111010111010010101001010
11111111110000011011001110101010
00000000001000111010010001001111
00000000001001110010001000100100
00000000000011110010100111011111
11111111111101100111111111000100
11111111100111111010111010110010
00000000001111010010100000100001
00000000000100101110110000001000
00000000000101101000000001111010
00000000000111000110010111011010
11111111110010000000011100100010
00000000000001001000101010101011
00000000000101000000011111001001
00000000000000111111100101110010
00000000000100000101011011101110
11111111111100100001110100101101
00000000001000010110100010001010
00000000000100111100110101101101
00000000000011011010000001111111
00000000000001000011000111101011
11111111111111110001010001010110
00000000000111001001111101001100
00000000000010000110001000101001
00000000000101000101001111111011
00000000000010100101011010001111
00000000000000010011001111011000
11111111111000110011100110000110
11111111110100100010100010111111
11111111111010001001011100101110
11111111110111011001010110110010
11111111110111000011100001100000
00000000001000001011100000110110
00000000000000101111011100111001
11111111111101101010101011101111
00000000000010000110001111100100
00000000000000111101001001010110
00000000000111000000111101010011
00000000000010111011000101100110
00000000001000001110000011001010
00000000000011101010101111010110
00000000010001101100110101100101
11111111111110100001100011001111
00000000000100010000001010110101
00000000000010100111110111100111
00000000000100000010000011010011
00000000001001110000100101000011
11111111110001111111000100100011
11111111110110110000010101011111
11111111111100110101010111000010
11111111101100101010100110000011
00000000000100001101011011110111
11111111111100011100100011100011
00000000000101000100011101011000
00000000000001001001101110111111
11111111111111111100101111100011
00000000001010111011000111101000
00000000000110111111100110001011
00000000000001101001010101100010
00000000000001010100100011011001
00000000000010001000110001011011
11111111110001100001000001110010
00000000000011011010000000000100
00000000000011001100110110011100
00000000000100001011100111101111
00000000011000000010010010111101
11111111110101100001100101100110
11111111111011010011110010000010
00000000000110111111000010110111
00000000001101100101010010101100
11111111111111111100100110010100
00000000001001101001100001001000
11111111111101000111110001000011
00000000000001010100100100110010
00000000000100101110011010010111
11111111111011000101010100101100
00000000001001001001001101001010
11111111110011011011100110000010
11111111111111111101101010001111
00000000001010010011101110011000
00000000000001011000000001010000
00000000001110101110111110100011
11111111110100100000000111001111
11111111111111110111110110010101
00000000001000100111111001110010
00000000000010100101111111110001
11111111111111010110111101001110
11111111111001001001001111001001
11111111111001010110101111100011
11111111111110100100111000100001
00000000000100010001110000101101
11111111110111111110010100001110
11111111111101100000101111000000
11111111111001000110100110110010
00000000000011101010111101011001
00000000010111111101101001000001
11111111110100100100010110011111
11111111111011110010110011001001
00000000000010111110101010010001
00000000001011000010110111100111
00000000001101010111110101101010
11111111111100100001010110111110
00000000000110000100111000010001
11111111111101101001011001010000
11111111111011001001011101011110
11111111111101010110010111110111
11111111111010110000111001000000
00000000000111010010110101111101
00000000000100000100011001000001
00000000000101100001110001001111
11111111111111010001111101100010
11111111111111001100001110110001
00000000000011111001110111001111
00000000000011101111101001111100
00000000000001110111111000011010
00000000000110100011011011011111
11111111111011101000111101111101
11111111111110011000011101110111
00000000000000011101010010111110
00000000000100000001101011110001
11111111111001101100011110101111
11111111111010100111110010100011
11111111111100000000011111110101
11111111111111111111111010001101
11111111111111111001101100001101
11111111110000010001100010000010
11111111111000100111100011110011
11111111110001011001011110001110
11111111111001010110001010000101
11111111111101010100110101001111
00000000000010001111110101100010
11111111111111100000111010000001
11111111111100110010101001111000
11111111111111000010000010110001
11111111111001101010101111101100
11111111110111011101000100110110
00000000000000100010010000000100
00000000000110000101111000101010
00000000000111111110110110111100
00000000000001010101110111001110
00000000000001110100110000000111
11111111111110001100001111011110
11111111111110101101100010011010
00000000000110101011010100100000
11111111111000101111101110101110
00000000000010010000111000110001
00000000001001011001110011001100
11111111111110001100110001101001
11111111111011110110011001101101
11111111111001111011101100111101
11111111111111100110111010111011
00000000000010101111111001000111
11111111111010110110111100011010
00000000000000110011011111100001
11111111111110111110011111111100
11111111111110001111111100011000
11111111110111010110001110100011
00000000000000010001000100100110
00000000000111010100101110010000
11111111111011101011000000001101
00000000000000001101110101111111
11111111111111111101101100111110
00000000001000100101111110101011
11111111111010111101001100010110
11111111111001110100111110101100
00000000000000110000101110010001
11111111111000011101110000000000
00000000001101010100000110110010
00000000000010011111011101001101
11111111111011101011110011110101
11111111111011001110000001001101
11111111111110111000110101011111
00000000001101100001100100001110
00000000000100100101001111100111
11111111111111000011011101000011
11111111111001101110100101101110
00000000000011111100001000110100
00000000001010100010010001100001
00000000001011111010011101101110
00000000000101000110000110101011
00000000001001001110000010100010
00000000000001100000110100010010
00000000000001100000010100010100
00000000001100010011111110011011
00000000000101111000001010110111
00000000000101000100101101100101
11111111111110000111001110111000
11111111110111100001101111110111
00000000000011110011011100110011
00000000000100000001110011110001
00000000000110011101101111111001
00000000000001100100010000001000
00000000000001101100111101101001
00000000000111011011011100010110
11111111111011100100100010111100
00000000000011101100100101010001
00000000000100011000001010101000
11111111110010111101110011001000
00000000000001101001000001000100
11111111110010101100010000001011
00000000000110100111001011011100
00000000001100011110000111110001
11111111111000101100101111000000
11111111110100111100101001110010
11111111111010011100011100101111
11111111111110100111000101011001
11111111111000100101001001110110
00000000000011010100101010000100
11111111111110111110011110101011
11111111111010110100000000011111
11111111110110001011001010001010
11111111111111001000101011000010
00000000001010101101000100000101
00000000000000101110110011011111
11111111111001110111011110101101
11111111111101011000110010011010
00000000000011001001011101000000
00000000001010000110011101111111
00000000000010110010011011001001
11111111111100011001000000111001
11111111111111100111001011011100
00000000001010101001100010000100
00000000000000111111000111101110
11111111111111110011000110110010
00000000000010011101010001101101
11111111111001011110011111001001
11111111101101000011100011101111
11111111111101000100111011011111
11111111110001101011000001101111
11111111111100101110001110011111
00000000000101010111000101100101
00000000000001001010011110011111
11111111110110101011000010110001
11111111111101011100100101001101
11111111111101010110100110110010
11111111111001000011111000101101
00000000000011000001100001110110
11111111111111000100100011100111
00000000000001000000011011001010
11111111110110001111000101010111
11111111111110010001001000000011
00000000000100010100010011111000
00000000000100011001101000010000
11111111111110000001101000110000
11111111111000111111000110010111
11111111111110111100101101101100
00000000000000001001010010000010
00000000000111100000011011010101
00000000000101000111111001000110
11111111111010110000011101000100
11111111111101101100011011010001
00000000000010010011001101111100
00000000001000100010001111101011
11111111111011000000100001000100
11111111111110010011101001001010
11111111111110100101011011100011
11111111111010000100100001100001
00000000000001011010101101111110
11111111111011011001001110111110
11111111111011101001110010111110
11111111111011100101101000100100
11111111111010011110010011100100
00000000000101110011001111101110
00000000000110011111001010100110
00000000000010010101010010101110
11111111111101000001101010010011
00000000000000010011001001010001
00000000000010001100100111101011
00000000000110000001011010011111
00000000000111111011001111000110
00000000000010001111111011111001
00000000001010111101101101101001
11111111111101101000101111011001
11111111111010011000101010110001
11111111111000100010110010011110
00000000000010000000100101111001
00000000010001010001111111101101
