00000000001100100001010010111110
11111111111011111101010111000100
00000000000010001101111011001001
11111111110010110110010100101001
00000000000110001001111111101010
00000000001100010110000000011010
11111111111011011000010101000001
00000000000100111001110011001010
00000000000010100100000011101101
00000000001011100111111001001000
11111111111011101001000000110011
11111111111110001000110010111111
11111111111101001001001101001010
00000000000000000101010101111101
00000000000100111100011101010000
11111111101100001011011110101110
11111111110110011010011101100010
11111111111111110011100011110000
11111111111111000011011111101111
00000000000010101001010010010101
11111111101110100011011111010111
11111111101000101101101010110101
11111111111100011111011011100101
00000000000100011100110000000000
00000000000010011101101100111101
11111111110111100001000110001110
00000000000110001111110000000011
00000000000110001000100010011101
00000000000001011110001110000000
11111111110101101110111100001101
11111111111100001101011000110100
00000000000101111101011001100010
00000000000101001100100101111010
00000000000001111000001010101110
11111111111100110111111010110000
11111111111111111110100110001001
00000000001000011001100100011110
00000000001011001101110000111000
00000000000001111100010011100011
11111111111101101001100111001111
11111111110111000010101010101011
00000000001110010010100110010100
00000000000111000011110001101011
11111111111101001000100011000000
00000000000001101111111110011011
11111111110001011000011111001101
00000000001000100101100000000001
00000000000010011111111010110010
00000000000011000111001110010000
00000000000111011000011100111111
11111111111001110001110111010001
11111111110110001110111100101010
00000000000000010001111101001011
11111111111101101101011011010011
11111111111111101010111111101011
00000000000100101000111101111000
00000000000010100000100011001100
11111111111101011111000110010001
11111111111001110010111100000011
11111111111101111001101111100100
11111111111111010101000000100001
11111111111110111000000010010100
00000000000000001000101011011010
11111111111101001000101010000100
11111111111011101100110111101010
11111111111111100100100010111110
00000000000011010100111000011011
00000000000011000011101101000100
11111111111100110100111001100110
11111111111011111100010010100110
11111111111111100111111101010110
00000000000101011011010110100001
00000000000010011110001011001001
11111111111001101011010000110110
11111111111000101001000011010110
11111111111101010111110100011100
11111111111010101011101010101001
11111111111010001100100110111000
00000000000100010001100101001011
00000000001001110101000100110011
00000000000001100010111111101010
00000000000001001000101111000110
11111111111010111101001001111010
00000000000001100100011110011111
00000000000000010001000110111110
00000000000000011110010000100100
11111111111010011001111101100000
11111111111000111100000111010010
00000000000001101110111100011011
00000000000011011110100111100110
11111111111110111111110100000001
11111111111100100001011100110111
11111111111010010100110101010100
11111111111100111011111100101110
00000000000001101110011110110001
00000000000000000000110111100000
00000000000011101100010000001100
00000000000001011100111000000110
11111111111111011110010010010101
11111111111110010110110010100001
00000000000100111010110100010100
00000000000011100011010110100010
00000000000000001101011000010010
11111111111110001111000011101011
11111111111111111010000010101101
00000000000011011001000011101111
00000000000000010011111100000010
11111111111001110100010110000001
00000000000010000110000011110111
00000000000101101010011100100111
00000000001000111101100101111110
00000000000111000011000010101001
00000000000001110111000101101000
11111111111101100010001001100110
11111111111011101010001011010101
00000000001101111011001111101100
00000000000000100010110001110010
11111111111110000000100100011010
00000000000101111101111001010101
00000000000100101100111110010111
11111111110001110011011011010001
11111111110011100011001000110100
00000000000000001011010011100011
00000000000110010001101111000010
00000000001011011110000011101110
11111111111011010100100100110010
11111111101010101010111000010000
11111111101101110001101010110110
00000000000011001001000100000101
00000000001101001001110111010110
11111111111110011101111100010011
11111111111101011100010100100100
11111111111101001010110010111000
00000000000011100101010111100101
00000000000011101011101010101011
11111111110100010000101001011010
11111111110101100001100110011111
11111111101110001111110100011011
11111111111001001101010000100011
00000000000000100111000000011110
11111111101110010101000010011011
11111111110011111011001111100101
11111111111011101011001010010110
11111111111110101011111010101000
00000000000100000101000110011100
11111111110101010111101011011000
11111111101100011010010011100111
11111111110111100100111010000001
11111111111101101111000001001101
00000000000001010101001101101011
11111111111011101111001001001100
11111111111010111111010111100010
11111111111100000011111110001010
11111111111110010110011000111010
11111111111111000011010101010101
00000000000001011011111000001110
00000000000000101010001101011110
00000000000010010111111110011110
00000000000110011100001111011011
11111111111111000101110110100001
11111111110111101110001001111100
11111111111010000101111010111101
11111111111111110100111000100011
00000000000100000110101011001111
00000000000000110000100000000101
11111111110100110111110010001010
11111111110100000101100110011111
11111111111011101000110011100101
00000000000010100010111100100100
11111111110010011000110011010011
11111111110100110101111000111111
11111111111110101101011011001100
00000000000110011011001101101000
11111111111110000001111100101010
11111111111010010011001100110011
00000000000001000111000001110110
00000000000110101111110110010000
00000000000100001011110100110001
11111111101111011111001100010101
11111111111110101111111000010111
11111111111010000100000001010001
11111111111111110101100100110111
11111111111111010001101110000100
00000000000010100010111100001001
00000000001000100010010100011010
00000000000111111010111011110100
00000000000100000010011110011000
11111111110000001110010010011100
11111111110100000000010010110111
11111111110110000011100001000101
11111111111001100101010110010100
11111111101001101000101010110100
11111111111100100100010000001010
11111111111111111110111110111111
11111111111111011001110100000000
11111111110111100100001111110011
11111111101100010101101001001100
11111111111110101101100111111100
11111111110111011011111100010000
11111111110101011110110100000101
00000000000110010111010010000011
00000000000101010000110100001110
00000000000010010100101010001011
00000000010001101000110011111101
00000000000101011010100110110111
00000000000011010010101010110001
11111111111100001111101000101000
11111111111001110100000011110100
00000000000011010001000000101110
00000000000000001101010111010100
00000000000101000100110101001101
00000000001011111000100100111100
00000000000000110100111001011101
11111111111101010111110111111100
00000000000100000001100001111010
00000000001011110011100111011101
00000000001110000111011010100011
11111111111000111100111111100101
11111111111011101110100110011111
11111111111000100111110011001001
00000000001110001000001100010000
00000000000011101101111110011000
11111111111010110001010100111011
00000000001000000001010001100100
11111111111101010110001010001110
00000000000100111100001110010101
11111111111110000010000010101011
11111111111001011101111101011101
00000000000111010001100010000010
11111111111110011110101010110010
00000000000011101010001001011110
00000000000000100110101001101100
00000000000010100001011111101010
00000000001010100100000001000001
00000000001101100111011000110000
11111111111011011011010110011101
11111111111100001011011000101010
11111111111001001010110010100001
00000000000111010000111110010111
00000000010000010011001100101111
11111111111001011010001110100111
11111111110011111000000100011010
11111111111010010101011100001000
00000000001010011011000011110010
00000000000010011011000111111100
00000000000010001101010001101111
11111111110101101011001101011100
11111111111101010111110100001011
00000000001110001111110010110111
11111111111001010000001110111101
11111111111101001101000010100000
00000000000000111100011011101110
00000000000100110000111110001010
11111111111110001011101001101110
00000000000000011111100010110000
00000000000011110010011000011011
00000000000101011100010101100010
00000000000111100101111001001100
00000000001110110111101101110010
00000000001001000101111011100101
00000000000011011100100100100011
00000000000000010110110110100101
00000000000100110101001010101110
00000000000000111100011110000101
11111111110100101000000101010011
11111111111111000110111001001010
00000000000100101101010010100101
00000000000101100000111010011011
11111111111011101111010000111101
11111111110010111000001110110101
00000000000110100101000010000111
11111111111110011111011011001000
11111111111001010001001100101110
00000000000001110101111011101100
11111111110010111000010100011010
00000000000001000100000011011001
11111111101110001011111001100101
11111111111110100000101100010010
11111111111101111010110000101001
00000000000000001110101101011001
11111111110110001100100100110101
11111111110111100110100110110011
00000000000001000010010001101110
11111111111111110011110011110111
11111111111101101111010011010010
11111111110001110010011000100110
11111111110101111001011111001101
11111111111110011001001111110010
00000000000000110100100101110010
00000000000001001111010000110010
11111111101011011111101011011000
11111111111101111101001010111010
11111111111100001111001010110110
00000000001000101011110001101100
00000000000011100110111100111110
11111111101110100101111000101101
11111111110111101010011110110111
00000000000000101110001010010101
11111111111011000001110011101010
00000000000001011110010110010000
11111111111110010001000010100010
11111111110101101011101001010110
00000000000111010011111111100000
11111111111101111011101011100111
00000000001100010111111001000100
00000000000111000000010010110100
11111111111100010011101011010111
00000000001100100010000101011100
00000000000011001001011101110010
00000000000010110010011100011001
11111111110110011101110001101101
11111111111111100101111011011111
00000000001000000010101111000101
00000000000110101100111110110110
11111111111100011001111000001110
11111111111000110001011110111101
11111111111111100010010100110100
00000000000100011010000011110110
00000000000001101010101000001000
00000000000001000001000001011010
00000000000001010101100100111101
00000000001010000101110101010100
00000000000010111011001110101111
11111111110100100011111000001011
11111111111010000111010010000000
00000000000010001101000011110001
00000000000111100001000111111101
00000000000000011110011000100001
00000000000100001010000111111110
11111111111110110011011100100110
11111111111100111001110001010100
11111111111000101100100110000110
00000000000000110110000001100111
00000000000010110110111000100110
00000000000000010001110000110011
11111111111011100000000111001110
00000000000010011010101101000101
00000000000010000010110101000101
00000000000010001111011100111010
00000000000010110011001010111011
11111111111001111100000000110101
11111111111101110111110111111010
11111111111011000111101100101001
00000000000111000111011111100011
11111111111011011111110101011000
11111111110100111110100000011101
11111111111000010110100101101100
11111111111100000000010001000100
00000000000011000000111100110101
00000000000011100110010011100001
11111111110010110101011101011111
11111111111010110001110101010000
00000000000110000001010111101110
11111111111111011000001001101101
11111111110110101010110110101000
00000000000110101000111110000010
00000000000100001111001100110110
00000000000011110110111111011100
11111111111111100000101111011100
11111111110110111001110000111101
00000000000010011001111101101111
00000000000111000101001011111010
00000000000101101001101110000111
11111111111110110011000100001111
11111111111110100001001000010110
00000000001000101000011010010001
00000000001000110111010110111111
00000000000110000000001010101000
11111111111010000011011001100110
00000000000011001010111001010111
11111111111001100101111111010101
00000000000111110110111001101111
11111111111111101101010100000000
11111111111011101001100111110110
11111111111110110011110100110011
11111111111110101010111110100001
00000000000010000100011001110000
11111111111101101110010011110011
00000000000011001000100101101110
00000000001010000011110111111100
11111111111000010001000010011001
11111111111011101000010111010001
00000000000010110100010111000110
00000000001000000111101001011110
00000000000100001110111011000000
11111111111100010001000000011000
00000000000101000101001011000011
00000000000101110101011000101011
00000000000010101000100110111111
11111111111100110000010000010011
11111111110000001011000001110111
11111111110010011110101111101110
11111111111111010110000001001100
00000000000100101011111010111010
11111111111110100101101011010100
11111111110000010111000000100000
11111111111001010000000101111100
11111111111000011111101001111101
11111111110100000110010000010000
11111111110010011100111111001111
