00000000001001000011100111000100
11111111111000000101011110000010
00000000001000000110000101010110
00000000001100010000011011111110
00000000001111111100111010000110
00000000000101001010110101110001
11111111111111110001001110100010
11111111111110101001010000111111
00000000000011110111010010101110
00000000001010000111011100110101
11111111111011101001101111101001
11111111111011101110001100010111
11111111111110110000000100011000
00000000000101101101000100001001
00000000000100110010100110111001
11111111111101101011101100000110
11111111111110010110110110111110
11111111111010000010010111011101
11111111111110000111110010100011
00000000000100110010101011100111
11111111110101011010010101110011
11111111110010100011100000110011
11111111110110001000100011110110
11111111111001111100011111011110
11111111111100001000000010011110
11111111111100011111000011110101
00000000001100010101011100101110
00000000000000000001111000010101
00000000000000100010000011001110
11111111111101110010000010101111
00000000000000110011110010000010
00000000000011000110001111010110
00000000000100000111101010000011
00000000000101111011101010110100
00000000000000010011010010101000
11111111111110011101000011100001
00000000000001111011000110101000
00000000010000001110111010011011
00000000000010111111100111100100
00000000000000000110001110111111
11111111111011100001101101000110
00000000001000000001000111111110
00000000001001000010110100010001
11111111111011010010000011100011
00000000000010010000011010111011
11111111110111001101101000010011
11111111111000001110101110100010
11111111111110000000000010111101
11111111111001010000110101001010
11111111111100101111011010000010
00000000000001111000000001000110
00000000000010101000110010101100
00000000000100000110010001011110
00000000000010110100101001011010
00000000000010101110110000111010
00000000000101001001000110001011
00000000000011010100100010101110
11111111111110011011101111101111
11111111110111111100101100101001
11111111111100101110000111010011
00000000000000011101011011001110
11111111111110011100000010011011
00000000000000100101110010101011
11111111111101000011100101001110
11111111111011101110010101000101
11111111111011011111000011010111
00000000000000111011110011001111
00000000000001011111010101000100
11111111111010111101001100010100
11111111111110001011110010101000
11111111111110000110011001111111
00000000001000011111111000100001
00000000000011100100010001101110
00000000000000111011000010000000
11111111111101001110101101011011
11111111111101101111001001001111
11111111111001011101011000100110
11111111111101001000111111100100
00000000000011011110100100001000
00000000001000110101110110000001
11111111111101110000010111001111
00000000000010101000101101000000
11111111111110111011101110100111
11111111111100010011100111100010
11111111111110110001111111010100
00000000000011101101100111101011
11111111111100010111110101011100
11111111111011111101010111100000
11111111111101111011100111010011
00000000000000000011011101100000
11111111111111111110111000000101
11111111111111101101000111110110
11111111111101100010010011011110
11111111111110000100000011101011
11111111111110110001110001001100
00000000000001100110011100011110
00000000000111000001100011011110
00000000001000110111111000110011
00000000000101110111111111000001
00000000000011010100001111101101
00000000000011100000001100100010
00000000000010001100001010110111
11111111111101100011111011011100
00000000000001000000110000110111
00000000000100110110110101010110
00000000000001000001110001110100
11111111111110000000111101001001
11111111110101110001101011110110
11111111111111010011001100111011
00000000000010110010101110010000
11111111111110011010101010100100
00000000000011100110110000100101
00000000000010010001110001001000
11111111111100001111011001000011
11111111111110000000011111101000
00000000000111001111000011010111
00000000000011011010000111010110
00000000001110000010110010011001
00000000000110001101000100011001
00000000000010100001101101111111
11111111110101011101111111010100
11111111111111011111101001110111
00000000000101000100100110001100
00000000001010110011111101000011
00000000000110001011000100011111
11111111111111110101010110110111
11111111111010100010010101100100
11111111111011000100000110111011
00000000000001010001110000000001
00000000010010010110011110100111
11111111110001111001110010000100
11111111111100111100011011000000
00000000000100100001100011100111
00000000000101110010100011011010
00000000000110000001000001101100
11111111111011000001001101000111
11111111111001101101000011101111
11111111110111011011110011010011
00000000000000000001010100001110
00000000000100001011100010011010
11111111110011110011010111001111
11111111110101000110010010100101
11111111111001001101001101011101
11111111111111011000110100110011
00000000000001011110110111110001
11111111110111111111000010110111
11111111111011000010100000011101
11111111111110110010000110101101
00000000000000101001111110011110
11111111111110000010100101110000
11111111111011110011111001000011
11111111111010101001000010011101
11111111111110011110101101101001
00000000000011011110001111000010
00000000001010011111011110100000
00000000001001101111110001100000
00000000000011111111010111110001
00000000000000101100101110011011
00000000000101100000000100010000
00000000000101010001110000101100
11111111111000111111000100101101
00000000000000100111100001100100
00000000000010011000011100000000
11111111111111010110011010000011
11111111110111011101111001101111
11111111111110010110010001110100
11111111111011010101100010110111
11111111111001110010100001001111
11111111111001110001000101100111
11111111111010111000000001011010
11111111111000001001111011011001
00000000000000010101100010011101
00000000000000100001100111001101
11111111111101111101010111100101
00000000000000000111100001011010
00000000000101000001101000100010
11111111111000100101011001111000
00000000000100101111101001000010
00000000000111010101100010101110
00000000001000001101100100110101
11111111110100100111010110110000
11111111111100101101011100001111
00000000000001000011110011100010
00000000000000111000111001011010
11111111111100110000011000001111
00000000001000100111111101110010
11111111111101010111100100010101
11111111111111111001110001000011
11111111110101010000001111110100
11111111111100010010000001001101
00000000001001110000011111010111
11111111111001000010111011101110
11111111101110101101101101001011
11111111111011100100111001100010
00000000000001111110111001010111
11111111111010101000111111111000
11111111110101100010101010111011
11111111110010011000010010101110
11111111110110000110110110111110
11111111110010010111011100011010
00000000001010011001000000111001
00000000000011010100001111100011
00000000000000110011010101111001
00000000000101010110010001000000
00000000000011101101110100010110
00000000000111001001100010111000
11111111111011011111001101110011
11111111111000110101000101001111
00000000000001000001110101111000
11111111111101000000100010011101
11111111111111010110000010100111
00000000000000010001011101111110
11111111111111001110000111110101
11111111111101101001110010010000
11111111111000110110000111011110
00000000000101011110101011111010
00000000001000110110011011110010
11111111110010110110111011010000
11111111101111001011011001010010
11111111111001000011100100101100
00000000001000011100100011111110
11111111111110100000000000111010
11111111110011011101101101000101
00000000000001011011101110010001
00000000000110110110101010001010
00000000000100000110010000111101
11111111111010111101001011010000
11111111111111010011110010010001
00000000000000110100101011100001
00000000000001110110110000111101
00000000000000101010111011001001
00000000000011101001100011101110
11111111111100111111011101101010
00000000000011111000111100100000
00000000000011111001011010000100
00000000000010010011011011011001
00000000000000111110000110000010
00000000000010111000110111110110
00000000000110110100101111010111
00000000001000011011101000001111
00000000000010000010010111110101
00000000000001100001010111011000
11111111111010100001011111011000
00000000000010001010011011011000
00000000001010011100010001100110
00000000000001011011111110111011
11111111111101111110000101000110
11111111111110000011000011100100
00000000000010100000010101110110
00000000000101000110001000000000
00000000000001010000011001000110
00000000000011110001011011011000
00000000000100101011101001011100
00000000000001101111100110100111
11111111111100101101010110101000
00000000000101100000101101100100
00000000000100100000101000001101
00000000000110110110010011101110
00000000000111110011101010110111
00000000000111010101001000000111
00000000000011011100100110101001
11111111111110110000011101000001
00000000000010101001011101000111
11111111111001110110001101011001
00000000000010010110000101000000
00000000000100011000101110010000
00000000000110100011011100010000
00000000001011010110110111000010
00000000000100001010001101000100
11111111111100100000000011100101
11111111111110100011101111101001
11111111111111101010000110001111
11111111111110011000000001001000
11111111111011100010000111011101
11111111101100111110111010000101
00000000001110010000011111010100
00000000000000110100111010110000
00000000000100011100000100111001
00000000000101001001110111101000
00000000000110100111110010010101
11111111101011101010010101100011
11111111110000111000111010101110
00000000001000111011111100001010
00000000000010000010011010101100
00000000000000101010101000011010
11111111101100101001100000111101
11111111110001110111111010011010
11111111111010111011110100001101
11111111111000011000000001010011
11111111111101010010101111010100
11111111110101010000111100011100
11111111111000010000001001101000
11111111110100011011110001100100
11111111111111010110111110100101
11111111111000110110010010110000
11111111101001111111100101010110
11111111111001111011101010101110
00000000000111111000001001010001
00000000000011001001110100010000
00000000000011111001100010110001
11111111111110001111101001010100
11111111111011000001010110010110
11111111111110111101111000101101
11111111111100101001010011111011
00000000000011010101011010101110
00000000001000000111011001101101
00000000000100010100111001101110
00000000000011011011011001111000
11111111111001101010011011111101
00000000000000101100001111001010
00000000000101110001110101001100
00000000001011011011010111001001
00000000001011000011101010001111
00000000000000000010000001100111
00000000000011001110100101011100
11111111111100010000011101000001
00000000000100101111011001011011
00000000001101000111100001100000
00000000000011100000110010010000
11111111111101111001000000011011
00000000000110001010001010100101
00000000000010100010011011100011
11111111111101110111001000101010
11111111111110011001110110111001
00000000000100010101010010110001
11111111111110101111001110000111
00000000000110111011011010100011
00000000000110100000000110100111
11111111111111010100011111000010
11111111111110111111100000011001
11111111111011101000010101011011
00000000000001111011111101100001
00000000000101010000110101110001
00000000000011010011010111111011
11111111111100000010000100011101
11111111111101000110111010001110
11111111111111011100010111101100
11111111111111000101111000100101
00000000000001001011111110010110
11111111111110110110110110111100
11111111111000001000001100001011
11111111111100110001110101011101
11111111111010101001101001110000
00000000000101010011011111010011
11111111110011010011001110001100
11111111110111001011111111100010
00000000000000001011010001001111
11111111111101110011100001101110
00000000000100110001001000011001
00000000000000100110111001111111
00000000000011111110101011100101
00000000001010100100101001101100
00000000000000010100010101000101
11111111111111111100100010100001
11111111110111000001000010111110
00000000000011100111101111010001
00000000000011001011100000110111
00000000000001011010101110010100
11111111111101111001010011001011
11111111111000100101101100011011
11111111111011110111000011100100
00000000000011010100000000110111
00000000000110000110101010110011
11111111111100111111011000010011
11111111110110110001011101101111
00000000000100111101000010011011
00000000000101101011100110000001
00000000001000001111010100111100
11111111111100111010110111000110
11111111111111110000000100100010
11111111110001110101010110100011
00000000000001011001000111110110
11111111111110000111010010011011
11111111111101111010111100111110
11111111111111001000101100010011
11111111110110101101010111010011
11111111111011111000010001110101
11111111111100011001100100001010
00000000000000101001111001010011
00000000000000111000111100001110
00000000000010111011011101100100
00000000000100010111101001110111
00000000000011010110101001101001
00000000000011101100010101101000
00000000000111000011000010100101
00000000000111011101000011001001
00000000000010010001100101101100
00000000000010111000101010101011
11111111111111100111010100010010
11111111111111011100111001000100
00000000000001000001001000110011
00000000000000100101111101001001
00000000000101110111111011011111
00000000000111100001101011001000
00000000000000110111000101111000
11111111111000101011100110100000
11111111111010000111100100111000
00000000000000000111111001101001
00000000000010100011101110100100
00000000000001011001000100010010
