00000000001101101100010100111011
00000000000101110110100000000110
00000000000100110000111111010111
11111111111010110000000111011110
00000000000000001011010001111101
00000000000100011001010001101101
00000000000011101101000101101100
00000000000000111000011111011101
11111111110010111001101100000001
11111111111110110010001011001110
00000000000010101001011110101011
11111111111010100101100100010111
11111111111000110111001000010000
00000000000000011010001011010100
00000000000101010111010111000111
11111111100111011111000011100110
11111111110001101011111000011011
00000000000101010111000110101011
00000000000011010011101001110100
00000000001000111001101010110101
00000000000101101111010101000011
00000000000101001100111101111100
00000000001000000011111100010011
00000000000101000100111111111010
00000000001100101000011110010111
11111111111100110101100011001010
11111111111111001100000010010100
00000000000000001011000001111001
00000000000101101011110000110101
11111111111011000101000010110110
00000000000010010010111010100101
11111111111011011110000000101100
00000000000110101010110101001100
00000000000000100010101111110111
11111111111011110111010001100101
00000000001010000101011100011011
00000000000000101011010001101100
11111111111111110111111111001110
11111111110110110000101010100101
11111111110111111110100010011001
00000000000001000001100001101001
00000000001100100000010000110011
11111111110001010110110110101100
11111111110100001000001110000101
11111111111000011110010101100101
11111111110011101100011111010001
11111111101110110111000101111010
11111111110010001011001111110111
11111111110110000110100001100001
11111111110001100100010111010110
00000000001010110101111010011010
11111111111100001101101010001111
11111111111100001000111111100101
11111111111100010010000110011010
11111111111111101000011101001111
11111111111000110010111110100001
11111111111110111011110010110100
11111111111111000100001010010100
11111111110111111100100100101110
11111111110111011010001111011000
11111111111001101100000101011111
00000000000101110001101100111011
11111111111111100001101101000001
11111111111011010110101111100100
11111111111100110000110101000100
00000000000010011010110111010011
00000000001010001101101001100000
00000000000010101000010110001001
11111111111111010000001111010010
11111111111101111010111100000001
00000000000100010111111111110101
00000000001010101000001000011000
00000000000001101001100011100101
11111111111011111110000100101011
11111111111001110010000000001100
11111111111101110000000101000100
11111111111001000100110101111111
11111111111000010010101011101010
11111111110101010010011011011011
11111111111110010001110001111000
11111111110100011000001110011100
11111111111010100010111101110111
11111111111110111111000010000110
11111111111111001011100011100110
11111111111001000010000010010010
11111111111011000100000101100100
11111111111000100101010111110111
11111111111111101010000011010111
00000000000011000100101001100010
00000000000000000111111010110111
00000000000010001011010001001011
00000000001001011110100100010000
00000000000011111111100001011011
00000000000011100101010101011011
00000000000011011111010011100000
00000000000101010100111000111000
00000000000011000001100011001111
00000000000100111111101010101111
00000000000000011010000100000101
00000000000100010111110000010101
11111111111001101010101110111111
00000000000000110100010000001000
11111111111101101001101001111111
11111111111001111010110010001100
11111111111100110011101000100110
00000000000000100110010111110110
11111111111101001000100001110100
11111111111010110010011111010001
00000000000011110111110100101001
00000000001100101110010111100100
00000000001101101101000111001000
11111111111010111001000101001101
00000000000000000111101011111000
00000000000100100100000111001101
11111111111111100100100000100010
11111111111111100011110010011001
11111111111101110100111111011111
00000000000001010110111110010010
11111111111101100011000001111011
11111111111101101010001010010010
11111111111000111100101000011111
11111111111100010100111010001100
11111111111110011011010000010110
00000000000010101110011110000100
00000000000000110110101100010011
00000000000000000001011011111101
11111111111010101001011110000010
11111111110111011110001001000111
11111111111100011100011111100000
00000000000010000111110011101011
11111111111000100101101111011001
11111111111011000101110010111011
11111111111110110110000010011100
11111111111100100010100110100000
11111111111010001111110000000010
11111111110000101000011011001010
11111111111101100111111000001100
11111111110110111011010100111101
00000000000010011001001000111111
11111111111000101010111111001100
11111111101010101001111001111100
11111111111110011110111001111000
00000000001010001011011101101010
00000000000111000011010100000011
00000000001101010000110111001010
00000000000011000010011011100010
00000000000111110010001010011110
00000000001110100100110011100001
00000000001111000000000011000101
00000000001110010001111000100001
11111111111110010001011000111100
11111111111100011100000011111011
11111111111101001011100001010000
11111111110101110000010011110011
11111111110010111110110010000101
11111111111110110111010110110100
00000000000011011110011100100011
00000000001001111101000011001011
00000000000100001000110101110111
11111111111010111011001111010101
00000000000111110110000111110001
11111111111110111100000011100000
00000000001001100011000010001010
00000000000110001000101101111100
11111111111111000011011111000101
11111111111001110001100010111100
11111111111111110111011101001000
00000000000100010001101110001010
11111111111010101111101110011001
11111111111100101101101111011111
11111111111000010000001000110110
00000000000110010011001010100001
11111111111111101110110001110000
00000000000011100001000110000011
00000000000110100000100110011111
11111111111101000011010111001011
00000000001110010010001011110010
00000000000111010101100000100101
11111111110100111110100110011110
11111111111111101100101100011010
11111111111101110000110111011010
00000000000001000011011010110110
11111111110111010001010000000101
11111111111011001100001001011101
11111111111111000010010110001010
11111111111111111100001001111010
11111111111110000110110110001110
11111111111000100011011010101000
00000000000000111111110000000010
00000000000100101110110000110101
11111111110001101010011011010010
11111111110111110000110110000011
00000000001000111111111100110000
11111111111111010010011110110100
11111111111011100011111111011101
00000000000001100101011010010010
00000000000101101000100100101001
00000000001111101010010010100000
00000000001101001101111111101011
00000000001111010001010111111100
00000000000101101010000100000001
00000000000100000101010011110100
00000000001000110000111011011010
11111111111011110111001000010101
11111111110000101001101111001000
00000000000001001110010101001010
11111111111110110000011001111101
11111111111001111000100100001000
11111111111001100100000101000010
11111111111000010101110010010100
00000000000011010111011110010000
00000000000000000101101110000000
11111111110111000100000010010000
11111111111100101011001111100100
00000000000010110110101011111110
00000000000011111101010100001000
11111111111100011110001010101100
11111111110010001011110100010010
11111111110101101001010010110000
00000000000111010111111000101001
00000000000101011111000001001101
11111111101111001000110011100010
11111111100101010101111000110110
11111111101111001000101011110011
11111111110011111010000000010010
11111111111100010011101011110001
11111111111100111101110000010111
00000000000100011000000100010010
00000000000001001110110000011001
11111111111100000011100010010000
00000000000000001111111101110100
11111111111010111100100010101011
00000000000001101111100010001011
00000000000101011111111100000100
00000000000111011100100110101000
00000000000000010001111000011110
11111111111111110111110010100011
11111111111011000110101000110010
00000000000100000010110011111101
00000000000011111011100100010011
11111111110111111010000100000101
11111111111010100100010100001101
00000000000010010100101000011111
00000000000001011011000010010000
00000000000000110101110110111101
00000000000010001101110110001100
00000000000100101101010000001011
00000000001010011000010100100000
00000000000000100110100010111111
11111111110110111101000010110010
00000000000001100110010110100101
11111111111111101111100101100110
11111111111111000000110001001001
00000000000000001101101010111111
11111111110010000111001101100101
11111111111100100110001010010001
00000000000010101111000110011100
00000000000110100101011101010001
00000000000100111010100110111100
00000000000000010111010111101001
00000000000110110011011001110100
00000000001100101000101100000010
11111111111110011111011100010110
11111111111111011110010100011010
11111111111101110000001101011111
00000000000011011001111101001100
00000000000010110110110000001111
11111111111100110101101101001001
00000000000010100101001111100011
00000000001000011110111111101101
00000000000011000101011110000001
11111111111100110110110010111000
00000000000000000100100110111111
11111111111100000111000000011100
11111111111001001010001001000000
00000000000001011011001011011101
11111111110110101110100110001111
11111111110100010100001100100101
11111111111100110111000111111100
11111111111110111111100110000111
00000000000101001001001010101101
11111111111110111010101100110011
11111111111010111010001111011100
11111111111100111011101011100011
11111111111010010110100111011100
11111111110011000011001110011010
11111111110111110101010110101100
11111111111110111010001000110011
11111111111001110111010010111000
11111111111110111100111110110111
11111111110100010010000001101000
00000000000011010001101100011100
11111111111111100001101000110010
00000000000100111100110001011100
00000000001010000111010001111010
11111111111000101011000010101010
00000000000110111001111001110010
00000000001100101001000001010100
00000000001000000000011111010000
00000000000110100010010000101110
11111111111100111110101010001110
11111111111001011110000011010010
00000000000000011100000001011001
11111111111110111001101001110000
00000000000101101000111010101111
11111111110110110000001001010100
11111111110011000010111110000001
11111111111001010110101111101001
11111111111111010101000111000111
00000000001100111111010001101011
11111111111010111010101010011101
11111111110101101011111110101100
00000000000100000000001000110100
00000000000010100001110001001100
00000000000010000110111000100110
00000000001010010100101111100110
00000000000011000100010111010000
00000000001100110110000001011001
00000000000000011001111010011110
11111111111100111111010100100011
00000000010111110100000110000010
00000000001011110001111000011000
11111111111001010111011110100010
11111111110011101101000101010011
11111111110110000010111010001110
00000000000011001101000011100000
11111111111100011100000101010111
11111111111101000001000011000011
11111111110111101000001101000100
11111111110000001110001000111011
11111111111011100111010111011010
11111111110111111101010111111010
00000000000011001100100011110101
00000000000010111010010000111011
11111111111110000110101100100111
11111111111000101101001101111111
00000000001010000001111000110011
00000000001000001011000001100110
00000000000011100000011011010100
00000000000101000100010001001100
00000000000010010111011011000100
00000000000001000110111010100011
11111111111101010010101010101000
00000000000110010011011100001100
11111111111111000011101101101110
11111111110010010001111100101111
11111111111100111111110010101011
11111111111111011111011111011111
11111111111101110010111100010110
00000000000001110011111001011001
11111111111101110001011111000011
11111111111100110011100101011101
00000000000000011100111000110000
11111111111111010001101101110001
11111111110100001101110110110011
11111111111110010101010111000110
11111111111100010010001011101110
00000000000010101100011001001001
11111111111110100001110000000110
11111111110100010110101011110110
00000000001001000010001010110101
00000000000100010011001000111100
00000000001100110111110111100010
11111111111111100101110110111010
11111111110011000001101110001110
00000000001000001101001101011000
00000000001011110101000101110001
11111111111111110001100101000101
11111111110111111010010010100010
00000000000000101101011000100111
11111111111000000111011010111001
11111111110100001100100001011101
11111111111000000111110010100111
11111111110100000010010111100000
11111111111000011010110100010101
11111111110011100101001101000111
11111111111001110110001100001101
11111111111010111010000010000111
11111111111111111001001111000100
11111111111000010010010111001111
11111111111011011000100100010000
00000000000000100010011010001100
00000000000000010111101110011000
00000000000000011110000001000111
11111111111111101110110000101100
11111111110110101010111001111011
00000000000000000001001010101101
00000000000011101011101011010111
00000000001000100001010001000000
00000000001001010010101110111001
11111111111110001100110101111010
00000000000010001111100101011001
00000000010000001101010000010000
00000000001010011010000101011110
00000000000101101100001001010110
11111111111011110001001000110000
00000000000010010111101101010110
00000000001000011011100010000100
00000000000111000111111011001100
00000000000011001011100111010001
