00000000001101000100110100100111
11111111111010000010110000101110
00000000000110101011011101110000
11111111111010001001011111011101
00000000000010010000110011000000
00000000000011101101101011101010
00000000000010010111111010111110
00000000000100101101011101100010
00000000000011100101001101011001
00000000001001000101001100001111
11111111111100010000110101110101
00000000000110001101000101000101
00000000000011011110100100101101
00000000000100111100000101010100
00000000000010100011110000100001
11111111111001100101111110000100
11111111110111001001101101000001
11111111111011001110010000110110
00000000000000100001101101110011
00000000001011010001100101010100
11111111111001001100011001100100
11111111111101010011000001010111
00000000000001000101011001011001
00000000000000110000111100010001
00000000000101110101110011000000
11111111110001101011000011000111
11111111111111001110111100011111
11111111111001100000110011111100
00000000000100000001110010000111
11111111111110110000110010101000
11111111111110111000010100110100
11111111111011001111101100111001
00000000000110101111101111010000
00000000000011001001101000000100
11111111111000110101011010110000
11111111111110101111110000000000
11111111111111001110001011010010
00000000000001000110110001100010
11111111111101011111000011110100
11111111111101100111011011001111
00000000000000111100011111111010
00000000000101010111111011101100
00000000000100000111010011000011
00000000000000100010110101100001
11111111111010100000101111011111
00000000000000100000010100011010
00000000000000100001111111111001
00000000000000001010000001101110
11111111111011000001001011111110
11111111111001100100010110001000
11111111111000111111100011011001
11111111111111111010011110000011
11111111111101100001001101000010
11111111111110101110010101111010
11111111111111000111111000100111
11111111111011100100000110110100
11111111111110111000111110111101
11111111110111100011111010010111
11111111111100000000101010001101
11111111111100010010001010011100
11111111110110110011111000101101
11111111111011110110110010100110
11111111111100101011110101011100
11111111111001101111101111110110
11111111111100000110111011001000
00000000000011100100100111001001
00000000000110100110011010100110
00000000000110100000010011100000
11111111111010011010001000001010
11111111111100100011011101100010
00000000000100100110101111110011
00000000001011111111010101010011
00000000000101100001010001111100
00000000000010001001011100011000
11111111111100100000011111100111
11111111111101010001110111011000
11111111111110110001101100101001
00000000000010010010010101001100
00000000000010101111110101100100
00000000000011111100011111000001
11111111111101110100010110010111
11111111111110010000111110000101
11111111111101110110100111111100
11111111111101100100100001110001
11111111111111010100100010110001
00000000000001110001110101100100
11111111111100010011110001101100
11111111111111001111001110101101
11111111111100110001100110100001
00000000000010101101111100101011
00000000000011010111110111111011
00000000000101100011001111100100
11111111111110011110000110010011
11111111111101000100111101001010
00000000000110001001011101000001
11111111111111011001001010100101
00000000000011011000110111001111
00000000000111000101011111101110
00000000000001100101111011010101
00000000000010100010000001010110
11111111111001001111111110010110
11111111111101111000101100001100
11111111111111000111110000000001
00000000000000001100000101001011
00000000000100001101001000001101
11111111111010101111011010001110
11111111111011011011010110000111
11111111111101011110000001000011
11111111111111000011101011110111
00000000000100001001101000111011
00000000000101110000100000010100
00000000000011100101010010101000
11111111111111110111010000110000
00000000000000100111001000000100
11111111111010010100111110011010
00000000000110111001011010000001
00000000000110001000011111100000
00000000000111001001110111100010
11111111111010100100011001100001
11111111111010110001110001100000
11111111111001111011001110010110
11111111110100110111111001010100
11111111111101111001001111001110
11111111111101101101011100000001
11111111111110000011010010010010
00000000000101000000010000101110
00000000000110100011011111100000
11111111111111101011000000101000
11111111110100110100011000001000
11111111110000101111100101010111
00000000000001010100110111000110
00000000000111110011011000010010
00000000000101001101000110000110
00000000001001111111010110000100
11111111111000110110000100111010
11111111111110011000011000001111
11111111111011111010011111001000
11111111110110111100010011001001
00000000000011100011111110100100
00000000000000010011110000000000
11111111111110100110010001101100
11111111111100000100010010000100
11111111111011001001000011000100
00000000000010110010101101000111
00000000001101100101101101001000
11111111111010100000111100011111
00000000000001001001000011101110
00000000000000110111011110100001
00000000000101011011111001011010
00000000001010110010011110011011
11111111111111101011000110100101
00000000000110001000000100010010
00000000000000011111110010010001
11111111111111110011110111001111
11111111111010110111110001111100
00000000000001100010011011111001
00000000000001011110001001010001
00000000000001010001011010001011
00000000000000111101110001001000
00000000000010000101001101111101
00000000001001100110010010110101
00000000000100000111001010100011
00000000000100100111001101111111
00000000000010101011111111000001
00000000001011000111110001101000
11111111111101100100110100100100
11111111111001001010100100101010
11111111111100000100101100010110
00000000000000000111110011100011
00000000001011010011111110100100
11111111110001101111101010000110
00000000000000001111001110011110
11111111111111001011111100001011
00000000000100011011110100111101
00000000001110100100011110110111
11111111111100000000111001100011
00000000000001110000010101111111
00000000000010000011010010001010
00000000000010010010011000000110
11111111111101100001010111001010
11111111111111111101000110000010
00000000000000101011100001000101
00000000001010011000111111111101
11111111111100011011111101101000
11111111111101001000000010011101
00000000000000000000000000101100
11111111111100111110110111111000
11111111111110101001110110001101
11111111111111011101011101100001
00000000000110011001010101011010
11111111111011001010111100001110
11111111111101111010011010010111
11111111111011011010010101011110
11111111111011111000010100100110
00000000000101000110011001001100
11111111111100000101100100011110
00000000000001100111111101111101
11111111111111110001111101001011
00000000000010101101010101001001
00000000001111111001111101001110
00000000000000001001110001001000
11111111111011010000011100011011
00000000000001101001001101011010
11111111110111001001101111000110
11111111110001001010111100010110
11111111111010101011001100100111
11111111110111100001110010000011
11111111111110001001001101000010
00000000001000111010010100111111
00000000000101000101101011110010
00000000000001001110010010110000
11111111111001101111010110001110
11111111111110111100111010100101
00000000000011001110100100000010
00000000000011011110010111101011
00000000000010110111000000000000
11111111111101011100100010111001
11111111111001110101000011011000
11111111110100101100000101101100
11111111110011010100000101010010
00000000000100101111010110001011
11111111111000101011110010101101
11111111110101100101101101100000
11111111100111001001101100000110
11111111101110001100000010100001
11111111111111111011000100001010
11111111111010101101111101011101
00000000000111011101110000110101
00000000000010110111001010011010
11111111110110111110001001101000
11111111111001010100110110111001
00000000000000110011010000110010
00000000000100011001001011000011
11111111111101101101110001011001
00000000000100111011000111101110
11111111111111111010111011111001
11111111111111111111100101011110
00000000000101101111100111110101
00000000000101011001001010100010
00000000000011001001111001000111
11111111111110101111110001110111
11111111111101001000111011110010
00000000000000001010000010111111
11111111111101001110001100011100
00000000000001010100001100010110
11111111111110111101111001011011
11111111110111110011010101110101
11111111111110010010010001011100
00000000000110101110010100001010
00000000001001100101100000000100
00000000000001001011001111101101
11111111111110001000100011011011
00000000000010111000101011110100
00000000000000101100110100101001
11111111110001110001100110101011
11111111111110101101111010001100
11111111111010100001101100010111
00000000000101011000100110100001
00000000000000000001110101100100
00000000000010101101101100111011
00000000000001111110110011010000
00000000000011100111011000001001
11111111111111001101100100010110
11111111111110010001011110110001
00000000000100111000000000011111
00000000001001110101001000011101
00000000000111101101001101010111
11111111111110100111010101110000
00000000000011001110101000000011
00000000001010101110101011011001
00000000001100001010101001101100
00000000000011001010101011111101
11111111110111001110000110110100
11111111111110011000010000101001
00000000000101011000011110110111
00000000000011110110100010010101
00000000001001100101100111000101
11111111111000011000110110011001
00000000000000001010100001010000
11111111111100111010000011101001
00000000000110000011011011110001
00000000000110000110011011011111
00000000000011101100011110011011
11111111111110100000010000100010
11111111111110010010001011011010
00000000000110100110011011111001
00000000000011100001010000001110
11111111110100011110010111101111
11111111110101111001000100011101
00000000000001101011010010010110
00000000000011110101110101001100
00000000000000101110100110101110
00000000000010110000111101100111
00000000000100111001111101010010
00000000000101000001100001000010
00000000000001011001000111000001
11111111111111011111100100100000
00000000000011111100111010001011
11111111111110001100001010111010
00000000000000000100001100001000
11111111111101010011110100100111
00000000000011011010101000001000
00000000000111101111110101000100
00000000000010001010110101110001
00000000000000011100100110101001
11111111111010110010001110100010
11111111110110010011101011100011
11111111111110010010111100100101
00000000000011111111111101101101
00000000000000001101000100100100
11111111111011010111011001001111
11111111111011101101000011110110
11111111111100001101101100101101
00000000000010010011100110110001
11111111111111101001110001011101
11111111111101001100110011011011
11111111111111101101000010001110
00000000000001100010110110101010
11111111111101011111100010010010
11111111110111101011001111100110
00000000000100111101111010100111
00000000001011001100000100000010
00000000000101101101000100000001
00000000000100001100100100001101
11111111111111101110111101111011
00000000000000000101100001101001
00000000000000111000111110100001
00000000000010111001111010100111
00000000000110001001111011000100
11111111110100000011010110010100
00000000000011100111001000101010
00000000000101100110000001011100
11111111111100011110010010001001
11111111110110011100001110100000
11111111111011110010100011010001
00000000001000010101001001110001
00000000000011111011111001110000
00000000000010010111010110111110
11111111111101100110000101001100
00000000000011011000010101000010
00000000000001110111000001100100
00000000000101001111100010110110
00000000000010110011101001010101
00000000000011011001011100100000
11111111111110001011111000000110
11111111111010100100111010110000
11111111111010011100000101101011
11111111111100001000101000101111
11111111111111111111001000110010
00000000000010000010011010101111
11111111111000011001100101010100
11111111111000101101010000011111
11111111111011100010000110000010
11111111110111110000000011001010
11111111111000110010011000011100
11111111110110111010110101010110
11111111111101000110101110010110
11111111111100000101001001001111
11111111111000111000111100001000
11111111110101111011101100000100
11111111111010111100010110000111
11111111111101001111111001101101
00000000000110111110011101000100
11111111111100010100111010101001
11111111111011100001001111101011
00000000001111101101010110100111
00000000010000010101101010110000
00000000000111011001011010001100
11111111111110101011110011010000
11111111111100011001100001111011
00000000001000100010100010101101
00000000000011011000101101111110
00000000000010101101101000001111
11111111111001011010111001000111
11111111110011010010101111010110
11111111111100110111000001110000
00000000000000111011001010010001
11111111111101100100001001011101
00000000000000110100001001100010
00000000000101110110000010111101
11111111111101110111111100011011
11111111111111111100101000000010
00000000000100010101110110100001
00000000000000110011011001111101
00000000000001110101101100101100
00000000000001000000111101010110
11111111111100011011000010011010
00000000000010011010011001010010
00000000000011011001010000001100
00000000001000000111001011100010
11111111111111101101110000010010
00000000000011101101111001101011
00000000001010000011001010100111
00000000000010110110010011001110
00000000000001111011000001111100
11111111110111000101101101111011
11111111111100101111001001010100
00000000000110000010010110000101
00000000000111111110000110000100
00000000000101101111001110100101
