11111111110011001111010110011011
00000000000011100001011100011101
00000000000110101001010101001101
11111111111011101101110010100110
11111111111000100100010100101111
00000000000100111001110110010111
11111111111000111000100000110101
11111111110011110001001010111011
11111111111101001001010010100101
11111111111100111101100111111110
11111111111111101111110101001111
11111111111101101101011100011001
00000000000000111100010110100001
00000000000100010101101000000010
11111111111110111100110110010011
00000000000001110010110111110101
00000000001000100001010001100110
00000000001000010011001000101001
00000000000011111111111000000011
11111111111011001010000111100011
11111111111100111111111011001011
11111111111110000110111110110011
00000000000001110111110011000101
11111111111011101101010010010101
00000000000100001011110101000000
00000000000111100001100110001001
00000000000010011100010111010000
00000000000101110110011000000111
00000000001000010100100111001010
00000000001110111111000111011111
00000000000000010001010111100001
00000000001000101010000101010011
11111111111011100111111110111111
00000000000010111111011100110001
00000000000101010101011100110100
11111111110111110110000011100000
11111111110011100010011111010010
11111111111011101000111110101001
00000000000011011111011110000000
00000000000100011000010010010000
00000000000011111010100111011111
11111111111101101111001110101000
00000000000101000001001101000111
00000000000100010100111011110111
00000000000110000001010000000011
11111111111110101100000011011100
11111111111110100010111001011110
11111111111110011111010110100101
00000000000111011110010110101010
00000000000010111011101010100111
11111111110110101111101000000101
11111111110111011011101010100110
11111111110111101100100001011011
11111111110001011101010011011111
11111111111000000101111010100110
11111111111111101000110011001100
00000000000100011110111010000101
00000000000110101001001110011100
00000000000010100100100101001010
11111111111100101000011001100000
00000000000100000110101000101100
00000000000001101010001100010010
00000000001001010100111000010101
00000000000000100001010000100111
00000000000111010110000111011010
00000000001000011100000010001101
11111111111101011110000110000110
00000000000000011011010010110000
11111111111111101110010111011011
00000000000110101001000010001100
00000000000011000100000110100110
00000000000000110000101111110010
00000000000010010001110100010101
00000000000010100101111011111010
00000000001011010100000100100011
00000000000011101101111110111110
00000000000010110100110101101010
00000000000010010001111110111010
11111111111000110110001010111111
11111111110101110110011011010111
00000000000011001101010111011110
00000000000100010010011110100100
00000000001000100011010110000000
00000000001000101100000000111111
11111111111100011100000010111100
00000000000000011011000101001010
00000000000111000101101011011110
00000000001000010011011100001000
00000000000101011111001001011011
00000000000101010100110111001100
11111111111111011100100011111111
00000000000010110000000001100000
11111111111110010111001001010001
00000000000001011011011110001110
11111111111111001011101111011100
11111111111111011101011010100000
11111111111110000011001001100010
11111111111100010010000100010011
11111111110110001010000101001110
11111111111101011010001001011001
00000000000100100011010111000011
00000000000010101100000010000001
00000000000010111110010001011001
00000000000111110101110011010010
00000000000100010001000110111110
00000000000011011100000010001101
11111111111110011010111111110001
11111111111101011111101011001011
00000000000101001111110010110000
00000000001001011111011111010100
11111111111010101000011011010011
11111111111000001111010111110000
11111111111111001000011100001011
11111111111111000111011100000101
00000000000000001000101111110101
00000000000010001000001011100010
11111111111100011110010010001010
11111111111011111010010100011000
11111111111011100010011100001111
00000000000101001111100100000110
11111111111110000001011100111100
11111111111000010001110100111111
11111111111001110001010011000011
11111111111000110100001001001001
11111111111101100110001001011110
00000000001010100010111110000110
11111111111101101011110010110001
11111111111010100101011011110100
11111111111011100011111011111110
11111111110011001100100010001010
00000000001001010100011100001101
11111111110111101010000011101000
11111111111000100000101111111011
11111111111101111100011011010100
11111111110011101110100011100110
00000000000100010101100111100011
00000000000100110001011011010001
00000000000100000111101011000000
00000000000011110011100100001100
11111111111111010000001111000000
00000000000011100001001001110110
00000000000110011110011100000000
00000000000111111001101110000101
00000000000000000111111010111011
11111111111011101110100101010001
11111111111101000110010010001001
00000000000000011110001001110101
00000000000000001101111001000111
11111111111100111000101100001000
11111111111100001100010111000101
00000000001110011111000010000001
00000000000010011000011000011000
00000000000001011111010011000011
11111111110110101110000000111100
11111111110010001010111010010001
11111111111110110001000110110100
00000000000010011000011000110100
00000000000111110111101010110111
00000000000101011101010010100101
11111111110110110011001111011110
00000000000001100101111100111000
00000000001010110001100100001010
00000000000101111110100001101111
00000000001011110110110111010001
00000000000110100010001111000101
00000000000001000101110110001110
00000000000011101100011010101010
00000000000101001100101101111111
00000000001000110110001110101100
00000000000000000011101101101100
00000000000000101001111001011110
00000000000001000101111010001101
00000000000100011100101100000000
11111111111100010111110111011101
00000000000011110000111110111001
00000000001001011111100010011110
11111111111100110100001001001111
11111111110000000111111011000100
11111111110111011110000000100000
11111111111000100101101011101011
00000000000010110101111110010101
11111111111110001000001011101000
00000000000001010001010001011110
11111111110111111101110100001101
11111111100111100101100110100111
00000000000010100111111100001011
00000000000111000100000110101100
00000000000101100001100011111101
00000000000010010101011110011110
11111111110110001010111001110101
00000000000110110000011001111111
00000000000110011111111011011001
00000000000101011001100001111001
11111111110110101000100011101111
00000000000101011010001011111100
11111111111101111110001111000000
00000000000001110111010000111101
11111111110101010001000000110111
11111111111101000010000111101110
00000000000000010101010111001101
00000000000000011100100101011001
11111111111101000011000000111010
11111111111101001100000011111110
11111111111101110011101110001001
11111111111101100111101110101100
11111111111010001101101011000101
11111111111110000101011111110000
00000000000001100111010100110100
00000000001001010000000001001011
00000000001111110010011010100111
11111111111101110111000110001000
00000000000001000011011101111000
00000000000000000100000101110011
00000000001000110001110111101001
00000000000010111100011001001000
11111111111101001010110001100111
11111111111101010110011010001100
11111111111100000011001111000101
00000000001010110101000101000010
00000000001000111110001100000111
00000000000100001111001010001011
00000000000001100110110101011000
00000000000100111111111101000001
00000000000101110000101110011101
11111111111001001010011011101011
11111111111101100111110010010001
00000000001001100000101100101110
00000000000000011001101111110001
00000000000000011010000001101100
11111111111110010011100001010000
00000000001010100110010011000001
11111111111111010110111000110100
11111111111010001010010110111100
00000000000010110101001001110011
11111111111100011110001001101001
00000000001101101010110100101111
00000000000100011111011101100100
00000000000100000000110100100101
00000000000010110000011011100000
11111111111100000001010110101000
00000000000110011001101111110010
00000000000010111001100110011010
11111111111010000100001000000111
11111111111110110011111101001100
11111111110110011111100101100011
11111111111011011100110101010000
11111111111101010011011111101010
11111111111110110010111111011011
11111111111010001001100100110110
00000000000001000101111101110001
00000000000001110010110011101110
00000000001110011011111111001000
00000000000001001111110101101010
11111111111000000011010011001111
11111111110111110100101000100000
00000000000101100001010110010001
00000000000111111100000010100011
11111111111110101010010100011111
11111111110011111000001001001011
11111111111011010000011010100110
00000000000100011001011101010101
00000000000010000100101101001001
00000000000001111110111011100010
00000000000111111100000100100011
00000000000100010000011111111010
00000000000010110011001110100111
11111111111011011001010101011100
11111111110111110010011111110001
00000000000010111111000110111010
00000000000010100010110000100111
00000000000011101011000010100010
11111111111111110000000110001000
11111111111000111101010111001111
11111111111010100101001110000010
00000000000100111111001011000010
11111111111011110111110011101101
00000000000010111010101010101001
11111111101000001111001010001110
11111111101100100001110001111100
11111111110001001100011001000100
11111111111110110011110010001101
00000000000010000111001111100111
11111111111001010101011101101000
11111111111001111110101011110110
00000000000011100101101001110011
11111111111100010110101101010010
11111111111001011010001010100000
00000000000011110100100110110001
00000000010011001101010111010001
00000000001101011010110011111000
11111111111010111110101111010101
11111111110111101111110000100101
11111111111101100001001101100101
11111111111100101000110000111001
11111111111011010010001000101101
11111111111111110111010100110110
11111111111111000010010001100001
11111111111100011101011000000101
11111111110111011110100010010011
11111111111001010100111001110000
11111111100110010100001011101001
11111111111000011010111010101000
00000000000000110110101111110100
00000000001101000101001001001110
00000000000010100011001001010110
11111111110001010100110001111011
11111111111000010100100000101010
00000000000100001011110001000110
11111111111001101011100101001111
00000000000001100110111100001110
00000000000000001011011000010110
00000000001101001100110111010100
00000000000111100001111010001000
11111111111110101000101110100110
00000000000001000011110110111001
00000000000000000101110011011010
11111111111101001111111011101001
11111111111010001101110110010011
00000000000000110101000001000010
00000000000110000001010111101101
11111111111100110001101110001111
11111111110010100000101010110101
00000000000000001100001100010000
00000000001100010111000101011011
00000000001100001101100111010000
00000000010101001000111011101100
00000000000101100111011011110001
00000000000100111000001100011011
11111111111111100100001000011011
11111111111001110010110101101000
00000000000100100010110100010011
11111111110110110100010001100101
00000000000011111000011111110111
00000000000110010000001100111111
00000000000110101011100010001010
11111111111011101000001101110011
11111111110101001001100100010000
00000000001010111100011000110111
00000000001100010100000111110110
00000000010100010100001001100110
11111111111110010000100011001111
00000000000000111011000011111011
00000000000011010101010100001110
00000000000101111000110010111100
00000000000111010110010001001100
00000000000011111101111010001001
11111111111110010110011110000010
11111111111001001011011101001111
11111111110011101111001010111010
11111111110111000111111011011010
00000000000000001111001000000110
11111111111110001100100111111011
11111111111011110111010100101001
11111111111111000110100000000001
00000000000101111101010011010000
11111111111111101110010011111001
11111111111100000101110100001000
00000000000101011100010101000001
00000000000001001011000100011011
00000000001000010110011010000110
11111111111101101010010011000100
11111111110110001110101111010011
00000000000001010000100000011011
00000000001001001010001010101010
00000000001001101101011101011101
11111111111111110100011010001011
11111111111000010011101000111100
11111111111010000001101010010100
00000000000100011100101001111110
11111111111111011000001011110101
11111111111001000011000101100101
11111111111010001000100110111101
00000000000001010110100000111000
00000000000011101000011010001010
00000000000110010010000011001110
00000000000001100000011101110011
00000000000101101011001110011011
00000000001001011110100011101100
00000000000111101101001100111010
00000000000001100001010101101100
11111111111011101010011101110110
11111111111001011101111100010111
11111111111001000101101011101001
11111111111011100011110010000101
11111111111010110010001110110100
00000000000100100101000110001110
00000000000101000110011100110010
11111111111011110011110001001110
11111111111101111100100001000110
11111111111000100111001110011111
00000000000000010101011000000101
00000000000111101111000101101101
00000000000011110000000000110110
00000000000011111100011111111000
00000000001010001110100111110000
11111111111101010101111111011101
11111111111011011100001100111000
11111111111010111100011110010000
00000000000010101011010100001110
00000000000101011111111000011011
