11111111111110101010100010110101
11111111111111000000100101011111
11111111111100111000010101111011
11111111111111100001010000010011
00000000000001100010010011100010
11111111111111111001001111110100
11111111111100101001000100100111
11111111111101100011001110010010
00000000000001011011000110011110
11111111111110011010111101110110
11111111111111101110001000111010
00000000000000011001001100100011
11111111111101111001110001000110
11111111111100110101001010111001
11111111111100100011101100101001
00000000000000000000010100001101
11111111111100011110111011011111
00000000000010011000001001011100
11111111111100101001001010010000
11111111111101101001100111000011
11111111111110110010100000100001
11111111111100110111101100111000
11111111111101100101011100110001
00000000000000111111010000010110
11111111111111001100111011101101
00000000000000000001110011100000
11111111111110100100010010011100
00000000000000111101110001011010
11111111111111111111101101101101
11111111111110011000000001101000
11111111111111001011111010010010
00000000000000101111000000011001
11111111111100111101010101011000
11111111111101101010110100001010
00000000000000010000010011010000
11111111111111111010110111000101
11111111111101101000110001011101
11111111111110000000111110001001
00000000000001001000011000110101
11111111111100100101001101111001
11111111111101100010010100101111
11111111111101100100011100011010
11111111111100100100100010100010
11111111111100111111110011101101
00000000000001001010101101011000
00000000000001011110100010010111
11111111111111010011001001001100
11111111111101100011010100100000
11111111111100101011000111010111
11111111111101000000100001001101
00000000000000101011000000100110
00000000000000001011011100110111
11111111111111001000111000000110
11111111111111100111111011111110
00000000000000111110011000101110
11111111111111000010100110110111
00000000000001101011101000011001
00000000000001111010100101001011
11111111111110101101001000110101
00000000000000000111010111101110
00000000000010010111101011001000
00000000000001101000000111001000
00000000000001011000001011101110
11111111111101010000001110001000
00000000000000011101001001000110
11111111111101000010001001111111
00000000000001101000100101000111
00000000000000000101110010000001
11111111111100000110011011001010
11111111111100101110001011111001
11111111111111000011111010101001
00000000000000110000000110101110
00000000000000011100110010001110
11111111111101001011010100011100
00000000000001010111101111001111
00000000000001111110111111111110
11111111111101001001100100110101
00000000000000111011011100001111
00000000000000110011000110101010
00000000000001010110001011100010
11111111111101111010110101010101
00000000000001001111101011011111
11111111111101010110011010010100
11111111111110101001100010100110
00000000000010000001101100100110
11111111111100110001000010010011
11111111111100011001000100000001
00000000000001010001001110000100
11111111111111111011010100000111
11111111111100010001011100100011
11111111111100001111100011110100
11111111111100011001101001110110
00000000000001001100111100001001
11111111111111111110111100000011
00000000000000111101100010110101
11111111111111000101100101011010
00000000000001100000011011010010
00000000000010001100011001000111
00000000000010010101001011101101
00000000000001110101100011110000
11111111111100111000101100001110
11111111111110101111101110001000
11111111111101001101010011110001
11111111111111011010101011100001
11111111111100100001000101011101
11111111111110000000100111010001
11111111111100010100001110100000
00000000000000101111000011010000
11111111111100110000110100111101
11111111111101011111101001010000
11111111111110110101001000110101
11111111111111110001001011101001
00000000000001110011111101100101
11111111111100010110101011101011
11111111111111010110001001010011
11111111111101100110101100001001
00000000000000110010100111101011
11111111111101111111100110100110
11111111111100111000101011101001
11111111111100011000010100110011
11111111111110100110110110111100
11111111111100111011101101001101
11111111111111001101100011000111
00000000000010010000100100001011
00000000000000000001101011010001
11111111111111011111110011011010
00000000000000010000110001000000
11111111111111000101110001101100
00000000000010000001101100101010
00000000000000110110110100010111
00000000000010010101100000001000
11111111111111000010101100100101
00000000000000010001100001110101
00000000000010111100011001100101
11111111111110111000001110111011
11111111111101000000010001110110
11111111111100111101001100001111
11111111111101110100101100110111
00000000000010001001000110000110
00000000000000011100110110100100
00000000000001001101001111010010
11111111111110111001001000110010
11111111111100110101111000111110
00000000000000000000010111000101
11111111111111010110101101110011
11111111111110101010110001110011
11111111111111110001000011011000
11111111111110101011000000111101
11111111111101101110000111010101
11111111111101101010100100001010
00000000000010001110001100011111
00000000000000101010001101011010
11111111111111010011100001011010
11111111111101111100110000100101
11111111111101011001111101000110
11111111111101001011011100110110
00000000000001001101001100010111
00000000000010011110110111001101
11111111111110001111111000000100
00000000000001101110100110000011
11111111111100100001111010100000
00000000000000111101100000000011
11111111111100110100010110001111
11111111111111010111010010111011
00000000000011000000011101011111
11111111111110111010000001110100
11111111111101111001000101101001
00000000000000100110000101111110
00000000000001000110111101110000
11111111111101111000110000111011
00000000000000011110111000011110
00000000000000100000001001101100
11111111111111111001100010011101
00000000000000000010110000011000
11111111111110110101100100010010
11111111111110001000111011010101
11111111111101001011100111111011
11111111111110000011101111101101
11111111111101101100111100001001
11111111111101011110100100110001
00000000000000100100101000110011
11111111111100110001011110100111
11111111111101110001101100100000
11111111111111110000111110010000
00000000000000110100100010101110
11111111111100000111101111011101
11111111111101101111011000000111
11111111111110011101101100001101
00000000000001001011010010110000
11111111111101111010101100001101
11111111111111100100110111010100
11111111111100010101010111111110
11111111111100001011101111110111
11111111111100100010000101010010
11111111111101011001111001111010
11111111111100110100010100000011
00000000000000010111010011101100
11111111111101100011101110011100
11111111111100011101100001101100
11111111111111111110101100010101
11111111111100011100110000001111
00000000000010111011000010100001
11111111111110011001011110010011
00000000000010110000100011000010
11111111111101011010010010101110
00000000000001000100111101111011
00000000000000110010100110111101
00000000000000111101001100101100
11111111111110001011100100111011
11111111111101100010100011110010
11111111111101101010100010001101
00000000000001001101001000010100
11111111111110000011010100110001
11111111111111101000011100100110
11111111111101011011001000011001
11111111111101011011101101110101
00000000000001000110000000100100
11111111111110010111000000001100
00000000000001111011111100011011
00000000000000101001010011100100
11111111111110000011000100011011
00000000000001001111100111111010
11111111111111000110100100111010
00000000000001010000110100011010
00000000000000011000110111101101
11111111111111000010100100001010
11111111111111000000011001010011
11111111111100111101000101000001
00000000000001011111010111000100
00000000000010011001010100010000
00000000000001101001101010010111
00000000000000110010001101001000
11111111111111111000000000000110
11111111111111011001111011110110
11111111111110000100100100101000
11111111111110001111111010010011
00000000000000001000011010110000
00000000000001101000001110111101
11111111111101011111000111101101
11111111111111100100011000110101
11111111111111101110100000101110
00000000000000101111110011101110
11111111111110010100001100001100
11111111111111010101011111010000
11111111111110100111000011010001
11111111111100001100101010100110
11111111111111101010001100000000
11111111111101110111110000001001
11111111111110001100101011111000
00000000000000100001101110001011
00000000000001110000000100110111
11111111111110111010001000110011
11111111111111001011011100001111
11111111111111101001000110111101
11111111111110100010010010101001
00000000000001110111110000010110
00000000000000011000111001111100
11111111111100011110001000111110
11111111111111101000111011100100
11111111111101110011110100000110
00000000000000010010101011101001
11111111111100001010000110001011
11111111111101001011101010110111
11111111111110010110010010110010
11111111111100001101101011011001
11111111111101100000100110101100
11111111111110101011101100101001
11111111111110001000101101100000
11111111111110001111010100101101
11111111111111001101011110101101
00000000000001011011100010100000
11111111111100011000011110010000
11111111111100111111111100000100
00000000000010010011101110010010
11111111111110010111001000011010
11111111111101110100011110011001
11111111111101100001110110100000
11111111111101010010001000110001
00000000000010010111101010111011
00000000000000011100110110000110
11111111111101010011101101101010
00000000000010010100101010000001
00000000000010000001101011111111
00000000000001010000100100100001
00000000000000110100110100101101
00000000000010010100000111000011
00000000000001001110011011101000
11111111111101111000000100011111
11111111111111001010101100110101
00000000000001111101111111010101
00000000000010100001101110101011
00000000000010110101001010000010
11111111111100111111101101011001
00000000000001011100100000000111
11111111111101011011111001100010
11111111111110001001111100111110
11111111111110111100001100100111
00000000000001000010101011001110
11111111111111000010110101110101
00000000000001001011011001001110
00000000000001011100100010100101
11111111111101000100010101100010
11111111111101110011101011100011
00000000000000010011101001000111
11111111111100110100000110000011
11111111111110101011111010101011
11111111111100001001000011000010
11111111111101001011110101000100
00000000000000010111100001010001
11111111111111111111100001010000
11111111111110100011011101111100
00000000000000011101111110001110
11111111111111100001011100001000
11111111111111000010101000010100
00000000000000111001111100110110
11111111111100000100101010101100
00000000000001001110111111011001
11111111111100001000001000101111
11111111111110011011010010001100
11111111111100111010101101100000
11111111111101010100110011101110
00000000000010010001111101001100
00000000000000110100010101100001
00000000000000101110011100100110
11111111111111111110101101011100
11111111111101011010011111011101
11111111111101110010001010111101
00000000000001000111110011001111
00000000000010010100100101001001
00000000000001001010110001111011
11111111111101001111000010001101
00000000000001110001111000101000
11111111111111101000111001100001
11111111111100111100111001101011
11111111111110000111100000100000
00000000000001100101011001000100
00000000000001010100100101110111
00000000000001001000010111101010
11111111111110010111101011101011
00000000000000001110010000110010
00000000000001000001110100101101
11111111111111100010110000100101
11111111111101001000000100001100
00000000000000000110011010111111
00000000000000110100000001101000
00000000000000100001100100011100
11111111111110011111110110011010
11111111111101100100100100111110
11111111111110101011000110011110
11111111111111000100111000000111
00000000000000010111110010000000
11111111111100000110011110011000
11111111111110001111011110011111
11111111111101101011100101001000
11111111111110010101011110011011
00000000000001101101010000011101
11111111111110101001100000100110
11111111111110010000101110101010
11111111111110000001110010110100
00000000000000100001111010101000
11111111111100101100111111100111
11111111111110101111101110100100
00000000000001101101101110111000
11111111111100111110111110101011
11111111111100101011001100111011
11111111111111110110000001000001
11111111111110101011101110110110
11111111111111011101000101110011
11111111111111000111101000100001
11111111111101100101101001000011
11111111111110111001001100010111
00000000000000000011011010100101
11111111111101011100010100100100
11111111111101111100011110011010
00000000000010000100010011101100
11111111111101000111001101000001
00000000000001100001011110011011
11111111111111100101111101111111
11111111111111000111100111011100
11111111111110010000001011101001
00000000000010011100100010011110
11111111111101111111010100111100
00000000000001110110011110011110
00000000000000111101101110000011
00000000000001110110001000101111
11111111111100101000110000001101
11111111111101110110001111100000
11111111111101010011110101110101
11111111111101101011010001110000
11111111111110011101000101000011
00000000000010001010100001100001
00000000000000100001010100011010
11111111111110011000100011001011
00000000000001111101100011000001
00000000000001101010101010101000
00000000000000110001100110011010
11111111111100100100001001000110
00000000000000101111001111011110
00000000000000001001111110000011
11111111111100101100010000110111
