11111111110100010001010010111000
00000000000001101101010011100101
00000000000011001101101111001010
11111111110101001010001101010101
00000000001010101010010000001110
11111111111001111110011000000001
11111111110010000111111001100100
00000000000010001000010000110011
00000000001001100101000101110010
11111111110101011010101011011000
11111111110101101101110101111100
11111111111110110101010110110101
11111111110101000011000100000011
11111111110110011111100000001110
11111111110010011111110010010110
00000000001110001001010010010101
11111111101001110100011110010001
11111111110000101000000010101010
00000000010001101000101100111100
00000000000010011110001001101100
00000000000111100110010010101000
00000000000101001001011111000000
00000000000111000110000111011100
11111111110101101001111111011111
00000000000110000101011001001111
11111111111101111011010111001001
00000000000110011110111111001001
00000000001100001101000111011001
11111111101110111101100000100010
00000000000100110111101111011011
00000000000111011000100000111000
00000000000101100101010000110011
00000000000000000101110111011011
11111111110101011101001001100100
11111111110101111110110011000010
11111111111101000100001010100100
11111111100101101011001001100111
00000000000011111100110110001001
11111111111100100101101100011101
00000000001001111001100001000111
11111111110100011000100000110010
11111111111010110101101111010100
00000000000111100010111011101101
00000000000110101110110011000000
11111111111010111110110000011000
00000000001001001000000000011000
11111111110111100111100100001000
00000000001101011011001011111010
