11111111110111001011001110110000
00000000010110101011010010000011
11111111111011101101110010011111
00000000000010011110110001010110
11111111111001000110000000001111
11111111110111001100010110011001
00000000000000000011001110101101
11111111111101111111111101101011
11111111110011000001010001101011
11111111111101000110111001010101
11111111111111011101010011001001
11111111110000101100000100101000
11111111101101111110111010101110
00000000001011101100110110011100
11111111110110110010100111101101
00000000001001001100101101110110
00000000001000001100011100011101
00000000000010110111000100101011
11111111111101111001011110111010
11111111111101010100011011001010
11111111111100110000001101100101
11111111101011000110110000110011
00000000001010000100001010000010
00000000000011110010011101101100
11111111111111110110110011110110
11111111101100001111000101010111
11111111111001111011000011001000
11111111101100010001011000110100
11111111111010100101101010111011
00000000000001101011110100111010
00000000000010011010010101100011
11111111110010101011001111000101
11111111111110001100110110100110
11111111111110111111011011001110
00000000000110111110011001000100
11111111110111011111000110111110
00000000000111111000011100101010
00000000001001101001101111110110
00000000000100110000001101100111
00000000001000100001011100000010
11111111101110111101101100010010
00000000001001111110010010000000
00000000010001100001011000111100
11111111110100001101100010011001
00000000000011101111010100101000
11111111011111111100000111111100
11111111111001111000000000000010
11111111111111001011100000110001
