11111111110010010010000010010100
11111111110001100010010000001100
00000000000000101111011001111000
11111111111101100011110111001100
11111111110001011011111100111000
11111111110000110011000011011000
11111111111110000100010111000101
11111111110001010011010011010001
11111111111110000000001110001100
00000000001110001101101111111011
11111111111111001010001010001000
00000000000110111100100110000100
00000000001100101011010000111111
11111111111111110101110001010010
00000000001001001100010101011000
00000000001011011011100110110111
11111111111010111100001100011111
11111111111111110101111010001010
11111111100110100010110001110001
00000000000011110100110000010001
11111111111010011011000010000010
00000000001011110110001011110011
11111111110011000001001000111011
00000000001001011100000001000010
11111111111000100101010101101110
00000000000011010110111100011111
11111111111110010011000100011011
00000000000110011010001011110001
11111111111010011001011000101010
11111111111101101101011110110110
00000000000001011100000001010100
00000000001001100010100010000000
11111111110110011011011001101000
11111111111101111111011110101011
11111111110001010111111000011000
00000000001011001101100000101100
11111111101110000111100000000110
00000000001011011101000010110110
00000000000101001010001001111010
00000000000101101110011101101010
00000000001001000001010001010111
11111111110100010110101110110000
11111111101000111010100001000100
00000000001101011011100000111010
11111111111101100110110010111110
11111111111100001011001101010001
11111111111011010001100110100110
00000000000111010000111001111000
