00000000001110000111101010011110
11111111110010111011011100111000
00000000000110011010000011110011
11111111110111101111011010100111
11111111111011000111011000110110
00000000000100101101010110010010
00000000001010010001101110000011
00000000000010011001010010010001
00000000000111110101100111001011
00000000000101011111101001101100
11111111111100010001000110001100
00000000000101110111110010001100
11111111110100011010011111100101
11111111111100000001110111100101
00000000000111011110010100001010
11111111110000001010000011110100
11111111111010100101111000100101
11111111110001111100100011101101
11111111101011010010111111111101
11111111111110010000000001111110
00000000000010100101011000010100
11111111111010000101010011101101
00000000001000011101110001101010
00000000000011111111110001100110
00000000000110101101011011001100
11111111110011000010010000011000
11111111110110001111010010011010
11111111111100010111101010001100
11111111110000111110101001110000
00000000001110110010101001100001
11111111110101111111101100011011
00000000000100111100000000001001
11111111110110011010001100011110
11111111111011100001110010011000
11111111111111101011010111010000
11111111110001001011001001000100
00000000001101111100110000100011
00000000000110110110101001111100
00000000000001011101110101101101
00000000000110111010101110100000
00000000000011111101101111010000
00000000001000011100100110110110
11111111111011000111100110110000
11111111111011100100010010011100
00000000000110010111111011111101
11111111111000001001110010011000
00000000000001111010111101000001
11111111110110100111000010110100
