00000000000010010011111111001001
11111111111011111100111101000111
11111111111011000010101101000001
00000000000010110110011011000100
11111111110010010110100111001010
00000000001101000100000000110111
00000000001001111100111000111011
00000000001100100001100110011011
11111111111010110101010110111010
11111111111110011100111001110110
11111111111001011011100110111101
11111111101001100110110001110110
00000000000111101001011110010111
00000000000101101001011010000101
00000000000100111111010000000010
00000000001111100000100010100001
00000000000111110001100000101001
00000000000111111110101001000000
11111111111100011011100111101011
00000000000011010000100101001110
11111111111001000111100010111010
11111111111111101001111011111000
11111111101101000011101011000111
11111111111111100111111001101111
00000000000000000111011001001110
11111111111111011101110001101100
11111111111011111110001111011111
11111111111111000011010001001101
00000000001011110100111100110101
00000000000001010110100001010010
11111111101100001101011010001101
00000000000110011100111110111011
00000000000011110101110110100111
11111111111000101100010001010101
11111111111001101101100011010011
00000000000001111111011100001110
00000000000110001010111100111000
11111111100101111001100011100010
11111111110100001000001101010110
11111111101111100111010110010010
00000000001010110110000001010011
11111111110110000100110110010100
11111111111011000001000111101001
00000000000011101001100010001001
00000000000100100111011100010011
00000000001110001011001111110011
00000000000001110101101001001101
00000000001010010011111100111111
