11111111110100010101011110111111
00000000000001010100100100001001
11111111110111000100001101100100
00000000000001110101110101010100
00000000001100110001000110001010
00000000000100011111110110111011
11111111110100001111010111101000
11111111110101011111111111100110
11111111111101100001001100100000
00000000001111010110001111000010
11111111111111111101011111010001
00000000000000111011111110110011
00000000000011000101000110101100
00000000000110110111100101010110
11111111111110110110000001101111
11111111111100100111110111110011
00000000001001111111110101110100
00000000010000111101010000110110
00000000001000001111100110011110
11111111110111101011000001011110
11111111111011001011101010011101
11111111111011101101000000100111
11111111111101010010110000011111
11111111110001110000010000110011
00000000000100001011111010101010
00000000001011000011000010100001
00000000000110101000001001111100
11111111111010001100111100001001
00000000000111011011100011111010
11111111110111000011101110111101
11111111111001111001100111101101
11111111011101101010100111001111
11111111111001111111010110100101
11111111111000010000110111110010
00000000000110110000011000101001
11111111111011111011110010111101
11111111111110111001110111101000
11111111110011111010111101000111
11111111111110100010110100001001
11111111111011001000010100011100
11111111100111101011001110011000
00000000001110000110100010011001
00000000000100011100110110111110
00000000001100110010100001101110
00000000000000101100101100100000
11111111110100000111010111011101
11111111111110111000110100100010
11111111101111010001010111111001
11111111110100010001010010111000
00000000000001101101010011100101
00000000000011001101101111001010
11111111110101001010001101010101
00000000001010101010010000001110
11111111111001111110011000000001
11111111110010000111111001100100
00000000000010001000010000110011
00000000001001100101000101110010
11111111110101011010101011011000
11111111110101101101110101111100
11111111111110110101010110110101
11111111110101000011000100000011
11111111110110011111100000001110
11111111110010011111110010010110
00000000001110001001010010010101
11111111101001110100011110010001
11111111110000101000000010101010
00000000010001101000101100111100
00000000000010011110001001101100
00000000000111100110010010101000
00000000000101001001011111000000
00000000000111000110000111011100
11111111110101101001111111011111
00000000000110000101011001001111
11111111111101111011010111001001
00000000000110011110111111001001
00000000001100001101000111011001
11111111101110111101100000100010
00000000000100110111101111011011
00000000000111011000100000111000
00000000000101100101010000110011
00000000000000000101110111011011
11111111110101011101001001100100
11111111110101111110110011000010
11111111111101000100001010100100
11111111100101101011001001100111
00000000000011111100110110001001
11111111111100100101101100011101
00000000001001111001100001000111
11111111110100011000100000110010
11111111111010110101101111010100
00000000000111100010111011101101
00000000000110101110110011000000
11111111111010111110110000011000
00000000001001001000000000011000
11111111110111100111100100001000
00000000001101011011001011111010
00000000000011000100000011000101
11111111111011101101100001101111
11111111111110101000100000000111
00000000010001011110100111011111
11111111110011100011000000110001
11111111111101001101100101010001
00000000000101001000111110111100
11111111111111111111101111111111
00000000001000010011011010110110
11111111111001101011101100110010
11111111111010011111011111100100
00000000000101110110110010011011
00000000000000001010001001001001
11111111110111101110111011011110
00000000000111111001110110011100
11111111101010111010111001110100
00000000001000110110001111001000
11111111101111101011001000101110
11111111110011111111001100001110
00000000000110100100100010111011
00000000000000011110011001000111
00000000001101100011010001001000
11111111101110010101001101001110
11111111110010010110001011111100
11111111101110110000001101010100
00000000000000010110001000001111
11111111111111011000111000011111
00000000000111011111011101011110
00000000001000110101110100010101
11111111111011011110101011011010
00000000000101000011101011010110
11111111110110010001011111110100
11111111101100001100010000111101
00000000000010011010111001100100
11111111110000111111110010110111
11111111111110111000101001011111
11111111111110001100010011010011
00000000001100100000011110110110
00000000000101100101110101100101
00000000001100011001111101011001
11111111110000010010001000010010
11111111111000001011101101101110
00000000001100000110111001011100
11111111111001010010010011001000
00000000000110010100010010111100
00000000001000000010000110101001
00000000000010101101100001110111
11111111111101010111000110011000
00000000000110100101101000010000
00000000000100101000101101010111
11111111110100100100001110110000
11111111111010001100100101000100
11111111111001010111001110110111
00000000000010010010101010100110
11111111111110011101111000000011
00000000001000000100001001001100
11111111110011110111100100000100
11111111111100111101011011011101
00000000000100011001010100111010
11111111110110010010010010000010
11111111111010100111000111111111
11111111110110010000111111011001
00000000001000110100111100010111
00000000001111000001111101101000
11111111110110010010001110001110
00000000000011001010110001111100
11111111011101111000010111110011
00000000000101100011101101000110
00000000000001111010011001011000
11111111111101110011101010100000
11111111111111010111101101110010
00000000000100000110100111111000
00000000001000100001110100111110
00000000000010011010000110001100
11111111111001000010001001000001
00000000001011101011101011001101
11111111110010010001100101101001
11111111101100110110010011001100
11111111111111010000111110110000
00000000000001101010010110010010
00000000000110011101100111110011
11111111111110100110011001101000
11111111111001101100100110010000
00000000010000101011100111010001
00000000001010001100011010000100
00000000001001111010110011010011
00000000001000110100011000000100
11111111110111110011110001101111
11111111111001101100101010101011
11111111111010101000011100111110
00000000000011000000111000100010
11111111110100110000001011001101
11111111111101100000010000101100
00000000001001001010101110101000
00000000000100100111010110001011
11111111101000011100100001110100
11111111111110101101111010100011
11111111101111010101011110000010
00000000000001010001010110110100
00000000000100000001100000001100
00000000001000101001001011111101
11111111111001111010001001000001
00000000001111101011010011011000
11111111110101000111010011100100
11111111111110001011010011111100
11111111101000010010010101110001
11111111111101111111101001110101
11111111110110110111011101010111
00000000001100000000101011100001
00000000001110011011110000110010
11111111111111100010001111001101
11111111111000010010001111100101
00000000000111110010110011011111
00000000011000011000001000010110
00000000001001011000010001101110
11111111111001100111101100111110
00000000000111001101100001110110
00000000000010010001111110000000
11111111110101100011000000110111
00000000000100111100011001010000
11111111101000100011011110110011
11111111101010010111010011011010
11111111111000010110111011101100
11111111111001100110100011000010
11111111111110011101100110010111
11111111111110001000101110000010
11111111110100110110010101110001
00000000000110100000111110101011
00000000000111110010000010111101
11111111111000000010100101101010
11111111111001111101011111011010
11111111111011010000100000010001
11111111110111001001010010010000
00000000000001100010100000001010
00000000001001101010010010111000
00000000001000100101001000110010
00000000001010111001110111101110
11111111110011001011010111000001
11111111110110110010100011001110
11111111111011111100000010010000
11111111111010100011011100001010
00000000000010101010111100011001
00000000000100011001000111101101
00000000001110001000101011100100
00000000001000000010110001011110
00000000001101010011001000110010
11111111111101101110000111111000
11111111111111001100011111100110
00000000000101001001010000100111
00000000000010101110110111101111
11111111111001101011010000011000
00000000000011000001100101101000
11111111101000010010011111100101
00000000001011011111110010111110
00000000000001101100101001001000
00000000000011001011011010100000
11111111111001110000111011111001
00000000000101101111100011001000
00000000001000111100010100101011
11111111101100100010001001001000
11111111110100100101101011000010
11111111101101000111001000100110
11111111100101111010101000101000
11111111111100111000000010101111
11111111111101110101110111010000
11111111101011110001110000011111
00000000000010011100100101101111
11111111111100010110000100101010
11111111111011000001001101100101
11111111110010110001101010000100
11111111101111110010000110000011
11111111111100111111111000011010
00000000010010010111101001001011
11111111111111010011000010101110
11111111111101110111010101001101
11111111110111100100000100011110
00000000000011000110101100100010
00000000000010110000101111110110
11111111111001001010111111111110
00000000000100100111110001100110
11111111111001110010100111110011
00000000000011110100001100010111
00000000001100010111001100110011
00000000000011101100011100101011
00000000010000010001011101000011
00000000000101000011110010110101
00000000001100001000001111010010
00000000000110001011110101010110
00000000000111101100100001001110
00000000001011011001101111110010
11111111111010001110011100111111
00000000000111110010000100001110
11111111110111001011001110110000
00000000010110101011010010000011
11111111111011101101110010011111
00000000000010011110110001010110
11111111111001000110000000001111
11111111110111001100010110011001
00000000000000000011001110101101
11111111111101111111111101101011
11111111110011000001010001101011
11111111111101000110111001010101
11111111111111011101010011001001
11111111110000101100000100101000
11111111101101111110111010101110
00000000001011101100110110011100
11111111110110110010100111101101
00000000001001001100101101110110
00000000001000001100011100011101
00000000000010110111000100101011
11111111111101111001011110111010
11111111111101010100011011001010
11111111111100110000001101100101
11111111101011000110110000110011
00000000001010000100001010000010
00000000000011110010011101101100
11111111111111110110110011110110
11111111101100001111000101010111
11111111111001111011000011001000
11111111101100010001011000110100
11111111111010100101101010111011
00000000000001101011110100111010
00000000000010011010010101100011
11111111110010101011001111000101
11111111111110001100110110100110
11111111111110111111011011001110
00000000000110111110011001000100
11111111110111011111000110111110
00000000000111111000011100101010
00000000001001101001101111110110
00000000000100110000001101100111
00000000001000100001011100000010
11111111101110111101101100010010
00000000001001111110010010000000
00000000010001100001011000111100
11111111110100001101100010011001
00000000000011101111010100101000
11111111011111111100000111111100
11111111111001111000000000000010
11111111111111001011100000110001
11111111110010010010000010010100
11111111110001100010010000001100
00000000000000101111011001111000
11111111111101100011110111001100
11111111110001011011111100111000
11111111110000110011000011011000
11111111111110000100010111000101
11111111110001010011010011010001
11111111111110000000001110001100
00000000001110001101101111111011
11111111111111001010001010001000
00000000000110111100100110000100
00000000001100101011010000111111
11111111111111110101110001010010
00000000001001001100010101011000
00000000001011011011100110110111
11111111111010111100001100011111
11111111111111110101111010001010
11111111100110100010110001110001
00000000000011110100110000010001
11111111111010011011000010000010
00000000001011110110001011110011
11111111110011000001001000111011
00000000001001011100000001000010
11111111111000100101010101101110
00000000000011010110111100011111
11111111111110010011000100011011
00000000000110011010001011110001
11111111111010011001011000101010
11111111111101101101011110110110
00000000000001011100000001010100
00000000001001100010100010000000
11111111110110011011011001101000
11111111111101111111011110101011
11111111110001010111111000011000
00000000001011001101100000101100
11111111101110000111100000000110
00000000001011011101000010110110
00000000000101001010001001111010
00000000000101101110011101101010
00000000001001000001010001010111
11111111110100010110101110110000
11111111101000111010100001000100
00000000001101011011100000111010
11111111111101100110110010111110
11111111111100001011001101010001
11111111111011010001100110100110
00000000000111010000111001111000
00000000001110000111101010011110
11111111110010111011011100111000
00000000000110011010000011110011
11111111110111101111011010100111
11111111111011000111011000110110
00000000000100101101010110010010
00000000001010010001101110000011
00000000000010011001010010010001
00000000000111110101100111001011
00000000000101011111101001101100
11111111111100010001000110001100
00000000000101110111110010001100
11111111110100011010011111100101
11111111111100000001110111100101
00000000000111011110010100001010
11111111110000001010000011110100
11111111111010100101111000100101
11111111110001111100100011101101
11111111101011010010111111111101
11111111111110010000000001111110
00000000000010100101011000010100
11111111111010000101010011101101
00000000001000011101110001101010
00000000000011111111110001100110
00000000000110101101011011001100
11111111110011000010010000011000
11111111110110001111010010011010
11111111111100010111101010001100
11111111110000111110101001110000
00000000001110110010101001100001
11111111110101111111101100011011
00000000000100111100000000001001
11111111110110011010001100011110
11111111111011100001110010011000
11111111111111101011010111010000
11111111110001001011001001000100
00000000001101111100110000100011
00000000000110110110101001111100
00000000000001011101110101101101
00000000000110111010101110100000
00000000000011111101101111010000
00000000001000011100100110110110
11111111111011000111100110110000
11111111111011100100010010011100
00000000000110010111111011111101
11111111111000001001110010011000
00000000000001111010111101000001
11111111110110100111000010110100
00000000000010010011111111001001
11111111111011111100111101000111
11111111111011000010101101000001
00000000000010110110011011000100
11111111110010010110100111001010
00000000001101000100000000110111
00000000001001111100111000111011
00000000001100100001100110011011
11111111111010110101010110111010
11111111111110011100111001110110
11111111111001011011100110111101
11111111101001100110110001110110
00000000000111101001011110010111
00000000000101101001011010000101
00000000000100111111010000000010
00000000001111100000100010100001
00000000000111110001100000101001
00000000000111111110101001000000
11111111111100011011100111101011
00000000000011010000100101001110
11111111111001000111100010111010
11111111111111101001111011111000
11111111101101000011101011000111
11111111111111100111111001101111
00000000000000000111011001001110
11111111111111011101110001101100
11111111111011111110001111011111
11111111111111000011010001001101
00000000001011110100111100110101
00000000000001010110100001010010
11111111101100001101011010001101
00000000000110011100111110111011
00000000000011110101110110100111
11111111111000101100010001010101
11111111111001101101100011010011
00000000000001111111011100001110
00000000000110001010111100111000
11111111100101111001100011100010
11111111110100001000001101010110
11111111101111100111010110010010
00000000001010110110000001010011
11111111110110000100110110010100
11111111111011000001000111101001
00000000000011101001100010001001
00000000000100100111011100010011
00000000001110001011001111110011
00000000000001110101101001001101
00000000001010010011111100111111
