00000000001011001110000001101000
11111111111111101001101010110101
00000000001000000101110010011010
00000000000110001100000010101011
00000000000010001101101000111010
11111111111100101110000100010101
11111111111010001011100111000111
11111111110011100000011110010111
11111111110110000001011111011010
00000000000111011001111100011111
11111111111010110010111011010000
11111111110110111101010101100011
11111111111110101010011001111101
11111111111110000001111011111001
00000000000011010000011000111110
11111111111001101101000100100010
00000000000001101010111000001001
11111111111110010101011110110100
00000000000010100011111100111100
11111111111010111001001000111010
00000000000100011101010010110101
11111111111111111111011110001110
11111111111111011011110111101110
00000000000001101111011001110111
00000000000000101001001110001001
00000000001011010101111101101100
00000000001100101110011100011111
00000000000101010011001100111101
11111111111100010110111001011011
11111111111010101110010000000000
11111111111011001100011110001001
11111111111011011000011001101101
11111111111100010111100011011001
11111111111010010101010000111101
11111111111101000110010111110010
11111111101101000111101100100100
11111111111011010110100001110011
00000000000101101100010011101100
00000000000010110111010100101110
11111111111110101110011001001111
11111111110111001011000011011010
11111111110111111000000101111111
11111111111010001111111100000000
00000000000101010000000111100111
11111111111110001111110011101111
00000000000010011000101111011111
11111111111110111010010001011100
11111111110100111000101011101110
11111111111110010101000010111011
11111111111011110001111111110110
11111111111111100001101011111010
00000000000000001110001000011100
11111111111111101110000101000001
11111111111001001101100111111010
00000000000001000100000111100010
11111111111111111000100011100101
11111111111010100110010100101001
11111111110101011000100000110111
00000000000110011111001000101010
00000000001001001010000100000110
11111111111110011110011011001010
11111111111011000010110100010100
11111111111110000110000110000101
00000000000111000010000010000101
11111111111010010110100000010101
00000000000001000101101001001000
11111111111100011010110011101110
11111111111111001101110011011011
11111111111100001101010100101110
11111111111001000010010010000111
11111111111110111110100101011101
11111111111000110111110001011101
00000000000001001010101000011110
11111111111111100000101101000010
00000000000010001101101111100011
00000000000101000100001110011001
00000000000101011001001001100100
11111111111100000101010110000100
11111111111111111001000001100110
11111111111110100011100110001010
11111111110110110111001001100000
11111111111101110001000010011010
11111111111101110110100001100001
00000000000000011010100100110101
00000000000010011001100111110101
11111111110001011100100011101101
11111111110110110000001111110011
00000000001000011001011110000000
00000000000100001001000101101110
00000000001011100101100010100010
11111111111001100101101110011001
11111111111100000011101100001011
00000000000011010101000010000000
00000000000001101101001010001000
00000000000111000110101100001000
00000000000000110001101110010101
11111111111110111011110011101111
11111111111010011110100101111001
11111111111100001111101101001001
11111111111111010010110001110100
00000000001100110011111011100011
00000000000011011000110001010111
11111111111101010111010111100010
00000000000000010000010110110010
11111111111101000110101100101100
11111111111101111010100110101101
11111111110111101001111011001010
11111111111100110110110101000010
00000000000001000111100110101001
00000000000000110001010010100101
11111111101011101011110101011000
11111111110110010101110100000100
11111111111110110110000100010010
00000000001010011010110110011110
00000000000111010110111010110001
00000000000001110001100001000011
00000000000011111010001100001101
11111111111111011110011011011010
00000000001011101111000011101111
00000000001101100101110000101111
00000000000010010111000101110111
00000000001001000000000111010000
11111111110111101100110001000111
11111111110101011100101010111011
11111111110101111010110101011010
00000000000111011101001100000111
00000000001010110011111101110111
00000000001001011100100101100101
00000000000111010001111100101001
11111111110101111111010111111010
00000000000110111000100101011110
00000000000100001111011000101001
11111111111111000101010100111111
11111111111100000101111100010100
00000000000001001000101011100100
00000000001000111011001111101100
11111111111100101001010000000000
11111111111010010010001001010100
00000000000010100001010011010011
00000000001110100110000001110010
11111111111110111111001110101110
11111111111011110001101100010110
11111111111111111110100110100111
00000000000001000111011111001110
00000000000011001011111110000111
11111111111101100000100100100011
00000000000011010100111010001101
00000000000100010101111000110010
11111111111101011101110001100100
11111111110111111001011100010101
00000000001100110010000100100110
00000000001111110000011011000000
00000000001000011001000100011100
00000000000110100000010001101011
00000000001110111011010101011011
00000000001010111101100101010000
11111111111111010100111100100110
00000000000111100000111000000110
11111111111111000000010010100001
00000000001100011111100101111110
00000000010110010101111000100110
11111111111010100111001001000001
11111111111010101110000011101000
00000000000010010010001011000001
00000000001000100111101110110000
00000000001101001101101010110000
00000000000100010011110100111001
11111111111011100100001000001001
00000000001010101001000011101000
11111111111100011010111110000100
11111111111111101110010001110101
11111111111011101111111111111101
00000000000110100001110101000110
11111111111011001001100110101101
11111111111110101100010011111101
11111111111010111000101001011010
00000000000101100001110110100111
00000000000101110010101011001000
00000000001101010111011001100011
00000000000101010110111100100100
00000000000011101101000010100000
11111111111011000111010111100100
11111111111011110101000101100011
11111111111001101110011110111011
00000000001111001000001010111100
00000000001010001100001111000110
00000000000011011000001000101000
00000000001001000000110101111000
00000000000011110101100100001101
00000000001010000110111011111111
00000000001011000000111111010011
00000000000100101110110100000101
11111111111110110101011110101000
00000000000010110111100111001101
11111111111000010000100010011010
00000000000001001001001010100110
11111111110101111110010111100101
11111111110110001000000001110010
11111111111110100100111011101011
00000000000000010100110111101010
11111111101001111010001101101101
11111111111011101010101010001101
11111111110100100000100000001011
11111111111100000110100100001101
00000000000111010010011101101011
11111111111001111011110110010111
00000000001100001110011001101010
00000000000010011011001011010111
00000000001000100111010101110010
00000000001011101110100010011101
11111111111110100001110100001010
00000000001011110101000011010001
11111111111101101000010110101111
00000000000100010110000010001100
11111111111001101110000000010111
11111111111111000010100001101001
00000000000110000111100010010010
11111111111110010011100011110011
11111111111100100100011010000010
11111111111000110101101001110101
00000000000001011100001010010000
11111111111100110001001110111101
00000000000101100110101110100100
00000000001000100001001100100100
00000000000100100001111010010001
00000000000100100110011010110111
11111111111111111100110000000011
00000000000001101110011101101110
00000000000011001000100101111010
00000000000101010011001010111101
11111111111101110001101001101111
11111111111110011111110011111110
00000000000101011100010011000100
00000000000011001100010101001000
00000000000011101000011011101111
11111111110101100011101100010001
11111111111111001110110001000101
00000000000101111001111101101001
11111111111011101011100101110000
11111111111011000000011100000000
11111111111110000011000111111110
11111111111111000101010101101101
00000000000010100110001100010011
00000000000101110111011010000000
11111111111111011011110011001000
11111111111100001001100000100110
11111111111011100011100101100010
11111111111101000100011011011001
11111111111011111101010001101011
11111111110010100010010010100010
11111111111000100000100111111010
00000000000101010110111110101000
00000000000011011111000110011111
11111111111111110100100011101111
11111111111111011101101001010010
00000000000101100001001011101100
00000000000100111100010111010011
00000000001010010100011101010101
00000000000101001110000010111100
00000000000010001100011110010111
11111111110011000110110110101101
11111111110110001101000101011000
00000000000011100011111111111100
00000000000111001000010111101100
11111111111101110011101100110111
11111111101111100001110010110011
11111111111001101111011000111110
00000000000000101010101000111100
00000000000100000001000100011011
11111111111001100101100111010110
11111111111100010000100010011001
00000000000000001100111000110001
11111111111110111100010111001010
00000000000001001100001001011011
11111111111111100001001010010110
11111111111111011000100101110001
00000000001011010101010101110001
00000000001001101000110111010011
00000000000000101101000011100011
00000000000100101110000111001000
00000000000000000001101010111000
00000000000001100101010110010111
00000000000010100001111000111111
11111111111111111101100010100000
11111111111111000011011000100110
11111111111000010011011100000000
11111111111011110000111110010010
11111111111111101011001011010011
00000000000111100000000011000100
11111111111000101001001011100110
11111111111110010001111101111010
11111111110100000101001000110100
11111111111110101100010010010000
00000000000001111000001101111011
11111111110100001111000000101100
11111111111111010001110111100011
11111111111100111111000100100111
11111111111100111101000110001000
00000000000110100100110011010110
00000000000000001010011000001001
11111111111101110110110111111111
11111111110011110111100111001001
11111111111010011101010011010011
00000000000001110011010101010001
00000000000011010100010101001111
11111111111110101111011111011110
00000000001001011111011101011110
00000000001111010111001111001101
11111111111010110111011111010100
00000000000000001011101000000100
00000000001011111011101010111111
00000000001011010100000010110110
00000000000101000011111100011001
11111111110110101000101100101001
00000000000001001111011011001000
11111111111111001101010100011100
11111111111011010101010100101110
00000000000010101001111010111100
11111111111011011011110110000010
11111111111101101110000000001010
00000000000010101010100010010011
00000000000110101001100101001100
00000000000011100111011010111000
11111111111011111101100101110001
11111111111111110110000100000101
00000000001101011000010100100101
00000000000100110100111111100100
00000000001010111010110001100111
11111111111100011111101101010101
00000000001001000011010001110000
00000000000010100011010000110111
00000000000010100001111010111000
00000000000111110001011000000110
00000000000100000001101111010111
00000000000011111100011101011111
00000000000111110110011100011100
00000000001011111011110011000101
11111111111100100111110001101111
00000000000011011100100101011110
00000000001110011101000100000100
11111111111100000101001000001001
11111111111101011111110000100101
11111111111110100110000101100101
00000000000000000100010111011101
00000000000000001111010101010011
11111111111000110011110100001100
11111111111110010110001010000010
00000000000110111111110000001000
11111111110001010011110000101010
11111111100101110100001110101010
11111111111100110111011110110101
00000000000011001101001010011111
00000000001100001011011001110101
11111111111110100111010011001111
11111111111011100011011001010111
00000000001001110010110010010011
00000000001001100001011010101001
00000000001011101111001101001111
00000000000100010101010010000111
11111111111101111001001101100110
00000000010110110001011001111111
11111111110101010010111001101000
11111111110101011100011101111100
00000000000100101010000001100000
00000000010001100000101100100111
00000000010100000110111101000111
00000000000110011001001011011100
00000000000101000000100101110001
00000000000110000110001110101010
00000000010011101111110010001011
00000000001100010101110010010010
11111111111111100001011110100011
00000000000100000010001001101010
11111111111111011101110110001001
11111111110010011000000110000010
00000000010001001011100000011110
00000000000010111000100101101011
11111111111110111111111101111100
00000000000000000110000011111110
11111111111010110001100001110000
00000000001001100001110110111010
11111111111100110100101101110110
11111111111001110000010101001101
11111111111110100011101011101010
11111111111000010110100011100100
11111111111010101011011111001000
11111111111100010001101111100101
00000000000010101000110010010101
00000000000110101010011100000000
00000000000111011010001111001100
11111111111000000110000000111000
11111111110100101000110000011101
00000000000111100011111100000010
00000000000100100010010101001111
00000000000100010000010110000001
11111111111100000001100000011011
11111111111000000001101101000110
11111111110011101010001110110010
00000000000000010001001111100110
11111111101111100011010011110100
