00000000001000100000101101000011
00000000000111001010001110001100
11111111111111111100010111110011
11111111111001110110111010011100
11111111111111011111010000110100
00000000000010111101101010001001
00000000000101000101011100110011
00000000000011101111011010100001
00000000000111100010001001110101
11111111111111011010100001110010
11111111111111011101000000001000
00000000000011101000100011011101
00000000000110001100101011000010
00000000001001110001000011101101
00000000001011001010000110001010
00000000001000011110011011111101
00000000000111111001100111110110
11111111111111100010101111010001
00000000000010110101001010010010
00000000000111011101111010011010
00000000001000100101110110111011
00000000001100101001000101111111
00000000000001010001101010100001
11111111111111010100000010000001
00000000000011001011001101111000
11111111111101100101010101010010
11111111111110000010010110111000
00000000000100010011001101110010
00000000000111111110000110110001
00000000000010110111110011111010
11111111111110010000001100100110
11111111111111101011111001110010
00000000000011001101100011011110
00000000001000111001111111101101
00000000001001010011010001100100
00000000000001101000011001000111
00000000000010101010100000011111
00000000000011000100011101110101
00000000000100101100101000010101
00000000000010011111101111101111
00000000000101000000100111011011
00000000000101100111010111100110
11111111111001000110111111111111
11111111110101001000011101101101
11111111111110001000001101111101
00000000001001101000010001000000
00000000000011001110100111011010
00000000000011100001101000100111
11111111111011011000010011100000
11111111110001110010010101010110
00000000000010010011111001010110
00000000000011100010011010001111
11111111111110010111000110100000
11111111111111111011000000111101
11111111111001010111111101110110
11111111111101111110001000010000
11111111111110100010001001111000
11111111111110100110011000101100
11111111110110100101111110111011
11111111110110110010000010110001
00000000000100010011000111001001
00000000000001010101000100111001
11111111110101111101000101111000
11111111111110001111111001001111
00000000000010101111011010110110
00000000000111010111110110010111
11111111111001100110110110111011
11111111111110011011101100110000
00000000000100001010110000010001
00000000010100111001000111111001
11111111111101100011100010101110
00000000000101001110000100100111
00000000000011011001001001110110
11111111111101001011000111011110
00000000000001101100111101111101
00000000000000010111010101100110
00000000000011101110011011111110
00000000000101110000111111010001
00000000000010000110111110111010
11111111111101010000000011101001
11111111111010101111100000010111
11111111111011101110010111010010
00000000000110110111011100110110
00000000000010100001011010011001
11111111111111100010001110101101
11111111111001001111000001110101
11111111111001110100010010111100
11111111111111010111000011111110
11111111110111110011100000011001
11111111111000010101111010101000
00000000000010110010001001100010
00000000000001100001010100111001
11111111111001111010101101010101
11111111111111011011001000101010
00000000000001110001010100001010
11111111111001010000111000110000
00000000000011100101010001101100
00000000000100100000000010110100
11111111111111111100111000011100
00000000001101101001000101111000
00000000000101101111011011011010
00000000001100110000000000110101
00000000000101011101000110110001
00000000000100011001111001100111
00000000000001100001110111001100
00000000000100011110100101111011
00000000000111001001100101101100
00000000000101110010010000110110
11111111111110011010111010001011
00000000000011100111011110110000
11111111110111010110110000010010
11111111110101110011000110010010
11111111111100100011101010111110
11111111110011101001101110010000
11111111110001101011110101101011
11111111111000010000101101001110
11111111111110110101010100001100
00000000000110001101000010000000
00000000001100100101111010001001
00000000001001001011100011100101
11111111110011111110101001011001
11111111111000000010110111100100
11111111111100110011011000111110
11111111111100100100001111010110
11111111111100100111010111100011
00000000000101100100101101100001
11111111111111100110010001000111
11111111111100101111100110001110
11111111111001010010010100111011
11111111111101010010100101001000
00000000000101000110001001000110
11111111111101110110111001110010
00000000000001111010010010111010
11111111111110001101001111100111
11111111111000011111011011100000
11111111111111000110001010110000
11111111110101100101101100101111
11111111111000110001011101110101
11111111110010100001100100000100
11111111111011110100110111101000
11111111111110100111101110001110
00000000000101000010001111111111
11111111111001000110100110001111
11111111101111101011101011000111
11111111111011111001000100011110
00000000000010010011101010011111
00000000000011110101010110111101
00000000000001011110001110110100
00000000000001001000100000101100
00000000010001001011000110010000
00000000000101011111001111010110
00000000000010001101010111011010
00000000000010000000100101110111
00000000000111110000001101010101
11111111101100101111000110011100
11111111111000111000001001000010
00000000000010010100110101101111
11111111111101101111110000101000
00000000000010001101000100111100
11111111111001001011000110010101
11111111101111111010000110110100
11111111110111010011001111001101
11111111111100011000111010101111
00000000000011001000000010000100
00000000000111001000010111000100
11111111110000100111101100101110
11111111111010011010101001001011
00000000000100110001000000101100
11111111111011101111001000010101
11111111111110101110000101001011
11111111111000001000010000010001
11111111110111101010100101111011
00000000000001111000010011010101
00000000010000011111010101000001
00000000001110111101101011000000
00000000010111011011100001010100
00000000001010110000010000010011
00000000010110011100101100100010
11111111111101001000111010100100
11111111111000001010011001100011
00000000000010111111101101011100
00000000000000000110100011110011
00000000000010010101100001110000
00000000001001000000000100110001
11111111111010110000001011001111
11111111111100000010100100001100
11111111111010001101110110100110
11111111110111001100110111110110
11111111111110110111100101011000
11111111100101110000001000110010
11111111111100101011110110100100
11111111111110100010101111111100
11111111110100100010010001100000
11111111111100001100001101000001
00000000001000101001011101010111
11111111110101101101011101111010
11111111110101000111001100010011
11111111111001000111101111110001
00000000000100000010011000010000
00000000010001100100100010111100
11111111111101111001010001011101
00000000001101110010100111111011
00000000000100100001111000100111
11111111111010100010111111100111
11111111110100001101001111000000
00000000000111001010001000001110
00000000001010101011010010000001
00000000000011001100101000111000
00000000000010100100010001010011
11111111111000100110100110101011
00000000001111100110001110010011
00000000010000001010101101001110
11111111111000000000011101011010
00000000000011011010111111011010
00000000000011111011110110001000
00000000010011001000111000100000
11111111111000010010000000100101
00000000000001011010111101010110
00000000000101111001101000000011
00000000000101011101000111010010
11111111111110011001101011010110
00000000000100100011100001100111
00000000000011011110001101110100
11111111111101001101010000100101
11111111111111001001001011110010
00000000000011011100000100100011
00000000000000101101001000001100
00000000000011001011111101111101
11111111111100110000110011010011
00000000000001000001100110001001
00000000000011100110101110101000
11111111111110101111011010100010
11111111111100111010000000001010
11111111110110100010011100110010
11111111111001001000000100011100
00000000001000110001001111101000
11111111111110101011001000100111
11111111110100101010111001111011
11111111110111001101111000101111
11111111111010001000011010110001
11111111111101001001000101010011
11111111111110001100011100011111
00000000001001010000111010011100
00000000000101000110101010010000
00000000010101110001100100001011
11111111111110101011100101110001
11111111111001011111101110000110
11111111111001101011101110001000
11111111111101111000011000010011
00000000000000100111110110100101
00000000000011100101110001011001
00000000000001101000100101000101
11111111110111000001010101011001
11111111110101110111101111010111
11111111111011100110011111010100
00000000001011111001011100011011
00000000000111110101110110001100
00000000000000110111101010110111
00000000000010011001010001001101
00000000000010001111110011101011
00000000000101101001101001000100
11111111111011000101011111001011
11111111111001011010010100010011
11111111111111011110011011000000
11111111111110111011010110101100
00000000000110111011101111101001
00000000000111000110001010101000
00000000000001100000101000110100
00000000000011100111001010100110
00000000000011101110001110100111
11111111111110111111010111101101
11111111111011100110011110111100
00000000000111100100100101110101
00000000000100110101101000110100
00000000000011100001100111110010
11111111111001101100100001100110
00000000000010001100101011111000
11111111111100100011011101100001
11111111111110101100111110011101
00000000000100100000001001101000
00000000000101011000110110110101
00000000001011110100111011011000
11111111111011001110001111000111
00000000000000110010001011111001
00000000000100100011111010100100
00000000000100001001111111100111
00000000000001011011001100011101
11111111111100001011001000000100
00000000000101110110010101101010
00000000000010101101011100101101
00000000000011000000110001000010
00000000000110001100110101101101
11111111111100001110101100100100
00000000000000001110111010101000
00000000000100101000011001001111
00000000000101011010011001010000
00000000000110000011001010000001
00000000000100111110110111001100
11111111111010000110010110001111
11111111111111100001011101011010
00000000000000000101100111100011
11111111111000001110000111111100
00000000000001111101101000010101
11111111110110111110011111111111
11111111111111110111011101001000
00000000000001000000000101111100
00000000000111110001100100111111
00000000001100111010011001010101
00000000000011011100001110001001
11111111111011111100110000001100
00000000001100110010110011100100
00000000000001000110000000011001
00000000000011001010101001101100
00000000000010011100100011110110
11111111111100110101001010000001
00000000001011001101101000101100
00000000001000011111111100111111
11111111111110000001010110001110
11111111110111000001110111010100
11111111111011100110000100101111
00000000000100111010100010101111
00000000000001000001111101101001
11111111111011000011001100110110
00000000000000000010101101111001
11111111111110100000011011001111
11111111111111100001001101000010
11111111111001011101001000011110
00000000000110000110100100001010
00000000001001001001101101000101
00000000000110101011000111000100
00000000000011110001010101111100
11111111111111101010000100001110
00000000000000111000011101011111
00000000000110101101011001101100
00000000001011100010100100000100
00000000000000100000101110101010
11111111110011111101101011110001
11111111111010111011111100111010
00000000001111010000010010111101
00000000001101111111101110110110
00000000000100110001110001000001
11111111110111010001100101010100
00000000000000100000010010110110
11111111111001010111000111110011
11111111111011100001000000111000
00000000000100111010010000110001
00000000001010111100000000111001
11111111111101010011011100010110
11111111111100011101100100101000
00000000010100000000011001001011
00000000000100100101111110111111
00000000000011010010111010110100
00000000000001000010100010101011
00000000000001101110100000000000
00000000000011110000110100000100
00000000010001000100111100100010
00000000001010100001001101100000
11111111110110000101011010100100
11111111110100101000100100010010
11111111110001000000100011001111
11111111110101001100111000111110
11111111111001001110111100101011
11111111110101011100110101110101
00000000000000010000100110101011
00000000000011101101101101001101
11111111101110101000101110110100
11111111111000110001000111101110
11111111111111101011010100100010
11111111110001001001101001100000
11111111111110111011001011111011
11111111111011101001100010101101
11111111110011001110011110000101
11111111111000010100100111110101
11111111111001011000111111100101
00000000001010011011011010000001
00000000010000100001011001011000
00000000000110001001001110000111
00000000000111001000111011001010
00000000000100100101101010000111
00000000000101100100010100101011
11111111110110111100101000110111
11111111111011000011100111101100
00000000000010111100000101010110
00000000000011001000001110000100
00000000000110111101000011001101
11111111101111001010011001110101
11111111101101100110101000010001
11111111110111010100000111111100
11111111110010101011110010010101
00000000000000010100010100110011
11111111110101000011000101000000
00000000000000111111001011011001
11111111111111101011010100001011
11111111111101110000111010101011
11111111111001001000101011110011
00000000000010111000011110010111
00000000000100011010000001110100
00000000000001110000000101000010
00000000000010010100011000111111
00000000000111110001000110010101
