11111111111111100001110001101100
11111111111000010000100010010100
11111111111111101100111000001001
00000000000100011000010101100011
00000000000011101100001110110010
11111111111010011110010100110110
11111111111010001010000100111011
00000000000101110011000101011001
11111111111110111011100110111110
00000000000001010100010110100000
11111111110010011110100001101010
11111111111100011010000111101010
11111111111111000110001100111010
00000000000100000110100110000000
11111111111110110000000111110000
11111111101000111001100001010011
11111111111101111011001010010101
00000000000100101011111001100000
11111111111110111001111011110100
11111111111110100000011001111010
00000000001000011000000011010010
00000000001100111110000010101100
00000000000011010000010101111010
00000000000000100000101011110000
11111111110110100101000000101110
11111111111000111000001111110011
11111111111101110001010101011100
00000000000100010001101100110111
00000000000000111011111110101001
00000000001000000011100001011001
11111111110011100100101101101001
11111111111110100000011110111011
11111111111010010010110011011010
11111111111111001000101010000011
11111111111111000100011011111011
11111111110110110100011110010111
11111111110011010011010011000100
11111111110111100111110010100101
11111111111010110000101110000110
00000000000101011000110000011110
11111111110100011000101011000001
11111111111011100010100111010111
00000000000111100010111101100011
11111111111111010111001111010011
00000000000000010000111000100001
11111111111001011011110111110011
00000000000100100110010110100011
00000000001110010010100111101101
00000000000100101001110101011000
11111111110101001001000011100000
00000000000101110110011011011011
00000000001000010010011010101101
00000000000101010100000101101111
00000000000001111000011110111100
00000000001010101110110010011111
11111111111100110001011101101111
00000000001001001101011101101000
00000000000111010101100101010001
11111111110111010001111111001010
00000000000001101000100000110101
11111111111110011001100101101101
00000000000100101001110101011100
00000000000000010101011110011101
11111111110110111101101010111111
11111111111111001011111110110100
11111111111010111001001100111001
11111111111111111010111110101100
11111111111110111111100110010101
00000000000001001111001011000110
00000000001001010000110000001001
00000000000111000101100000000110
00000000000100101110111111011011
11111111111111110110100001000010
00000000000010101001011111010110
00000000000000110011011100010011
11111111111010010010110111010111
11111111111111100100110011100010
00000000000100011101100101100000
11111111111111100111010111000000
00000000000100101000111000110110
11111111110110100111110110110100
11111111111100110011001011110100
11111111110110101010110001010101
00000000000001100110011110111110
11111111111110001111011010101101
11111111111000101111011001011111
11111111111011111011011101101111
11111111110110011100110011011000
11111111101100000101110111110001
11111111111001101111000101110001
11111111111011110000010100000011
00000000001000011110100101000010
11111111110101100011100110010110
11111111101011110100111001110010
11111111111100010101010110100100
00000000000000001110111011111111
11111111111111010100000110010011
11111111111111011001011111011011
00000000000101111000000010110010
00000000001001100010111101000100
11111111111011100100000010011100
00000000000011101110100101111101
11111111111111001010100001000100
11111111111101000111001011110001
11111111111011110100001000100110
00000000000010111010101111010000
11111111110111001000011001000010
11111111101010110101100010111101
11111111110001101101011001101110
11111111110011001110110011100100
11111111111111110111110000001001
11111111110000010001001101100010
11111111101011100001110110101110
11111111101101010101011101110111
11111111111001100110111100010010
00000000000111110000010001001101
00000000000111011011100011100010
11111111111111001110110101111101
11111111111000100110011100111011
11111111110100110111010111100000
00000000000011000100001001110111
00000000001010011111110010101011
00000000010000101011001111100111
00000000010111100100101101000011
00000000001011011000110001100001
11111111111001000000001100001110
00000000000101001100101111111000
00000000000101101110101011110101
11111111111101101111011100000111
00000000000110110111010000111100
00000000000000110011111000110111
11111111111110100000001010100110
00000000000110100011110100011011
00000000000101010010000100000001
00000000000011110100011010101111
00000000001001111001001101001100
00000000000011001110101011001100
11111111111010101001000111110001
11111111110101100001100000010111
11111111111111111100011110010010
00000000000001101100110100001101
00000000000100100101101001000111
11111111111000110010001001111011
11111111111010110111011010011101
00000000001000100101101101101111
00000000000100101110110101111000
11111111111110010111110001010101
11111111111000010000000110011001
11111111111010101010101110001100
00000000001100000100000111110010
11111111111110101010100101011111
11111111111000100001100110010111
00000000000011110001110001111100
00000000000110101000011101011001
00000000001010101111010101100100
11111111111000111000011101011100
11111111110110110111100100110100
00000000000000010010111001001001
11111111110111000110101001000101
00000000000001111110101101100000
00000000011001101101110101010000
11111111110101111010001100010011
11111111101100101000100110100111
11111111111110100110011001010100
00000000000000100100111001110011
11111111111100001111010010010111
11111111111001110001110011001101
11111111111100100101100011100111
00000000000010100011001100101101
00000000000101010001111010100100
11111111101111101001111100101001
11111111111001010111101101110001
00000000000100010011011000111110
11111111111001101101111100011111
00000000000000101001111010111111
00000000000011111110011001110100
00000000010000100110101101011111
00000000000110100111101100101110
00000000001001100000101111001110
00000000000111110010011110001001
00000000001101000001111011101011
00000000001000111110110000110111
00000000000101111001101100101101
11111111110101111110010001011010
00000000000100100010011010001000
00000000001010101110000000110010
00000000000100111101100110101110
00000000000010100001000000100101
11111111111101010100100011101011
00000000000110111111001000111110
00000000000110001110010111100101
11111111111000110001100100101001
00000000000110001111010001011010
00000000001000011000001001110100
00000000000110000101111000101010
11111111111101010110111100001100
11111111110110000000111011011111
11111111111010000111011010110101
11111111111000100111111101111111
00000000000111101011101100000111
00000000001100110100001111011101
00000000000100001100111110100100
00000000001100110001011000001111
00000000000100101111100000101010
00000000001000101100000011000000
00000000001010001111110000111011
00000000001011101111011001110010
00000000010010111010010000100110
00000000000010110101001001101100
00000000000011001101000011101100
11111111100111001111001110001010
11111111110110110100010011011111
00000000000010001010110111110000
00000000000001010100111011001111
00000000000011000001110000111000
11111111101011000010010000110101
00000000010000000101111000101111
00000000000000111000010000100110
11111111111100100001111101111100
11111111111011100010000111011110
00000000000100101110000111001010
00000000001100001000010110100011
00000000000000100001010011010011
11111111110110110001110010101010
11111111111010111110000000110110
11111111111110111101011000000100
00000000000011010111000101011000
00000000000000000000100001011101
00000000000010111011010000100001
00000000001100110110001011110010
00000000001000000010110011000010
00000000001000001000100101111100
11111111111101000001001000000011
11111111100111110111010000101011
11111111111001010001011101110100
00000000000001001011011100110011
00000000001001101000011100111100
11111111111011011011011000011101
11111111110100101001001011111000
11111111111111011010110010111111
00000000001010101000010001010001
11111111111111110110001000111011
00000000000001110011110001000010
11111111111110101001011011010001
00000000001110000111011010011111
00000000001010000010110100111001
00000000001010010110001111000100
00000000001011010001110011000001
00000000001000111110111101001111
00000000010011000110101110101011
11111111111110110010110001001000
00000000001100000101000110111000
00000000000011000010111101011001
00000000000010010010011000011000
00000000001000110010000111000000
00000000000111101001111111011111
00000000000010101001101110101110
00000000000100000010110101000101
00000000000011100100011100010001
00000000001001000101000110010100
11111111110011000100110110110100
11111111111011010111100011111000
00000000000010110001101010001111
00000000000100101101001001001101
11111111111010110011111011001101
11111111111001011011011001110010
00000000000001000001101101011000
11111111111101100110000010000001
11111111111110011000011011001000
11111111111110101110001110001100
11111111111001000100000101110111
00000000000010111111100001101111
00000000000001000110001010110011
11111111111110000110000110000000
11111111111011011000001010000101
11111111110111001101011101011011
11111111111011001010111000011100
00000000001000001011100111010110
00000000000010101010100101001111
00000000000011101110010001110100
11111111111001000000100101000011
00000000000011010111110011010111
00000000000111110011001110010100
00000000000110001001001101111001
00000000000001000111110011011111
11111111110101000011111110111100
11111111111000000001011101000010
11111111111010011000111110010100
00000000000011100001101010001000
11111111111011101110110001101010
11111111110001111010011000011110
00000000000011100000101100011110
11111111111110110101010000100000
11111111111110011101001100010111
00000000000010011010000010010001
11111111111111001110011001110100
00000000000101000111110111110101
00000000000110010111111011000110
00000000000001110110101101011011
11111111111011101011101101010001
00000000000000001000011011011001
00000000000010000100010001101011
00000000000000010110001111101000
11111111111101010001110111110000
11111111111101111111110111010000
00000000000010001101010111101110
00000000000111110001001001110001
00000000010000000010010101101011
11111111111110010111101010110001
00000000001011000100111110011010
00000000000110111000001100111111
00000000000101000000010011100011
00000000010000011010100000000000
11111111111110100000000110101110
11111111111011001101101101001001
00000000000000100011111100010010
11111111111000110011101100101000
00000000000011000110111010011110
00000000000001001111000011101100
11111111111101011100010111011101
00000000000010111101011100010110
00000000000010010001111100000011
11111111111111000111011010011101
11111111110110100111111100110011
11111111111110011100100110000000
11111111111001100001100100100011
00000000000010001000110001000010
00000000000100000001010100000111
11111111111000001001011000110100
00000000000000000001011111111110
00000000001000010000000001111111
11111111111110101101011000011011
11111111111011111101011011100011
00000000001010010111001111101001
00000000000100010011101110110101
00000000000111001111111101010001
11111111111101100111011101010010
11111111110000111111100011000000
00000000000011011001100010101000
00000000001001001100101100000111
11111111110110110101000011100011
11111111111010111100101010011011
11111111111110100100001110100011
00000000000011110011011010110001
00000000000101111111111010100010
00000000000000100010110010110111
00000000000011111000100101010000
11111111111100101010100100011111
00000000000000011110100011000011
00000000001011100000101110001001
00000000000010011111001000011011
11111111111001000100100110100110
11111111111001010011110001011110
00000000000100101100101011110100
11111111111001001001100100000001
11111111111100000000111100010110
11111111111101011000010010001011
11111111110001100001001001000100
11111111110111000110010001111111
11111111110111111010111110100110
00000000011100000011111000101000
00000000000100010001010110110001
11111111110101010100101111011111
11111111110000011011001100000100
11111111110001001111111100101100
00000000011000000000111101100111
00000000000100111100111011110000
00000000000100110010110110111100
00000000001010010001111110011011
00000000000111100000010010011111
11111111111000101111100100011001
00000000000010100100100111100001
00000000000011100000010110110111
00000000001000011101110011100111
00000000010100100101110000010101
11111111111000101100111110111011
00000000000010001110100010011110
00000000000001110111101011001100
00000000000011010000110111010011
00000000000100000000111001000101
11111111110111010001001001100001
11111111110111011010000101100001
11111111110111100010100001000110
00000000000101011000010001100101
11111111111010100110010000100111
11111111101011101010001011001011
11111111110010001001101011000000
11111111101110001010111001010110
11111111101111011101110001001111
11111111111010011001101111010110
11111111111101010000001001111010
11111111111011111110111010011011
11111111110000001011001111110111
11111111101011101010011010101111
11111111111110101110101110001110
00000000000000111010111011010010
00000000000011101111010000110101
00000000001001101000011101101110
00000000000011111101001110101110
11111111111111100010101011000010
