11111111111111010110100000110010
00000000000000100011111100111001
11111111111110110011111111100100
11111111111111110011000101001011
00000000000001101101001000101011
11111111111111000001100001110010
11111111111101011000001101111110
11111111111110100101010011110001
11111111111100110001100101000111
11111111111101010101101111001010
11111111111110101010001101111000
00000000000000101110010001010001
11111111111111001010011000101000
00000000000010010011110100010001
11111111111101111100100000100110
11111111111110010001111000000001
11111111111110111111000111011111
11111111111110110001101100101101
00000000000001111010010100010111
11111111111101001100111011011101
00000000000010001100011100101011
00000000000001100110011011011100
11111111111110100100101000000111
00000000000010001100011100110100
11111111111100101011110010101101
11111111111101010110111101111000
11111111111110010000110101111100
11111111111110010110101000110111
11111111111100100100011010001101
11111111111100101100010110001100
11111111111101011100101100100111
11111111111111011001101011111101
00000000000000011001010001110110
11111111111111010111000001100101
11111111111101111010111010000100
00000000000001100000010001111011
11111111111111000011011101001101
00000000000010001110010001010111
11111111111100111011100011110011
11111111111111100100110100000011
11111111111101100000001001100111
11111111111110000000000001001101
11111111111110000111101101100110
11111111111110001100011000101101
00000000000000100000001010010010
11111111111111010000001001101000
11111111111110000101100110010111
11111111111100110011000101011000
11111111111110111001001101001001
11111111111100010100000110000110
11111111111111111001001001000010
00000000000001101011001100111110
00000000000000101110111000110111
11111111111101100111111010101100
11111111111110110100110111100101
11111111111111010011101101101100
00000000000001011010000000000001
11111111111100011001010001000110
11111111111101011100010010101101
00000000000001001001011110010101
11111111111110011110010001110100
11111111111110001110110000001111
11111111111100010001110110011011
00000000000010000101111001011110
11111111111101000101000111001111
11111111111110010001110001111011
11111111111100001100111101100000
11111111111111001011011111110111
11111111111100111110011111011011
00000000000000110111101101001101
00000000000000101100100110010111
00000000000001100010001110110101
11111111111111111010011001010101
00000000000010010000100010000110
11111111111111011000110001100001
00000000000000100010010101100011
11111111111111011110001101110101
00000000000001111010011110010000
00000000000001100110110000001001
11111111111100001010011001110100
00000000000000010100101011000010
00000000000001010101101100000101
00000000000001101010110111101110
00000000000001111111111110100010
00000000000001001000101001100101
00000000000001110100000100010110
11111111111101110010110111000001
00000000000001101010101000101000
00000000000001101001011101101011
00000000000010000001111000110010
11111111111101001101000111001011
00000000000001010110111000011101
00000000000000111010000110001001
11111111111101101001110101111011
11111111111111110011110001000110
11111111111111000010010001000101
00000000000000101001101011000110
11111111111100010101101101110110
00000000000001001101110001101101
11111111111101110001010110000011
11111111111011000010111010011111
11111111111011010101001010011010
11111111111011100110100000111100
11111111111100101010011110010111
11111111111111100011110011101001
00000000000001001000111010110111
00000000000000100100001111101101
11111111111100110111000001011001
11111111111100000111010101001000
11111111111110111001011100000101
11111111111010100100001100010111
11111111111101001111101100101011
11111111111110010000110110100011
11111111111101001001011101110111
00000000000001010111101001011001
11111111111100111000111000101001
00000000000010100101110110101001
11111111111010011101110110101100
11111111111101110101100001110110
11111111111100000010010111011101
11111111111011101110000100011011
11111111111110010111010001110001
11111111111101101110111110011101
11111111111110011110001000110100
11111111111110000011101110001010
11111111111101110011111000000000
11111111111111101101011100101100
11111111111101110111101011001010
00000000000000100010000010001001
11111111111011110100000111011100
11111111111100010111100000100011
11111111111101101100101111000010
11111111111111110100010000000011
11111111111111010111010010111010
11111111111011011101001001100001
11111111111100000110001000101000
11111111111110100010101010110010
11111111111101010011100100001101
11111111111100110101010110111101
11111111111100001110110110001100
11111111111111011011111001101010
11111111111111010011100010001001
00000000000010010011100111100101
11111111111111111001111001001001
11111111111110001011100001110011
11111111111110011101010011100100
11111111111100101010010000101100
11111111111110011110011110000010
11111111111100011111101011101011
00000000000010100100100110100101
11111111111101101011100010100001
00000000000001111100000001100001
00000000000000101010100011110110
11111111111111000011100010001001
00000000000000101101101000100011
11111111111111010101111111011010
11111111111111101110100001000001
11111111111111001111111101011010
11111111111111101000001000111011
00000000000000000110101110110001
11111111111110101001001111101110
11111111111111111001000010001101
00000000000000110101111101110101
11111111111010100001000101100001
11111111111101100000111101010100
11111111111110010011001100100001
11111111111101001100001110101111
11111111111100000000111000100100
00000000000010000001011100011000
11111111111100110010110011011011
00000000000001010100101011000100
11111111111111001011011101110010
00000000000000100100101000010101
00000000000000110100000001011011
11111111111111011000111011011000
00000000000011001000000111101001
11111111111101001110011110110111
00000000000011000001001111000100
00000000000000100110111101111011
11111111111111001011000001100111
11111111111100110101011110111101
11111111111010001001110011100100
11111111111111101000100101011011
11111111111011111100000110000111
11111111111111001001100111010111
00000000000000101000000000100010
00000000000000010001111010000000
11111111111111100010111001101011
00000000000000010011101100101010
00000000000001011011100000110001
11111111111110000001110100100010
11111111111111010110010001010100
11111111111101011001011110010000
11111111111100010111100011111101
00000000000000001100001001110110
00000000000000100000101100110001
11111111111110100110111010100101
11111111111110101101100110111100
11111111111100110110001110100111
00000000000000110111011001111110
11111111111110101000000101100001
11111111111110010001010011001000
11111111111110000110100011110100
11111111111111001100101001001110
11111111111100111010111000101110
11111111111100110110100100000111
11111111111110111011101010000101
11111111111010111010111100101101
11111111111100010110000011011010
11111111111110111000010010011110
00000000000001100000000101000000
00000000000001010010111101101101
00000000000010100010001101111100
11111111111110100010001001011100
11111111111101010000110101011001
11111111111011010111010011101000
00000000000000011111010001100010
00000000000010000100100110011011
00000000000010000010001000100011
00000000000000011111010111010110
00000000000000111100001001000111
00000000000010110100010001110011
11111111111010110001101010110001
00000000000000100100011001101011
11111111111111111000010010001001
00000000000000010010001110110000
00000000000000001101001100110100
11111111111110111011011001001011
11111111111101101001100000011010
11111111111101000000111110111100
11111111111111101101111101111100
11111111111100101010110111000000
11111111111111000001110101010111
11111111111110111000100100001010
11111111111110100000100000010001
11111111111101101000100000001011
00000000000000101011000011001001
00000000000001011110011100101110
11111111111101100000110111001101
00000000000010010110111010000100
11111111111101110101000000001101
00000000000000100101101111111100
11111111111101001100011111110000
00000000000001100110101101100010
11111111111111100110110010010100
11111111111100100110111010011001
00000000000001000010101001011101
11111111111100101010101101101100
11111111111110001100000101100000
00000000000010010010101010101110
11111111111111101110110010000111
00000000000001001000110010001111
00000000000001010101110000001110
00000000000001101000100100101101
00000000000000100001110100001110
00000000000001000001000011001111
11111111111101011100110100001001
11111111111110100101101111101101
11111111111100000101100100101010
11111111111100100110001000101111
11111111111111111010011000000101
11111111111111111111000000101111
11111111111100101001010000111100
11111111111111110100111100001101
11111111111110011110011001010111
00000000000001110001011001010011
11111111111100001110100111100101
00000000000001101100100010000000
11111111111110110011000111101010
11111111111111110011110001010111
00000000000001100010001001010111
00000000000001001101100111111110
11111111111101101011111000001100
11111111111100110111001101111010
11111111111101011100101100111101
11111111111110101101110111101000
11111111111101101010001110010011
00000000000000111101000100100100
00000000000000011000000111110111
11111111111111101111101101100100
11111111111100100001110111000100
11111111111110111100010010001000
00000000000010011010001110010111
11111111111111011111000111000010
11111111111101101001010111000110
00000000000010010101000001100110
00000000000001111001000111111000
11111111111111010101110111111000
11111111111110000110000110110100
11111111111111111001011011001100
11111111111111001100101011001110
11111111111101000010010101011000
11111111111110000110010101010110
11111111111110010100011011111101
11111111111111111010101100000111
11111111111110010000100111101110
11111111111101101101110101000110
11111111111111110011010000111100
11111111111100011111101001100010
11111111111101001110101011100111
11111111111011111100111011100101
11111111111111001011001001000010
11111111111100101000000101011101
11111111111101101111110100011110
00000000000000111100010010100111
11111111111111001101110111011100
11111111111110111010100111011010
00000000000000110111101000101000
00000000000010001111000111011001
11111111111101100111010111010000
11111111111101100011100000100010
00000000000000101111110011000100
11111111111111111010100101010010
00000000000001011111100101100101
11111111111111100101100101100101
11111111111101000100111011010111
11111111111101000111000001100110
11111111111101110011101111101001
11111111111111101001100100001110
11111111111111010011011110011000
11111111111110000100010000111011
11111111111111010001010101001011
11111111111101011010010111110010
00000000000000101010111000111110
11111111111101110000001100111111
00000000000010010111100010001011
00000000000000000010010001010101
11111111111100110010100111100101
11111111111100100010010101001010
11111111111110000010100111100111
00000000000000010100010010011001
00000000000000001101010000010101
00000000000010000001110101000100
00000000000010001000110101000010
11111111111110101001111001101101
11111111111011111011110111110111
11111111111110111110011100101100
11111111111100000110111011000101
11111111111111010101011100100010
00000000000001110100110111100001
11111111111100010010010111111011
11111111111101101000011011011010
11111111111100111100010011000000
00000000000000110101111101101110
11111111111110001000110100111011
11111111111110000100100100000101
11111111111111000110110110011011
11111111111101011000110011111101
11111111111111101010010100010001
11111111111101101110101001111011
11111111111011110100110110011010
11111111111110100000100110111101
11111111111111111101110011101110
11111111111100010010000101100010
11111111111100000101000011110101
00000000000001011010011010001111
00000000000010110000111011000101
11111111111011111101111000001101
11111111111100001100111010111100
00000000000001000101111101001110
00000000000000010100111000001001
00000000000000100000011101100001
11111111111101010000111111111110
11111111111101011011111011100110
11111111111100000010000001001010
00000000000000101110010010110000
11111111111110010000001000101110
11111111111110011111001000100000
11111111111111111001001100110110
11111111111111010111010010100101
11111111111110101010111111100100
00000000000001101000101000000000
11111111111011010001000011111000
11111111111110001000010100111111
11111111111100111111011100100000
11111111111100000010100111100010
11111111111100110111001111000010
00000000000000101001101110011111
11111111111101011011001101001100
11111111111110111110001001100011
11111111111101100100001011100111
11111111111110011111001100101010
00000000000001100111010111110110
11111111111111011101100111110110
00000000000000101000111000101001
00000000000000100100000010011110
00000000000000101101001000111001
11111111111101100001011111010110
00000000000001001010001100000000
11111111111110011110110000001100
11111111111100111111101001101111
00000000000001110000001010100000
11111111111111111111101011000010
11111111111101110010100100100001
00000000000001110000100111011101
11111111111101011010100110111010
11111111111111111101100011100111
11111111111101000110110010001000
00000000000000100111010010001010
11111111111100000101000011100110
