00000000001001101110100110010000
00000000000011010001000000111101
00000000000110011110001001000100
00000000000011011000111011001000
00000000000101001110010010011101
00000000000100110001101000111010
00000000001000110101110100011111
00000000000100111011010000010101
00000000000000010000111100010101
00000000000101100100101001100010
00000000000000001001001101000000
00000000000100011110101010010110
11111111111010101111010000101101
00000000000011011011001100111001
00000000000001011000110001111110
00000000000001011101001011110111
11111111110111110001011000000010
11111111111110010111101010110001
11111111111110000110001110101110
00000000000001110000010101010101
11111111111110111011111101101100
00000000000111000000101101010111
00000000000111000000011011011010
11111111111111000110110010011000
00000000000010101110101010100100
00000000000001101011011011110101
00000000000000010001011011101001
00000000000010010000010011111000
00000000000001010010011100010110
11111111111111010100000100010100
00000000000010000001111100000011
00000000000011100100010111100010
00000000000100100100111010010011
00000000000110111101101010111101
00000000000000101111100011000001
00000000000110100111111110011001
00000000001001100001010010010110
00000000000011100110101001000101
11111111111110111010001110010001
00000000000000001001001011011000
11111111111110101010111011000010
11111111110111110111101100100101
11111111110010110010000100111011
00000000000001000000011001010100
00000000000001110000100101100100
11111111111000101011000101000000
11111111110111100110111100110100
00000000000010001001010001010001
00000000000111011000010100001111
00000000000110011000111001000011
00000000001000010001101010011101
11111111111110011110100100000111
11111111111101110111000110101111
00000000000100101110010101011110
00000000000111101001100101111101
00000000001011000001010110000100
00000000000110001100111101010011
00000000000011111010101111011001
00000000000010110010010110011011
00000000000001111101010001100011
00000000001010101110001100100000
11111111111110101000101111010111
00000000000010011110110000001001
00000000000100100110101111111111
00000000001000100100000101010100
11111111111111100010011010001110
11111111111110110101000111111110
00000000000000011110100110111011
11111111111100011011101111110001
00000000000010100011101001010101
00000000000110000111100000101100
11111111111011000000011011011100
11111111110110110001001111101001
11111111110001101011100001110010
11111111110110100110111011001111
00000000001010111101000101011111
11111111111110111010000110100111
11111111111110010011001100100111
00000000000000000010001110110110
00000000000000000010111011010110
00000000010001001001001111010000
00000000000111001111011110111100
00000000000010110110110011100101
00000000000001100000110010010010
11111111111110110100001010010011
00000000001001001100111101101110
00000000000001001010110001101010
00000000000101001101111110000010
11111111111100100000110010110000
11111111111101010011111101010110
11111111111111110111110110010010
11111111111111001111011111001111
11111111111110001100001010001100
11111111111011000100011111101101
11111111111111000011011001001001
11111111111011100110000111000111
00000000000001010110111011110010
00000000000000111011101110110010
11111111111100101110101001111011
00000000000001000011011110001001
00000000000000101011000101010111
11111111111111100111101000100101
11111111111110100101011011001101
11111111111111010001000000000100
00000000000010000010000001111010
00000000010001101100010010111000
00000000001000100101011000011000
00000000000001110001111001001000
11111111111110001001101011100000
11111111111101010010101101001101
00000000010010111101101101101100
00000000000111010111110011101010
00000000000000100111111111011010
11111111111110001011101110111110
11111111110110011011101101100011
00000000000011100001001011001011
00000000000001110011010011011011
11111111111011001111101011111011
11111111110000010001110101101111
11111111111101000010111111100110
11111111111100011001011011000000
11111111111010111000010001011010
11111111111111110110110111000011
11111111110111111011010000100001
11111111111011101000110011101000
11111111111111111010010111111100
11111111111101001110010111111001
00000000000010111010001010101101
11111111111111110111000111000011
11111111111010000010011001011010
11111111111110001101110011100011
11111111111100111011001100101010
11111111111111100000110001001100
11111111111100101011001111100110
00000000000001011100111110001110
11111111111110111101000101001100
00000000000101100011111101100010
00000000000011010100100010000010
11111111111111011110110010010000
11111111111100000101100100110101
00000000000010001010100111111000
00000000000101111101011111110011
11111111111100011111111010010001
00000000000000010111000000101100
00000000000000001001100011100101
00000000000101010010100100010101
00000000000010110100011011000111
11111111111110011110101110100110
11111111111100110111010010010110
00000000000010111000110010001011
11111111110111101101001100100101
11111111111100111110110011101101
00000000000001111100001000110111
00000000000011001000010011111010
00000000000110001010111111010101
11111111110011001111011001000110
11111111111011011101001001001001
11111111111110101111100111100101
00000000000100111101101010110011
11111111111111000011100001001011
00000000001011000011010001111010
00000000000111010101000111101000
00000000000101111011000000101101
11111111111111101100011001001110
00000000000001100101111111111100
00000000001000110000000001111010
11111111111010100111101001101110
11111111111110000101110101001100
11111111111110100000010010100101
00000000000000001000001101011101
11111111111011000011100111100110
11111111110111001010010101011011
11111111111001101010000110111001
00000000000101101010001010111101
00000000001001001111010001111111
00000000000010010001010100000111
00000000010000100000000010010111
00000000001001101101111011110001
11111111111010100000000000001001
00000000001100000011011000100010
11111111111011101111100111011110
11111111111101101000111110010100
11111111110110110110100010000010
00000000000111010101010110011101
00000000001100010111011000111100
00000000000000110010011001100111
00000000000011100000001110001110
00000000000001011111001000001010
11111111111111101100011111111101
11111111111011110001101000111101
00000000000000101100101000000110
11111111111010011100100001100001
00000000000001110100010001101111
00000000001000101110110101101111
00000000000110101111110010111111
11111111111001101011000001010011
11111111110011101110100001110010
11111111110011111000001010000111
11111111110110111101001000001110
11111111111010110011001000110001
00000000001101001001010011011010
00000000000110001011011111110100
11111111111010010100000010100010
00000000000010010110100001100100
00000000001000010010111000100011
00000000000001110101000001010101
11111111111111110111011000100011
11111111110110101100000011011010
00000000000010010111011010000001
00000000000001010011010001110110
00000000000010000000010001011000
00000000000010110010001010111000
11111111111001011010111110000011
00000000000001100010111101111001
00000000000011001011110001111111
00000000000001010000010111011000
00000000000011001111101011011000
00000000001000001110011100110011
00000000000001010100000110100101
00000000000011100000100001100000
00000000000110101000000110010000
00000000000111000101001000011100
00000000000101100010100010111101
11111111111011110100100111111101
11111111111001001100011101110000
00000000000001101101011110011101
00000000000001000010100011001001
11111111111111110010101001101101
00000000000001100110010101110011
11111111111110101010011011011010
00000000000011011001000011101111
00000000000001111001101000001010
11111111111001100001011011110111
11111111111110000001001001010011
11111111111110110011001101111000
00000000000110110100011010010100
11111111111110011000100110111111
00000000000010000110110010110010
00000000000101010100001000100101
00000000000001111011101110000010
00000000001011101010111001010110
00000000000101000010011110001100
11111111111101111101000011110011
00000000000011000110011010001101
00000000000011010110000001101111
00000000000011111110011110100000
11111111110111110101110110101111
11111111111100010001111011100110
11111111111101000001010001111101
11111111111100100011010010000100
00000000000100010000001100001011
00000000000000000001101011011000
11111111110111110100000100111101
11111111111100011000010100010100
00000000000000001111111100001010
00000000001010001111011110111000
00000000000000110111010111100001
11111111111010101110100100010000
00000000000010010101010100001110
11111111111111110011001011000001
00000000000110000011010011001000
11111111111110000010011001001110
11111111111010001111011111000000
00000000000110100111101111100111
00000000000100000000011101010111
00000000000110101110111011110100
11111111111001000101000110110101
00000000000011000000000010000101
00000000000101100010001100110100
11111111111101011000000001101110
00000000000000001000110000010110
11111111111110010111000011000110
00000000000110001110101011001001
00000000000111000001101001001010
00000000000011110000101101011001
11111111111110110010011011010110
11111111111110111001010110101000
11111111111110010111101111110100
00000000000001111011001111110000
00000000000111111000000111011010
00000000000110110101011100011010
00000000001100000101100101000000
11111111111100101010000100100010
00000000000010110011010110000011
00000000000010100100110111110000
00000000000100110100010001011111
00000000000110100111100110100010
00000000000100001110101101010100
00000000000100110001011001111111
00000000000010111101100100100011
11111111111100000000100011010111
11111111111111110010110000010100
00000000000000010101000100010111
00000000000100110010001011100010
00000000000010100010000010110101
11111111110111000011001101001001
00000000000111011000111100000011
00000000001011010101001000010001
00000000001000101011101000001111
00000000000100100101011010110110
00000000000011100011011110100100
11111111111111110110101001010110
00000000000010011110011010001111
00000000000100111001001000011100
00000000000010000110101000110001
00000000000111100001011110001011
11111111111011000000100111011011
11111111111010111111001111000011
00000000000100001110010000101010
00000000000100101101011111100011
11111111110011101101111100100111
11111111111100101111111111111101
11111111111110111100001101101000
11111111111111000100110110111000
11111111111110011100111001110010
00000000000010011010010101000010
00000000000100100101001110001100
11111111111001111110110100111000
00000000001000101001111010001110
00000000001000000001000101110111
00000000001111001101100001110111
00000000000011111011000101101110
00000000001011001110001010101010
00000000000001000001001011111011
00000000000000110111101100100001
11111111111110111010100000000100
11111111110111101100100110011000
11111111111001101000000011001101
00000000000100010111001000000101
11111111111111110010110101010111
00000000001000100001001001011010
00000000000001001100101011000100
11111111111001110111011110010010
00000000001010100011100000111001
11111111111101101010100010111001
00000000000010000000111111010100
00000000000010001100101110001101
00000000000110101100010000010100
00000000000010010100110101000001
11111111111100100011010011100011
11111111111010110010000000101010
11111111111110110111110100011011
00000000000111111110110011001000
00000000000011000110011001010111
00000000000010111000010011000100
11111111111101101101100001011101
00000000000001111101111101101001
00000000001011110110101010011111
00000000001010100111011110111101
00000000000001010010010000001110
00000000000010111011100111100010
00000000000101101101011110111100
00000000000001110011111110011111
11111111111110110110000001001111
00000000000111001111001100011100
11111111110011101011011100100011
11111111111110001010101001100000
00000000000100010011010001100011
11111111110111111010011111100011
00000000000000101101111100110001
11111111110110110110111000011110
00000000001001000111011010001111
00000000001000001101111001111010
11111111111000011111001010100010
11111111110110001011000100000101
00000000000010101001100110011101
00000000000011010100111010001010
00000000000000111000011101100011
11111111111110111111001000001110
00000000000000001101101100111010
11111111111101001101110000011110
11111111111000110001010001000111
11111111111101111110100101111110
00000000000011001010001110110011
00000000000100110001000011100010
11111111111011110000000111111101
11111111110101000110001000001010
11111111111101000010100010000101
11111111111111010011100111011101
11111111111110110001001010101111
00000000001110111011110100111110
00000000000111010001010000001001
00000000000100010110101100100011
11111111111001111110011000011001
00000000000100111100001110010101
00000000001011100111000010011111
00000000000101111001101011010010
11111111111111011011001111101001
11111111111010011101100110010010
11111111111111111101000110111011
00000000000100001111100011110100
00000000000010010110101101010111
11111111110100010101100111110101
11111111111111111110001000111110
11111111111100010001001100001000
11111111111111001101010100110000
11111111111011011111101100000001
11111111110011111110111111010111
11111111111101101000110011001010
00000000000010100011110111011100
