11111111111110100111101111001001
00000000000010100000111001100111
11111111111110010110001000101100
00000000000000101111001111000101
00000000000001100001100000101101
00000000000000110000010111111011
00000000000000011101110110011011
11111111111101001001010101111010
11111111111111110011001001110001
00000000000000100110110100101011
11111111111110000001001000110101
11111111111110000101011000010000
11111111111111000100001011010101
11111111111110010111000010000001
00000000000000001100001111111111
00000000000001011111010101010010
00000000000001100000101011101001
11111111111101101111110100010000
00000000000000110101110101110100
00000000000001010100011100011101
00000000000001110011111100011011
00000000000001101101001011110101
00000000000000100000000001000011
11111111111110010100011010100111
00000000000010010001110010111001
11111111111110111101000011110010
11111111111111110001000010101001
11111111111110100100110100100101
11111111111101110000011111110000
11111111111111100001001011000011
11111111111111111011110010010000
00000000000010100000000001010011
11111111111100001111111000100110
00000000000001011100110101101101
00000000000010001100100101101011
11111111111110010111111111101011
11111111111100010100110001111110
11111111111110000010011100010001
00000000000000000000100100011010
11111111111101011101101110110101
00000000000000111011100000010011
00000000000001000101001100111001
11111111111101001011010101011110
00000000000000001111111001011101
11111111111101010110100101000011
11111111111110001110010011011011
11111111111100011111011011101100
11111111111110110011001011001001
11111111111101000101110011101000
00000000000001100011011110011001
11111111111110001011011111011100
00000000000001001001010100100111
00000000000010000001001111110001
00000000000001000001101010110000
00000000000010011100101101010111
00000000000010000100101100001001
11111111111111100011101111000100
00000000000000100101111011011000
11111111111110110110110011101101
11111111111100100011110111110110
11111111111101100011110001011110
11111111111100011000010110001100
00000000000000011000000111001010
00000000000000010100101111111011
11111111111100101100011111101110
11111111111101110101101001100101
11111111111111001110101111111001
11111111111101111011011110001100
00000000000010011100011010001100
00000000000001010011100000101011
11111111111101101010100101101000
11111111111110001000100011000001
11111111111100001011011001110111
00000000000001111110001010011111
00000000000001101001111001011011
11111111111101000011100101010010
00000000000000000000101101001111
11111111111100011100101001111110
00000000000001111101001101001010
11111111111111101111100110000111
11111111111111001110011011000111
11111111111111101011010000110011
00000000000010011101000011110001
11111111111100011010000011111000
00000000000000010010010001001101
11111111111100110010111101111111
11111111111101010100111110111000
00000000000001001110100011001001
11111111111110100111100101111000
11111111111111000001110000010000
11111111111111110111101011111011
11111111111101000100001110111001
00000000000010011101010011101011
11111111111100011101100011111110
00000000000000011010100101000111
11111111111101101110110110001000
00000000000001010001111100111010
11111111111110000111011011100010
11111111111111110010100001100101
11111111111111100110111111011000
11111111111101111101110000100010
00000000000000111101111001000000
11111111111111111010001011001111
11111111111110000100011011001001
11111111111100010110100011111101
00000000000001010110011110110111
00000000000001000001001101110011
11111111111110000011010001000000
00000000000010011011001110111110
00000000000001100101101010101110
00000000000001110011101000101010
11111111111100111000011111110101
11111111111111111111000110100000
00000000000001010011110101001010
00000000000001110010000110000110
00000000000000110111010110011100
11111111111101010000010001010000
00000000000000011110110001001010
00000000000001111011000110000110
11111111111111011000011000100001
11111111111101011110100110111000
11111111111101101101100011011000
11111111111101001101101011000111
11111111111110001110011001010100
11111111111110011000000110100111
11111111111100110100110111000011
00000000000000110100100110010000
00000000000011000011111111101011
11111111111110101101110000100110
11111111111111010000000011000111
00000000000010001001000010000111
00000000000000001001101101011110
11111111111101110111000110100111
00000000000010000011111011000011
11111111111101100011111011110000
00000000000010100111101110111011
11111111111111011110000001101101
11111111111111001000101001001101
11111111111111100111000001110110
11111111111111100011110100111111
11111111111111111100000111101100
11111111111111101111000101101100
11111111111101110111101100101110
11111111111101001011110110000111
11111111111111000111100000000010
11111111111110100101100001010000
11111111111110010100001011110001
00000000000000110001000010011001
11111111111100011010001111001110
11111111111111001110010101100110
00000000000000001110101000110010
11111111111101111011001100101001
00000000000000011001111111111010
11111111111100011000000100000110
11111111111110000101100110011111
11111111111111000101010110100110
00000000000000110111000101101010
11111111111111011101000110110101
11111111111111101101001111100111
11111111111101010010111100011010
11111111111110001111111011000110
11111111111111000000001100101001
00000000000000000100100111001111
11111111111110110010001001001000
00000000000001100110001100011111
00000000000010001111001111011100
11111111111101101111000111100001
11111111111110010100001100101000
00000000000001000100101011110101
00000000000001011111100010101100
11111111111111100111100101010010
11111111111110100000011010010001
11111111111110010001000110111011
11111111111111101000001000011011
00000000000000100011100100010011
11111111111111001011011000001001
11111111111101011000010000010100
00000000000010001110101110100010
11111111111111011100010010110001
00000000000010101110011001111000
00000000000000110100110111101010
00000000000000001110110110111001
00000000000011000101010001001111
00000000000001101011010110101001
11111111111110011000010001001110
11111111111101011110110001011111
11111111111110100001100100111001
11111111111110110111001000100011
00000000000000111010010111010010
11111111111100111000000111111101
11111111111101000111100111011010
11111111111110110000011001000010
00000000000010100110101010010000
00000000000010110001011001010011
11111111111101111011001010100111
11111111111111011000000101101010
11111111111111111000011010101101
00000000000010001000111001011001
11111111111110111110101011000110
11111111111110010110101110001010
00000000000010010000101100110010
11111111111110110101111111011100
00000000000000010101100111111111
11111111111111101110111010010111
00000000000011000110000000101110
00000000000001110011010101110000
00000000000001111101000000010001
11111111111110111100110011001010
11111111111110011001001010111001
11111111111110000011100111111001
11111111111101010000011101110110
11111111111100101111011111110100
00000000000010111101010100010110
11111111111100011010110000110001
00000000000010011111010000010101
11111111111111001011000101011100
11111111111111011100101011001000
11111111111100001111011000000001
11111111111110001100110101001000
11111111111110111010111111100010
11111111111111001010101100001001
11111111111100111100101100010101
00000000000001000111000111111111
11111111111101101110100111011011
11111111111111001100011001110000
00000000000001000000010101011101
00000000000001100000001111111101
00000000000000110111011101010101
11111111111110001000000110010011
11111111111100100110011010101011
00000000000000011111101100011110
11111111111101110111011110011010
00000000000001101101101110110000
11111111111101100000100011110001
00000000000000100110110001111100
11111111111100100110100111010101
11111111111100010110100110001111
00000000000001010101000100111100
11111111111110101111100110010000
00000000000010000001011000100101
00000000000001010101010110100101
00000000000001011100001110011110
00000000000001000010001010110110
11111111111110010100011110100001
11111111111101110011010010010101
11111111111111000110011111110101
11111111111111010000101001100000
11111111111100101001001011000001
00000000000001001010001001111111
00000000000000110011011000001011
11111111111100110010010010001010
11111111111100011001011000001100
00000000000000101101000000101001
11111111111100110000100010111111
00000000000000001101100000000110
11111111111100011101010010110100
00000000000001101011011001001001
00000000000001100101000001011011
11111111111111000010101011111001
11111111111111001010000001110010
11111111111110001011110110111110
11111111111100100100100101100010
11111111111110110111011110001010
11111111111101011110101000101111
11111111111111100010001100001011
11111111111101000000010010111011
00000000000000010111000101000001
11111111111101101010010001100100
00000000000000001100101111101100
11111111111110111001100101100010
11111111111101101001010100101101
00000000000001011101001100000100
11111111111110011001010101011000
00000000000000100000100001011110
11111111111101010111011101101011
11111111111110100111101010110011
11111111111111001100100110100001
11111111111100101011000111100001
00000000000000101001001000101000
00000000000001111011011001101101
11111111111111110011001010000011
00000000000001001010110000101000
11111111111111000100100101010001
11111111111100100000001110010111
00000000000000111100110010111100
00000000000000101100001011101000
11111111111111110010100111001011
00000000000000010000100010010001
11111111111100111101110111001111
11111111111110111111001100101010
11111111111101101001000100110001
11111111111100001110010011010100
11111111111110001010011111111001
11111111111100011000000010000010
11111111111100100100011100000010
11111111111110101010101111111110
11111111111111101010010100011001
00000000000000001100011000101101
00000000000001000011001100000011
00000000000000111010010111111101
00000000000000000101101101011110
11111111111100001010011100000110
11111111111111110000000001011011
00000000000001010011010011111000
11111111111110100011100100100101
00000000000001010010000010100100
11111111111110110000110110101001
00000000000001111100110010000101
11111111111101010001011111100110
00000000000001100010100000010100
11111111111110100001110110100000
00000000000010000111011111101001
11111111111111010110100010100110
11111111111111111101000000010001
11111111111100010011100001101100
11111111111101010001010101010001
00000000000001111100001111100110
00000000000011001100110001011011
11111111111111000110101101111001
00000000000001010001010010101011
00000000000001010001011010101111
00000000000010010000111111010011
11111111111101111010101111101000
11111111111111111111000001111111
11111111111110101110111111010101
11111111111100011011000010110100
11111111111110111111111110100001
11111111111100111010100111110100
11111111111101011111001010000001
00000000000010011111110111101011
00000000000000100110111001011110
00000000000000010110100110011100
00000000000001111011100111011101
11111111111101101011000110000101
00000000000001001101000110101000
11111111111101010110001000110011
11111111111100011011011000111011
11111111111100100100111101101100
11111111111100001110010100110000
11111111111110110001110111100001
00000000000000000010001001011010
00000000000001100110110010100110
11111111111100101000010101010010
00000000000001001010011111110011
11111111111110010111101001001110
00000000000001010100010010101010
11111111111100011001010001101110
00000000000000110110110110111110
11111111111111110100100110011011
11111111111101111010111010100101
00000000000000011100010100010010
11111111111100010000101110010011
11111111111111010000010100101010
11111111111100100110111011001111
00000000000010010010001011100111
11111111111110001111101110110100
11111111111111111110011011110111
00000000000000011011111111100110
11111111111101100111101101111011
00000000000001010001101111000111
11111111111110011111010101110001
11111111111110100100011010000111
00000000000010011001010111000101
11111111111111001011000001110001
11111111111100111110010001011010
00000000000000001000010010111011
00000000000001010010001001000011
11111111111110011011010010000001
11111111111110111101101110011101
11111111111100101000010010111111
00000000000000001000011011010111
11111111111101010101001000001101
11111111111101101010111111011100
11111111111100001110111001100001
00000000000000111110110010111100
11111111111100100111000000110000
11111111111110001111110110001011
11111111111110111001100100101001
11111111111101001111111110111110
00000000000000000000001110011110
00000000000010010000000010111000
11111111111111011110000111110110
11111111111100111011110110111100
11111111111111010000001100100001
11111111111110111110001011101101
11111111111100111100110010111111
11111111111111110010111110110110
11111111111110001000001000010010
00000000000010001111101000000110
00000000000001110101101010001000
11111111111110111000110011010100
00000000000010011000010111100001
00000000000010010111000101001100
00000000000000111001001001011001
00000000000000111100110011010011
11111111111110001100101111010100
00000000000010001000101100111110
11111111111101000011010100000001
11111111111100001001011111110001
11111111111101110111000111101000
