00000000000000100010100110101010
00000000000010011011100000000001
00000000000111011010011010100000
11111111110111100010111101111011
11111111110111111111011110000010
00000000000111100010001011011101
00000000001000000001101101010001
00000000000001110100001010101100
11111111111001101100101001111000
11111111111000100111101011000110
00000000000011100100011010101001
00000000000110010000110010100101
00000000000101101001111001110001
11111111110101100111101111011110
00000000000000100111101011111011
11111111111111100101010001011100
00000000001001010001000101010110
00000000000110010110001111110101
11111111111100000111011001101101
11111111111100011101101100011011
00000000001000110100110011111010
00000000000110101001110000111000
00000000000001001010100110111011
11111111111111100011111011111011
11111111111111100011010101010101
11111111111010110010111110111101
00000000000010111011010011110001
00000000000110000110001110110100
11111111111011011101000011010110
11111111111010111100001001010111
11111111111111011011011100101110
00000000000001111001111011111010
00000000000100000010010001100100
11111111111011110110001111101010
11111111111101100100111000000100
00000000001001110000001000001000
00000000001001101111101110100111
00000000001010000001100110110000
11111111111110100000001000011100
00000000000011011000101000000000
11111111111110011000111001110111
00000000000000010011011011101101
00000000001000010111111011001011
11111111111100000110110101011011
00000000000000101001001001011101
11111111111111110010101010100010
00000000000100110101001101000001
00000000000001111010011000000010
11111111111001110110101010011111
11111111110111001110010001000010
11111111111111101000011101000000
00000000000000010010000001101110
11111111111110011110110010000110
00000000000000100000010110011010
00000000000101101010111000110111
11111111111100100001111100000110
11111111111111111101000000110010
11111111111110100100100010010000
11111111110111110100000101101111
00000000000011110100101101010110
00000000000000111101000011010101
00000000000101010010100111010110
00000000000001111001011101101111
11111111111111011111100100110001
11111111110111110010100111111111
00000000000100101110100011100110
00000000001000000111011111101011
11111111111111111010000010110111
00000000000000010110110111110010
00000000000000100000011110111011
00000000000100011110000011111001
11111111111111010110011111010001
00000000001001010001110001100010
00000000000011010000100001100111
00000000000010101000010110011010
11111111111101010001011111011101
00000000000111001010010001110111
00000000000011101101101001100010
00000000000011100001101111110001
00000000000101011010000000100001
00000000000001101011010001110000
00000000000001111101000110110101
00000000000110011101000001001101
00000000001011111000100111011111
00000000001001111011101110011001
11111111111100001110100001011010
11111111111011100101010101110010
11111111111100101011010101010101
00000000000000011000100000000001
00000000000011000111011000100100
00000000000000001001100011101101
00000000000001101110001000001111
11111111111101111111101110000111
00000000000101100100001100001010
11111111111110010111001100000110
00000000001001011111111101010110
11111111111110110010110111000010
11111111111011101010000010100011
11111111111111001000000111101100
11111111111100110101010110000100
11111111111100110111011111000100
00000000000101010001011010101101
00000000000111000101101101011100
00000000000101101111110101001000
00000000001011000111111001101101
00000000000011001111000101001010
00000000000011111000111100111111
00000000000111111111011100001111
00000000000101000000001111001110
00000000000000010010110011111101
11111111111111100100110010111100
11111111111111010101111110111111
00000000000100101111011100000100
11111111110110011101111011111000
11111111110111001010011110010101
11111111110001100010101111100111
11111111111111001001100011111011
00000000000100101111110100101100
00000000000110010001000100100001
11111111111110101101110101110011
11111111111101010011110110100010
00000000000111011010111001011110
00000000001011100110000011000100
00000000000011001000001000100000
00000000000001111110110110010001
11111111110100110110000011100101
11111111111111000111001010110100
00000000000011111100001010011100
00000000001010111111001110011000
00000000000110000000110010101011
11111111110101110100011011011101
11111111111010101100011010110001
00000000000001010110111110101000
00000000001000001100001110011111
00000000001011001111100110001001
11111111111100101101100011011110
11111111111101100100000111011001
11111111111101001111011110010010
00000000000111010100000010011011
00000000001010000111000011101010
11111111111111111000111011000011
11111111111110011110011111000100
11111111111001100000111010011001
11111111111101000101010111011001
11111111111011100110011000011101
11111111111110001101011001000011
11111111111100011111101111101100
00000000000011000001000110001001
11111111111111011101011110011100
11111111110101010010101000000101
00000000001000110001000101000100
11111111110001010101010110010101
11111111111000010010110111101111
00000000000010111000001111011011
11111111111111001011100000100101
11111111110100110110110011001011
00000000000010101101001110110011
00000000000001000011000101110100
11111111111110100011011100100001
11111111111110101100011101101100
11111111101111000001101001110011
11111111111100001101000101001100
00000000000101110101100000110010
11111111111000001010011011101010
00000000000001000000110001000100
11111111110100010100101100111101
11111111110101011101100001010001
00000000000011000111100011111011
11111111111011101001110111101100
11111111111100111010010111000010
11111111101011000110011110010111
11111111101011011010110100111010
11111111110111101101111110000100
11111111111101111001010101111010
11111111110111111001111111101110
11111111111000101101000010010111
00000000000000010111001101110111
00000000000000110001111100011111
00000000000010111110111110111100
00000000001110000001100101101010
11111111111100010101110010010010
00000000000001101110100100100101
00000000000100100001010000110110
11111111111001101101011000010110
00000000000111100101111101001100
11111111111000110101100110001001
11111111111010100010111001000011
11111111111010010111000010010111
11111111110011111010101110011111
00000000000101001001011111110111
11111111111001101111001101110000
00000000000110100011101000001101
00000000000100001000011110010110
11111111111001101011100010001001
11111111111000110010011001100110
11111111110010010110000001100100
11111111101101100110111000011000
11111111110101001110110110011100
11111111111000001000000100011011
11111111111101011110011010101101
11111111110100101000001101001000
11111111111101101110011000100100
11111111111000101110100111100110
11111111110001011011100001111100
11111111110110011110001111011010
11111111111110110011111101000101
00000000001001100101110000011011
00000000000101111000111011100000
11111111101100110001000011111000
11111111111000011001101001011100
00000000000111111010100110011010
00000000010001101000001001111011
00000000000001100001101010011000
11111111111011011010011111110111
00000000000000010100011000010111
00000000000111100101001100010111
00000000001101110011100110100001
11111111111101010111011000011000
11111111111000111110010011111101
11111111111011010010111100110101
00000000000111101110110001011010
11111111111110011011101000101000
11111111110011011000001010001101
11111111111100101000111010000111
00000000000110111101101000110111
11111111111010110011110001100111
00000000000001010101111100001111
00000000000011110000101010001101
00000000000011111110111001111110
00000000010001111011101011010000
11111111110110010111100111101011
11111111111010000001000100001110
00000000000001000000100011000011
00000000000000111101010010110110
00000000000010011000010111000111
11111111111111010111001100000011
00000000000001101111101101101000
11111111110101000001011011011000
11111111111000010100111000111011
11111111111010010100011010011101
00000000001001111101001111100011
11111111111101101001000100110010
11111111111101111100000101110100
11111111110111111101111110110111
11111111111110111010000010110101
00000000000110110001111000001000
00000000001000110010001101101000
00000000000100111111010111101011
00000000001000010001011011001100
00000000000101000101001011110100
00000000000011000010110110000010
00000000001100011000001001100001
00000000001100010111001001000010
11111111111111001000000011010100
00000000000010011001000011101110
00000000001001111010011110100010
00000000001100000111011111000110
00000000000110011110100101110001
11111111111110111100110000000010
11111111111100110011001000000010
00000000000110001111111011011011
00000000001010100001111000000000
00000000000000000111010001101101
11111111111010110100110111010100
11111111111001010110001110100010
11111111111000110100001101101101
00000000000001010000001111101101
11111111111101011001000110111010
11111111111000100101111101000011
11111111111111000100011011001011
11111111111101110001111111000101
11111111111111100011110100001011
11111111111011010100100010100101
11111111111010011000001101110011
00000000000000111010101000010101
11111111111010010010010010100111
11111111111011010001011110001011
00000000000011011001100111110000
11111111110101100000111101101001
00000000000000111011011111101010
00000000001001111001101010110111
00000000001001101100111101010110
00000000000001110011011101001000
11111111110111000110100111101101
11111111110100111000010001001100
00000000000111110000000111101111
00000000001110111011010000000001
00000000000100101000001110010010
11111111110011010011010011011011
11111111111101100010001111111110
00000000000010110111101100111010
00000000001000011000000100110000
11111111111110111110101011011000
11111111111010110000001101100000
00000000000011101110000011101010
00000000000011100011110000111111
00000000001011001011000000011001
11111111111100111000001000010100
00000000000001010011000110011100
00000000000100010101010110000001
11111111111111011100000110101001
00000000000011110111001100000100
11111111111110110010001010100110
11111111111110001001100111101011
11111111111110101001110110001111
11111111111010001110001101111110
11111111110110111001100000010010
11111111111100100010100000000101
11111111111101011010110010100111
11111111111100111101001100000010
00000000001011111010010001000101
11111111111100011000111111011111
00000000000100101110010000000000
00000000000101011111010110110010
00000000000110100010000010101010
00000000001011001100001000101111
11111111111101101011000010010010
00000000000110101101110000000011
11111111111101010011010110101001
00000000000100000100011011111001
11111111111000000101111101101000
11111111111110101110100100011101
11111111111110011111100001011001
11111111110100000100001111000000
11111111111010011001010010001011
00000000000111110111111000101001
00000000001100001010001010010110
11111111111010011100011111110110
11111111110001101101101101110011
00000000001011101100010011101101
00000000000000111100000011111111
00000000001000110010110111001011
00000000000000101010110111110111
00000000000101000111101001111001
00000000010001000110100111101000
00000000000111100000111110010110
11111111111110100111100100000110
11111111111000110110011111000010
11111111111000111110100010111001
00000000000001011010100000011001
00000000000110100100001001101011
11111111110010101101011100101111
11111111101111011011001000100100
00000000001000100100001100101010
00000000000000000010111111000100
00000000000001000010111100001001
11111111111010100011111110111111
11111111111000110101100011111111
11111111111111000110101100100111
11111111111011000101011100010111
11111111110011001101100100111111
11111111111011111111011011011000
00000000000110111110010011111101
00000000001101100100101101001111
00000000000110100000000111110010
11111111111100101110101111000010
00000000000000000000010000010101
11111111111111100111010101010001
00000000000100000101010010100011
11111111111010101111110111101000
11111111110101110111001100001000
11111111110110000010111100010110
11111111111100101000000101100011
00000000000000001011000011011110
00000000000001000100111011111010
11111111110011101111100110010011
11111111110111100111010100011000
11111111111011101110101111001101
00000000000111111101011111111011
00000000001000000111001101101000
11111111111100101011010110110000
11111111111101110101111111001010
00000000001100010001001011111001
11111111111110001110010011110110
11111111111000000111100011110101
00000000000001011110110011001111
00000000000011000010110000111101
11111111111111011010100100000001
00000000000110111110100000110101
00000000000100110001000011011100
00000000000000001111011111000110
00000000000111011011110111001000
00000000000101011001110111110100
00000000000100100001111000101111
00000000000111111101101000110000
00000000001010010000011110010000
11111111111101110000010011101011
11111111111101101000100100000011
00000000000001010010111101001010
11111111110110011101100000111000
11111111111100111001011001101111
11111111111100100101001101110010
11111111111001011000000000010000
00000000000010100100001000110010
11111111110111001110111100000101
00000000000100100000110111011001
00000000000011010110110000100000
11111111111111010011110001110110
11111111111011001000111010000011
11111111110110011000001110001111
