11111111111000111000100111110010
00000000000110010011010110011011
11111111110011010101000110110001
11111111110011011101011001011000
11111111110110000011110000011111
11111111111011010100101101000111
00000000000010000000010001011011
11111111111111011100111001001100
11111111111011011111001111111111
11111111110111101010011001011100
11111111110111101000001110011111
11111111111111010101010110111000
00000000000010011000100100001010
00000000000010001011100011111101
11111111111100011110111101111011
00000000000100101010111000101001
00000000001101000100110110011111
00000000000100100010001111010000
00000000000111010011101110000101
00000000000001011100110001011000
00000000001000111111101010000001
00000000000001000000100101010100
00000000000111001111111000001100
00000000000001111111101010001001
11111111110110000000110110001100
11111111110100011000011010101001
11111111111110011000001000101110
11111111111010101011000011101001
11111111111111011010001100100010
00000000000100001101001100010001
00000000000000010011101100000100
00000000001010101110001010000001
00000000000100000001011011101101
00000000000000101000011111111010
11111111111111101001101011011000
00000000000000011110100011000010
00000000001000001001101011111010
00000000000011110011111111011100
11111111111100000110100001001001
11111111111110011011101010101101
11111111111110010011011110101100
00000000000010100101010111010110
00000000000010001110101100001010
00000000000110100001011000101010
00000000000100001111110110101001
00000000000011011010000000110100
00000000000010011010110110010111
00000000000011000011001000010100
00000000001010010100000111011001
11111111111110100101110001011110
00000000000011101110111001000110
00000000000011101011000110110001
00000000000011101101011001000010
11111111111101101001001111001011
11111111110111001101100110101111
11111111111011010011101001100111
00000000000001000000110100101100
00000000000001010010111001110000
11111111101111010101101110111100
11111111110000100100001101111111
11111111111101011001101011111010
00000000000101110011000010101100
00000000000011001110110111111110
11111111111001101111100011100100
11111111110110110011101111110100
00000000000100111111101001011111
00000000000011001101010010100100
00000000000010100001100000100000
11111111111101000001111100100110
00000000000001010111011001111010
00000000000111010100000111100001
00000000000110001010111110111010
11111111111110011100000111100101
11111111111111001111010100001110
11111111111100101101101000011101
11111111111011010111101111110001
00000000000010111110010000111101
00000000000010110111111000010000
11111111111100011000101011110100
11111111111011111111111110000110
00000000000110001001001100100010
11111111111111111000110000010010
00000000000011111011001000000011
11111111111010111100101011011000
11111111111001110101101000011111
00000000000001100111111000100111
00000000001010100001011100111100
00000000000001110011011100011100
11111111111011111101001010000100
11111111110011101011101101110111
00000000001000101011011110001000
00000000000011110011001001111011
00000000000011111100100010000011
00000000000101000110000111111111
11111111111000110101000010100000
00000000001010101111110010001111
11111111111111101101001001110101
00000000000101001101101001110011
00000000000101110111111010100111
00000000001000000000011100101101
11111111110011001100101000101001
11111111111110011000011010100111
00000000000100010111001010111001
00000000000011100100110100001111
00000000000010101111000011000010
11111111111011110000101110100010
00000000001001101101011001000110
00000000000111100000001100011011
00000000000000000011010011101000
11111111111101110000111010011011
00000000001001010101110001111001
00000000010000110110111000111000
00000000001000000001011001001000
11111111111101101110101011100010
11111111111100100110111010011110
11111111111100011000110101001111
11111111111110010001110000001010
00000000000000011111010101011101
11111111111100100011001101111000
00000000000000010010011100000001
00000000000000110001110000111111
11111111111110010011111111000001
00000000000010011010111101000111
00000000000110000101100001111010
00000000010011011110111100100111
11111111110101001101010000001011
00000000000000011010111100011100
00000000000100011110011110010000
00000000001000111001100111010011
00000000000111100011000110001001
11111111111001110101000001100011
00000000000010010101001100111001
00000000000010001000110000001110
00000000000011000111010001000110
00000000000001011111110111001001
11111111111010100111100110001101
00000000000010111001100010010001
00000000000000111010011011000110
11111111111001001000100110110000
11111111111000001011101111111101
00000000000010010101101001000011
00000000001000000111010100011111
00000000000011100110111011001001
11111111111010011000001011101010
11111111111011101111110010001110
11111111111111111000101111111100
00000000000010011010100000010110
00000000000000010101111001110010
11111111111100101100101001011111
00000000000000101110011100000100
00000000000001000010000101011011
11111111111101100001001110101010
00000000000010100110110010000100
11111111111111001001110011111010
00000000000100000011111010000101
00000000000010011011011011110101
00000000000010111000011000111110
11111111110110001110111111011000
00000000000100110001011111010110
11111111110110101001101010010001
00000000000000100011011101101011
00000000000100111111010011100010
11111111111111010010010011100110
00000000000101100011101100111011
00000000000000000111111010110100
11111111110110101101010001001000
00000000000001011000000111111000
00000000000000100011000010110110
11111111110110011001000011110110
00000000001001011001011000001100
00000000000001100110111100010111
00000000000111100111010001111000
11111111111111111011101110011001
11111111111110101110011110101011
00000000000001100100100011001111
00000000000100101011010000111100
00000000001011000100101010100010
00000000000101101000100001000010
00000000000001011100101000110000
00000000001011010101001110110111
11111111111111100110100011011001
00000000000101011010110101010000
00000000010000010111011110100111
00000000001001101110111001011011
11111111110000010011111111100011
00000000000101100101111010010000
11111111111110011000000010110100
00000000000010110100010000110101
00000000000010111101001000000110
11111111111101101001101010011111
11111111111111100110110011001100
00000000001001111001100001111110
11111111111100100011010001001011
11111111110110100101101001100010
11111111111010100010101011001000
00000000001100110001010101001101
00000000001011101001101100001000
00000000000101011011110101110011
11111111111111010110101010001011
11111111110110111001110111111001
00000000001010010011111011101010
00000000001001001011010010011000
00000000000100000111000000011110
11111111110010000000010111100000
11111111101111001110111101001101
11111111110100111111010011100110
11111111110010011000000011100111
11111111111100010011000000001001
11111111110000101100010101100000
11111111110100100011011111011000
11111111110100011001101100100001
11111111110011001100100001011101
00000000000001000010010100101011
11111111111011111001010100111010
00000000000010010100101011100000
00000000001011100010001010001011
00000000000101110110110000110111
11111111111101101110001001010000
00000000000001010100011001001111
11111111110111101110101000110100
00000000000111100000011010100101
11111111111111101000101101011111
11111111110110111000100000010101
00000000000001101111110011101010
11111111110100101111000011100001
11111111111010100110011110001100
00000000000000111011111100100000
00000000000011001010100010010101
00000000000011101111010011001010
11111111111011011010110000011101
11111111111001101001010101000101
11111111111111110101111110011011
11111111111111010000011001111110
00000000000000010111000111110111
00000000000111110001100100110000
00000000000011101010101110111000
00000000001001110100011111110100
00000000000011100010110111111001
11111111111100100110100001001100
11111111111100000000010010011001
11111111111101011000100011010001
00000000000010011010101011110011
00000000000000001010000000101011
11111111110101010111111010010010
11111111111101011001010100010101
00000000000001111101100011011110
00000000000110011111011110100000
00000000000110100001010000111101
00000000000110010100111111011011
00000000010001111111111111110101
00000000000000010000110001011000
00000000000100111010110010110000
11111111111110001110000111111011
00000000000001110110100010011001
00000000000011111100011111001010
00000000000101110111111100100010
00000000001000011010010110100001
11111111111010001001011000110001
00000000000000011100000101011111
11111111111001111011000011000111
00000000001001010110000011011110
00000000001101010010011001000111
11111111111111101011101011101010
11111111111111001010001100001111
11111111111111000000010010110101
00000000001101101100111011011110
00000000001001101110001111111101
11111111111001100101001111010101
11111111111011101010111010111100
11111111111101000000000000010110
00000000000101110000010100000001
00000000001011010000011010000011
11111111111111110010100110010100
00000000000011010101100000111010
00000000000000110101111000011101
11111111110110010111110001111010
11111111111110001110000011000101
11111111111010101101011111010101
00000000000001110000101001000001
11111111111001001000111100111101
00000000000011010110111100110100
00000000001001111001001011111001
11111111111101010101101011011100
00000000000000111000111110011001
11111111111011001110011001100100
11111111111100101010001001100010
00000000001010111010000100111011
00000000000010110000011101010000
00000000000000101110101100100110
00000000000011100000010010000100
11111111111100000001110101100101
00000000001111011001111101010110
00000000000011011011001000001110
00000000000100110000101110100011
00000000000001000101011111111011
00000000000100110111010011100010
00000000001011011110011011011101
11111111111011101000011100001000
00000000000001101111101011101010
11111111111000111100000000101000
00000000000100100000100111110011
00000000000101111101011000001101
00000000000101101110001000101101
00000000000010010111101010001100
00000000000101010101110110011000
11111111110110001100010000110001
11111111110100001001001001011011
11111111111110101000100110111101
00000000000111001000000111111011
00000000000001111101110011100011
11111111110111010111100001101100
11111111110100011001111111000010
11111111111101011111001011101001
00000000000111010001000010001010
11111111111110001110110010100110
00000000001000011110000101010101
00000000000101101000110001100000
00000000000100011110111001000100
00000000000001010011000110010101
11111111111101100110001110000111
11111111111010111011011011101110
00000000000111011101101100100011
00000000000101101000110010110100
11111111111110011001010111101110
00000000000000110101111010111010
11111111111111101101010010101000
00000000000000100110101100010010
11111111111001010111001000000111
11111111111011110100000100111111
00000000000010111110110110100010
00000000000110001000000101001111
00000000000010001010111011001010
11111111110111111011010000000110
11111111111100110100000011001101
00000000010011001110010110100100
11111111111110011111110100000110
11111111110110010000000110111111
00000000001010101100001001011000
11111111111011101011000101111000
11111111111100010001001010001110
00000000000010000010100001100101
11111111110010000101010011001010
00000000000101000010110000001111
00000000000101100000101110111110
00000000010000010111110100001011
00000000001011101000101011110110
11111111111011111000101011100011
00000000000001110111110001101111
00000000001000011110001100111001
00000000011000100011010000000100
11111111111000100110111110101100
11111111111111011011010101100100
00000000000000110110100011010011
00000000001011110011010000010100
00000000000110101100111111010110
11111111111010001111110101110111
00000000000111101011111011100101
00000000000001100011101111100000
00000000001111110101010100001101
00000000001000101000100100001010
00000000000101001100100100110100
00000000000101000001111100101011
00000000000001001011101010110001
11111111111011111111010100010100
11111111111000011100000111101000
11111111111101000010110110101011
11111111110110101010111100000111
11111111111110110111100100101110
11111111110110010100111000011110
00000000000001011000100001001111
11111111101110001011100011010110
00000000001011111010100011110110
00000000000001111010101101100111
11111111111010101010101110100100
00000000001100110100001011101100
11111111110011011000011011010110
00000000000011010110100011101010
11111111111101101110110110001111
00000000000110000100011100100011
00000000001100000000011000010010
11111111111110010000010111100000
00000000000110100001010000110000
11111111111101110010111101001000
11111111111010100111001110111010
00000000000110100001011111100010
00000000001000010010001000101110
00000000000111111110100010010100
11111111111101111100111100011111
11111111111010010011000110000101
11111111110101111000000110110000
11111111111100111110110010110101
00000000000010000010000011111110
11111111111111010000111100101110
11111111111111010111101011010100
00000000000101010010010010111011
00000000000101001011010100111011
00000000000010011011100100001111
00000000000010110011010111000000
00000000000101011101011110110110
00000000010001010110111101100010
