11111111111110000011101111001011
11111111111100010101000000100111
00000000000010001000000111001011
11111111111100000000111111100111
00000000000001011110100110011111
11111111111111111001010000011000
00000000000001111001010100011101
11111111111100101011000011101010
11111111111111100010000010110001
00000000000000010010011101011001
11111111111100010000111001000110
11111111111110010111010000011001
11111111111100000011000000000110
11111111111111010100101100111011
11111111111101111100111001110100
11111111111111011111010111010001
11111111111110110110110000101000
11111111111111000101110110111101
11111111111101101011011110010110
11111111111111000001111101000100
11111111111101111111001101000101
11111111111100100100011111001111
00000000000000001000000010000111
11111111111110111100000000101110
11111111111110001100101101011011
00000000000000010111100110101010
11111111111101010110111110011011
11111111111111011001110010001100
11111111111111011011010100010010
00000000000000101100011000101101
11111111111111111001000101100011
11111111111101111100111110110101
11111111111110001110100101110100
11111111111101100110001111001000
11111111111100011010001100110100
00000000000001101110100010110010
00000000000001001010100111011010
00000000000000001001010000110111
11111111111110100101010000011100
11111111111011110101100101001000
00000000000001111101100100111000
11111111111101101101100010101001
00000000000000100111110001010110
00000000000000111010101000101101
00000000000000111000111011001111
11111111111100100001111101011110
11111111111101101010010100010110
00000000000000111100110010011100
11111111111100011101011000110101
11111111111011111010101100001010
11111111111100111110110111011010
11111111111110101101000001111101
00000000000010000111010111110010
00000000000001101100010100000000
00000000000001111000001010010000
00000000000000100000111100011111
00000000000001010100000000000111
11111111111011110100100011011100
00000000000000110000101000111111
00000000000001111110011111111101
11111111111111100010111010010100
11111111111101000000100110101010
00000000000001100011110110100111
11111111111111110000100010111110
00000000000001010110010101010010
11111111111101000011000110011101
00000000000001010110110100010110
11111111111111001010010101011001
00000000000000000100111110100010
11111111111111001010010111001100
11111111111101001001111011111010
11111111111111010100010001001101
11111111111111101100010000101101
00000000000000101111100101110101
00000000000000100011100000001110
00000000000000100000011100111111
11111111111111001101100011100100
11111111111100101010001100010111
11111111111111011101100011001011
11111111111101110110101110010101
11111111111110000010111010100101
00000000000001000000111011000011
11111111111110101110110111111111
00000000000000011011001110001000
00000000000000011101100011010011
11111111111111001110101001110101
00000000000000111000001011100010
11111111111100100011101011001110
00000000000000000100000001111100
11111111111110011101110100011000
11111111111111111001011111101011
00000000000000000010100010010101
11111111111100100100101011101010
11111111111111001111111000111000
00000000000001111000000011001011
00000000000001001100011111010100
11111111111100101100011101110011
11111111111111110101001001101011
11111111111100000101000010001011
11111111111101110101111011000110
11111111111100111011011111100101
00000000000001110001100100100111
11111111111110010010101010110111
11111111111100100011001100101111
00000000000001010111110100110101
00000000000001100111011110101000
11111111111100001000111111000010
11111111111111110110111001110010
11111111111111011111000001111000
11111111111110000000110001110101
11111111111101111000110010000010
11111111111111001111100011001001
11111111111111010101100101010110
11111111111111110000100000111101
00000000000001000001101100011100
00000000000001101100101100000001
11111111111110100010010100001101
11111111111111100111111101011000
11111111111100100000111101110011
11111111111110101100111100110000
11111111111110001010010101110110
00000000000011011111111001101010
11111111111100110101110000111011
11111111111110101000001001111101
11111111111110001001001011001111
11111111111110000011011000011011
11111111111101010111100000100110
11111111111100011101100100101101
11111111111100000101010000001101
11111111111111010101001001010001
00000000000000101101110100001000
11111111111110101000101001010111
11111111111101010011100001001011
11111111111111010001000100100100
00000000000000100000110000001111
00000000000000000001010101110010
00000000000000101010111101001000
11111111111111101101100001011111
11111111111111001010000000101101
00000000000011011110101000010111
11111111111100000100011110111101
00000000000001100110000111100000
11111111111111010111001010011100
11111111111111000000100010000111
11111111111011110111011101101001
11111111111101000111011011011101
00000000000000001001011110101111
00000000000001001100001001101100
11111111111111100101111100100000
00000000000001000000100001010110
11111111111100000110000111101101
11111111111101101110010010000001
00000000000000000001001100000110
11111111111111011011010000000110
00000000000000111000001100001101
11111111111111110110111011100011
11111111111110110110100010010011
00000000000010000011010100010011
11111111111100100101110000011110
00000000000001111001110100011100
11111111111100001101101110000110
00000000000000111110010100011010
00000000000010101100111111011010
11111111111111001101000101101110
11111111111100111001111111111111
11111111111110110100000101110101
11111111111111110001010110011111
11111111111110010010000111011101
00000000000000000010000000111001
11111111111100010101111100111011
00000000000001000101101000000000
00000000000010100000110011010111
11111111111111000111101101010100
11111111111110011011101000000010
00000000000001110000010100000101
00000000000000110111011111110001
11111111111110011100010010111001
00000000000010011010001000010111
11111111111101010100010111100000
11111111111111100111011000111110
11111111111110000010110000111101
00000000000001111001001010110010
00000000000001101101000111001110
11111111111101010010001101011000
00000000000000101101000101000100
00000000000010001110100101011000
11111111111111001101111110101110
11111111111101000111111011001011
11111111111111010001100000010111
00000000000010001000100000001011
00000000000011000011000101011111
11111111111111101000100101001001
00000000000010101101001010001100
00000000000001101100100101101100
00000000000000110011010011100111
00000000000000110010010010011010
11111111111110001110010101100111
11111111111110001011100101110100
11111111111110101101100000100011
00000000000000101110010110110111
00000000000000100110110010110010
00000000000010001000011011101100
00000000000010100100100110001110
00000000000000101010110010001111
11111111111100100001011001011101
00000000000010100001111101011011
00000000000001100010110100111110
00000000000010110000000101110011
11111111111100000110001100110001
00000000000001010100001001001110
11111111111111001101101101011100
00000000000001101000000011111101
11111111111100110001001111111001
11111111111100110001110001111101
11111111111100001111001100101100
11111111111111110001000100101101
11111111111101110101101000000110
00000000000000000011100100010111
11111111111101101010010111000101
11111111111101111010010010101010
11111111111100101001111001100011
00000000000010110110011100110101
11111111111111111001010001101000
00000000000011011010100111010110
11111111111101110100011101110111
11111111111100101111110100110011
00000000000001000010101100101111
11111111111110111111010111100000
11111111111111000010101111000101
11111111111101000000000111000101
11111111111100001011101100110101
00000000000000001011011000101000
11111111111111111010110110111100
00000000000000011101001001101000
00000000000001111001011010111110
00000000000001110000011111010101
00000000000001000101111001111111
00000000000001011001110001101001
11111111111110100111110111010111
11111111111101010010011001110110
11111111111110100010011100110111
00000000000001111101100111010100
11111111111100001111101100110100
00000000000001011111111100100010
11111111111111111000001011100111
00000000000001010001000110001101
11111111111111111011100010000010
11111111111101011111001001101011
00000000000000010010000000111110
11111111111110000101111111110100
11111111111101011000111011000110
00000000000001101000100100111110
00000000000000100101101010011110
00000000000000101001010101111001
00000000000000011110011100011011
11111111111011111000101101000011
00000000000000010110111101000011
00000000000000010011101111101100
11111111111111111111110110101000
00000000000001000101111111011001
11111111111100111000010100111000
11111111111110101000100101110000
11111111111110000001110010010100
00000000000000000001110111001011
00000000000001000011100000000000
11111111111100000000001101101100
00000000000001010101010010001101
11111111111101011011001001100011
11111111111100011101110011111100
11111111111100001001010111011100
11111111111100010100110000100111
11111111111111111101000010110010
00000000000001110110101011001101
00000000000001011000000000110010
11111111111110011000111001010001
11111111111101000111011111100110
00000000000001110111010100100100
00000000000000001000101000011011
11111111111100011001010011110110
00000000000000100010110111100100
11111111111101101011101100001000
00000000000001110111101100101000
11111111111110101101011101010001
11111111111011111100101110111010
00000000000001010000011001001000
00000000000000011110110110011000
00000000000000001000000011001101
11111111111101101001101101000001
11111111111111111100110010010001
11111111111111010100100010010101
11111111111110000100010001011101
00000000000000100110011001010111
11111111111110110000001001110001
00000000000001100010000100001010
11111111111110101100010100010001
00000000000001001111100010001010
11111111111110101001110000001011
00000000000001100011010011001100
11111111111111101101010110111100
00000000000010000100111110110110
00000000000001111011011011010111
11111111111100111111011100101101
11111111111110101011111111010111
00000000000000100100010000010111
00000000000010001011101001010010
00000000000001111011011110101010
00000000000000111110110101011100
11111111111110110011100110010110
11111111111110010101010000011101
11111111111100010110110111001100
11111111111101110000110011110110
00000000000001110001000110111000
11111111111110101010100011100000
00000000000001011110101100100101
11111111111111011100100011000010
11111111111110100110101000001001
11111111111101101011100010011111
11111111111110101000100011000101
11111111111101111101011111100010
11111111111100001101001100011101
11111111111110001100001110010111
11111111111111011110110110111001
00000000000001000010100101001001
11111111111101100101000111011001
11111111111101110001010010111001
11111111111100110001110010000011
11111111111101110111110111010101
11111111111110111110101110101101
11111111111101100010010010101100
11111111111100110111000001111011
11111111111011111011001101000110
00000000000001101110001111001000
11111111111111100101010010010001
11111111111110111010110000111010
00000000000001011101100001111010
11111111111110111010011001011011
11111111111101011101101110100010
00000000000000011010001011011111
11111111111110100110000111000111
00000000000000000100000000010111
11111111111110000010110000000000
11111111111101010001110011110111
11111111111100011101110011100100
11111111111110011011010110011110
11111111111101101110110010010110
11111111111110111010100110000011
11111111111100010000010111011011
00000000000010000001101001000011
11111111111100000110010111000001
00000000000000101001100111101111
11111111111100000001111011000000
00000000000001111000000100011111
11111111111101011010111000110110
11111111111110000110100001000111
11111111111100010010111010101001
11111111111101101011111000100110
00000000000000001111111001101011
11111111111110001001111010001111
11111111111111010110011010000001
11111111111101101011111000111110
11111111111111111000001110111100
11111111111110010110011010001111
11111111111111100010100001010011
11111111111111010001100001000111
00000000000001100000010110111111
11111111111100101011001000111110
00000000000001001101010110001001
00000000000001001100010010011001
11111111111100100010110101001000
11111111111111001010011111011100
00000000000000111101011100110011
11111111111111110011100101110110
00000000000000011100010010110100
00000000000000111010110110110110
00000000000000011101001110001100
11111111111110111111010110100011
00000000000001110000000101100010
00000000000000001100010110110000
11111111111111100100100101001111
00000000000010001111101010100010
11111111111110110000011111011010
11111111111111010011010111010000
11111111111111010010111001000010
00000000000001100011010110011011
11111111111111111010111111011001
00000000000000100110000001110100
00000000000001110010101110000111
11111111111100101101010100110100
11111111111111101101011111010011
00000000000000001111110110001100
11111111111100110011011001001101
11111111111110101111110101011001
00000000000000111011010110011000
11111111111110110111111010000011
00000000000000101000111110000100
11111111111100110110001010001000
11111111111011111001000000000011
11111111111011111110011111010101
00000000000001110000101110011011
11111111111110101100011111001100
