00000000000000111110001110111001
00000000000000110011101001110110
00000000000001100100100101010000
00000000000010010001010101100011
00000000000100010101011100101100
11111111111111011000110100110101
11111111111111101111000000110110
11111111111101011101111001111011
11111111111010110001001001001000
11111111111101100111110110101100
11111111111111111011101000000001
00000000000010000001110100010010
11111111111101110000010001111010
00000000001000100011111011110101
00000000000000011001011101010000
11111111110011000101110011010100
11111111111101011011000100010011
00000000001110111011001010001001
00000000000110101011101101000110
00000000000101000110010111100001
00000000000111110100001000001000
00000000001101100111101111111001
00000000001001011101100110110000
00000000000101010011110001100100
00000000000101111111010110110001
00000000000100010000011010100011
11111111111111100001101011011011
00000000001000110111011101010100
00000000001001101100101000101100
00000000001001110011000110100000
11111111111100100100111011100110
00000000000000000111101010100101
11111111111111110000000010110011
00000000000010011001100000101101
00000000000001100100101010111101
11111111111011111111010001100001
00000000000001101010110000000100
00000000000010100000011100011111
00000000001111000010001101001100
00000000001000001111001001111101
11111111110100010110001010001010
00000000000001001001100100110001
00000000001000000001100011011100
00000000001010000001001011100100
00000000001010100110011110000111
11111111111000101001001011000110
00000000000101100010101110111111
00000000001010111101010000001001
11111111111110011000011100001110
00000000000101101100001110010111
00000000000011111110011101111001
00000000000101000101001010000101
00000000001010111010000111110110
00000000000001000111000111100000
11111111111111010110001001100001
11111111111111110110010001101110
00000000001000010111110110110100
11111111111011000100100111110000
11111111111110001011110011000011
00000000000111000001110101011100
11111111111111101101110100010010
00000000000000000011101001001110
11111111111011010011101010000011
00000000000010011000110001101011
11111111111101001011001011100111
00000000000011111000110011010111
00000000001010101100011100110101
11111111111110101010111100011101
00000000000000111110110010000101
11111111110100101011010100010011
11111111111100001000100000010010
00000000000101101111011000111101
00000000000110100001111000111101
00000000001011101000100110110100
11111111111111110011100111011111
11111111111111100110101011110011
00000000000110100110101101110000
00000000000101111010100010111110
11111111111101001100111111101010
00000000000011011100111100001101
11111111111101110011000101011000
00000000000100100101001010011011
00000000000111101011001101010110
00000000000011000100011001100111
11111111111110101001110110010001
00000000000011101101010000101011
11111111111101011110111101110100
00000000000101100111111011100110
00000000000100011101000101001100
00000000000111100000010011001101
11111111111110000010010100001011
00000000000011010001101011101100
00000000000011111111101010011010
00000000000010110110101010100100
00000000000001101000000110001001
00000000000001110100101001101011
11111111111010110011001000000010
11111111111100101111110000110010
11111111111010011111010010010001
11111111111011110010011010110000
00000000000010011010101000010110
00000000000100101001001010011101
00000000000110010010011100011111
00000000000001101010100110110011
11111111111111011001101000100110
00000000000000110110111101010100
00000000000010110101101001000110
11111111111101110011001000101011
11111111111011100111110010111100
11111111111001010011101110001010
11111111101101111101111000110111
11111111111010110000000101101110
00000000000000101110110111001100
11111111111111010111101001011111
00000000000010001010000000011001
11111111101111111010111000001011
11111111111010000001100110010110
11111111111110011110011011001111
00000000001011101111011111101000
00000000010001000100101001000001
11111111110110110101110001000101
11111111110001011100101000010100
11111111111001101000001111111101
00000000000100010001001010101110
00000000001011100100011001000101
00000000000001010111110101110101
00000000000101010101100011001011
00000000000001100110101010011111
11111111111011001110000110010010
11111111111110111000001101000100
00000000001000111011101001000111
00000000000001011010011011010001
00000000000111010011111100111010
00000000000111011111111010000010
00000000001000010001011100011001
00000000000000010000100110111001
11111111111110101000100100110111
11111111111001100011110100010010
11111111111100100000100101101001
00000000000100111101101001011001
00000000000011101111101101011000
11111111110101111000100100011010
11111111111010010100111110001111
00000000000000000101000001001111
00000000000010001100100000011011
11111111111100000011000010011100
11111111111110111110100010111100
11111111111010110111010101010101
11111111111000011110001011110000
11111111110011011001001010011010
00000000001111111001111001111001
00000000001001000010001000110111
11111111111111011001011110001000
11111111111000110101110100100001
00000000000111000000010110001111
11111111110111000000111110101001
00000000000001000101100110000110
00000000000011110111011000101111
11111111110101101011010001001101
00000000000001010011111010010110
00000000000100011101111100111011
11111111110100111110101100101100
11111111110111100100111011110101
11111111111101110010111110100111
11111111111011110110110110100111
11111111111101011000011000000011
11111111111010101111011010100101
11111111101110110010000110001101
11111111101110111010010010010001
11111111111100110010010100000000
11111111101110101010011100111011
11111111110101011100100011100100
11111111111011100111011101001001
11111111101110000000011101100100
11111111110101101011100001100010
00000000000011011111010100100001
00000000000000110000110101101101
00000000000011010000100110101010
00000000001010010001001100111011
00000000010001111111000101010111
00000000000011011010000101001101
00000000010000011001111110101111
00000000001000001100000001000111
11111111111000111110011010011011
00000000000111001110110001101110
11111111111100100000011011010110
11111111110101011011110001000101
11111111110111000010101010010000
11111111101011010011011110001101
00000000000101000111011000111110
00000000000010000101001000010101
11111111111000110110110110001100
11111111101001000001000110010000
11111111101010101111001010100101
11111111110101101001000101011011
11111111101110100000101110011110
11111111110010000001010000001001
11111111101101000000111010101101
11111111101111101001010000101001
11111111101110101110110010010100
00000000000000101101001010101011
00000000000001100100001010101101
00000000000001101011011110000110
11111111111100011101110010101101
00000000001000110011101010100110
00000000001111000001101110011111
00000000010101101111100001001001
00000000000001100101100111100100
00000000000111001110100000111011
00000000000011101111010010100111
11111111111100110001101100110111
00000000000110010110101001101101
11111111111001010000110111110100
00000000000010101100111101111111
00000000000100010000101011000101
11111111111000010100001011100100
00000000010001001100000111111110
11111111111111100100100010101110
11111111111101101010010010100011
11111111110111111101011101000100
11111111110100111110101010000110
11111111111101110111111011111101
11111111111010000001000001110110
00000000000010010111010101010000
00000000000010110000000000001110
11111111111111101100000111110000
00000000000101011101010011010011
00000000001000111100101100001001
00000000000101110010100010110011
00000000001000010000011001010111
00000000000001110110001100111111
00000000000110010011001000000111
11111111111100100000110100101001
11111111110101110110001011000110
11111111111011101010110001010111
11111111111010110000011110111100
11111111111011111101110010001001
11111111111011001000111001110111
11111111111010011001001010101101
11111111111101001001111010000010
00000000000000101100010110101001
11111111110111100010111100000000
11111111111110101110110100010010
11111111110011101110111011011110
11111111110101110011011110010110
11111111111111000011100101001111
00000000000000110101110100000110
00000000001001110000100101001100
00000000001001111011110011111001
00000000000011100111001010100110
11111111111011110100111110001000
00000000000100111101110001001001
00000000000010000000000110110011
00000000001000010101110100000111
00000000000000101111100010100101
00000000000101101101100010001011
11111111111110110000001011101001
00000000000010001000111111101011
00000000000010010111111001110001
00000000000011100010100010000011
11111111110101100100011110110000
11111111110110100000011011111101
11111111111011110100110101000001
00000000000010101011101010011111
11111111111100000110001001110110
11111111111100101010111101111010
11111111111001101001010110101011
11111111111110011000001011011110
00000000000000011110110000001000
00000000000001010001000110011001
11111111110000001011110110100111
11111111111010011110001110001101
11111111111100110000110011101100
11111111111111011001111001110100
00000000000000010111100000101000
00000000000100110000111001010001
00000000000011001001001111001100
00000000000110011010000010101101
00000000000111110011001000010110
00000000001000000010001011001000
11111111111011111110100001101101
11111111111100110111111101000010
00000000000011010110010111001000
11111111111110110001010110011010
11111111111001001111000000101100
00000000000111010011000001011110
11111111111100100011010010011111
00000000000001001100001100000010
00000000000101111100001001001001
11111111111001110000100010010011
00000000000011010100111010110111
11111111111100111110101101111101
00000000000011101000001010000100
00000000000010000011101011110110
00000000000100101100110101010000
11111111110011000010111100110111
00000000001111110000110001000100
00000000000000100110101010111001
00000000000011110110001100111010
00000000000011000000010000111010
00000000000000011110101001111001
00000000000100010100111000111001
11111111111111011100110111101001
00000000000011001100101110100010
00000000000110101111111001010101
00000000000010010011011010000010
00000000000010110001011101100101
00000000000111100000011101000111
00000000000011100111111100100010
00000000001001100000011111110000
00000000000110101000100110001011
00000000000001001001110111101110
00000000000001010101010001001011
00000000000101001000110001000101
00000000000011101110001101000001
00000000001010011001111011101101
11111111111100100000000010100010
00000000000011100100011010111010
11111111111100110010011010101000
00000000000010000110100011010001
00000000000010000000010111110010
11111111111001111011100100100011
11111111111111101011010101101110
11111111111000010010111010110110
11111111110111001011100001001111
11111111111001110010001001001111
00000000001101000011110011010000
00000000001001100101010110011001
11111111111110001011010101001100
00000000001001111011111010010100
11111111111011101011111100001111
00000000000000000110010010110000
00000000000010101100010101101111
00000000000010011100011111101011
00000000001010100111010011011010
00000000000110000010100000100111
00000000000010110010101001111011
11111111110111101010111111010101
11111111111011101101001100010010
00000000000000011111001100101001
11111111111011000000110100110100
00000000000010110010001101011010
11111111111000011011001011110010
11111111111110001101110000110000
11111111111000101010101110001101
00000000001010100001011101010100
00000000000111001101100000101001
11111111111000001001101001001111
11111111111110000110010010100101
11111111110111010101111011111000
00000000000111101100000101110001
00000000000110100110111000100110
00000000000000110111001100010111
00000000000011101000110011011100
00000000000000001010101000001100
00000000000001010110011010100100
00000000000001111010101000010101
11111111111101000011001101001111
11111111111011010101011110110001
11111111110010110101000110011001
11111111111011011010011111110110
11111111111001010101110010011001
11111111111110111000011111101110
00000000000001101011011010011001
00000000001000001101001110111111
00000000000010111011101100010111
11111111101110001100001000110010
11111111100010011010101000011101
11111111110011011111100110001101
00000000001110110001101011110010
11111111111011001000011001100011
11111111111100010001110100011110
11111111110101110100011111000101
11111111101111110010111010110010
00000000000000100001100111010011
11111111111111000000011100011000
00000000000010101001010111000111
00000000000111111100111011110010
00000000000001111111010110000001
00000000001000100001100100000100
11111111111110000010110011000010
11111111111111010010011000101000
00000000000010101111101111101000
00000000000010111010011000000111
11111111110111000010111101110101
11111111111010000001110110001001
00000000000000010001011011000101
11111111111111010000001011110001
00000000000100101101001100111110
11111111110111110001011011000000
11111111111110110000111111101111
11111111110110100000100010111100
11111111111100000101010001110000
00000000001010110000011110110010
11111111111010111011111000000011
11111111110100000000000011110101
11111111111100000010001100010010
11111111111111010010110101010100
00000000000001001010010100010111
00000000000100110101011100111110
