11111111111111111110011010011010
11111111110100010010001100010000
11111111111100001000011100110000
11111111111100110101010101001000
00000000000010001000001010010100
00000000000010001111000110101001
11111111111011100000001001010100
00000000001001000100111001000000
00000000000001110001111000001110
11111111111000111111001101001101
00000000000000101110000111110110
00000000000100011100011111111100
00000000000111011110111010100001
11111111111110100011101010000110
11111111111111011101010100000100
00000000000101110000100011010100
11111111111101110100000100000001
11111111111101010100010111001111
00000000000100001110001101101101
11111111111011111111011110011010
11111111110110110011100100100100
11111111111011110111001111000100
11111111111100110101001110011001
11111111111111000101010111010100
00000000000111011110110110000000
00000000000000010110111011011100
11111111111010100011101011001000
11111111110110011010110011100010
11111111110110001011101010110001
11111111111111100001101011101001
00000000000001110110001000011100
11111111111110000000111110110001
00000000000011101111001000001100
11111111110111101110010011101111
00000000000000100101111110100011
00000000000100100110110001110010
00000000000010000001101010000001
00000000000111001010011011001011
00000000000010010111001101100101
11111111111100010100100110001100
00000000001011001101000000110010
00000000000101111010100011001100
11111111111111001111101000100111
11111111111011110111000110011100
11111111111101000011001101011110
00000000000011111101001001001010
11111111111101111010000111100110
11111111111000111110001000001111
11111111111111011110110101111111
00000000000001101111011010101111
00000000000000111011100001011111
11111111111100011111000000011001
00000000000011110110110100000111
00000000000011000010011100011000
00000000000011111001110100000011
11111111111101000010000010100001
00000000000110000001010101101001
00000000000001100010011000010001
00000000000110011011010000010111
11111111111011001101111011001101
11111111111101010111101110100101
11111111111001111101101111101101
00000000000000100110000001010101
11111111111110111010100101000010
11111111111101010010010111100010
11111111110001100011111100101110
11111111111010001111101101100001
00000000000000101101111111101110
00000000000110000110101001011110
00000000000110000110010001110100
11111111111101101010011010011010
00000000000000101101001011111011
00000000000100110010100110101000
00000000000100010101110011011001
11111111111000111110110101111111
11111111111111000100110110100110
00000000000001101101111010001111
11111111111111010100111001010000
00000000000100111001110111011001
00000000001011100010111100111111
11111111111101011110001000111100
11111111111111100010001101010000
00000000000100110100100001011100
00000000000010100001011001100100
00000000000110001011110011010001
00000000000000111011010011101100
00000000000000001011101000001010
11111111110101000000101100101110
00000000000110010110110101000000
00000000000100110010111100011011
00000000000001100111001011000100
11111111111100001100111010100000
11111111111011100011100110001110
11111111111010010010011000000001
11111111111000111000111101011010
11111111111010000111011101110010
11111111111111010101100101111001
00000000000011101100111011011100
11111111111001101110100100110101
11111111101111011000100111000100
00000000000110101000001000010000
00000000000110010010010100000011
00000000001001001001101000011000
00000000000101110100110110010100
00000000001001111101001110110001
11111111111110111000111001001000
11111111110110001101011011111001
00000000001000010000000010000110
00000000001001110100111110001000
00000000001000100111110110111110
11111111110101010110110011001101
11111111110101110110101101100101
11111111110110100001000011000101
11111111111101001000100010001111
00000000000010110100001011110100
00000000001011010000010100101010
11111111111011100100111001010000
11111111111110001010011110110010
11111111110010000001110001010000
11111111101100010010111001010011
00000000000110000010111001111110
00000000000100100101001000100110
11111111111000010101110010111000
11111111110010001100100001111011
11111111101010000000101100111111
11111111111101001110111111010000
00000000000110111010010001011110
00000000000111111000001101101010
00000000000001110101111110010010
00000000000011001101100101101111
00000000000001111010001110100111
11111111111101100000010011100000
00000000000101101011000101010000
00000000001010000110110011101110
00000000000001001001110001000000
00000000001000101101111110101110
11111111111111011000110110110101
00000000000111001010101010110000
00000000001100100000001001001010
11111111111010111110100011111110
11111111110101101011110110110100
11111111111011110000100011100100
00000000000110001111101011011101
00000000001001000011100011010010
11111111110011000000000100110011
11111111111100010111010111011010
11111111111010010001110000010100
11111111111010111100001101011110
11111111111100110011100101011101
11111111110100100001110001111101
00000000000011111010110101100001
00000000000011010000101111110111
00000000001010101011110001100111
11111111111100010111010010111111
11111111110011101010010110101000
11111111111100000011011001001110
11111111111011100111010001000110
00000000000100001110000001001010
00000000000110010100110000100100
11111111111101110100101110101100
00000000000001101110011001111110
00000000001101000000100010111100
00000000000010001011100101011100
00000000000011001101110010010101
11111111111100010101011111001010
00000000000110001110100000101110
00000000000011011101101111111101
11111111111011000000100000100011
11111111111101101001101011010001
11111111111000010101011001110000
00000000001011011011111001001110
00000000000001011110110000101001
11111111111100101101100111010101
00000000000000001000000010110010
00000000000011100000010101000110
00000000000001101111101100111111
00000000000101001110111110010110
00000000001011010100010000010100
00000000000101101111000011011100
00000000000001011101110100001111
11111111111011011001011010110000
11111111111011111101111111110100
11111111111101001010011101011110
00000000000011111111111110110110
11111111111110100011111101100110
11111111111101011111010111101011
00000000000001110101011010000100
00000000000111000011110110000101
00000000001010100110100010011001
11111111111011010001100011011110
11111111111001110100010000101110
11111111110100110000111000101010
00000000001001011111101010001001
00000000001011111011110001011000
11111111111101110100111001010100
00000000000001010110000100100110
00000000000010101000001011101001
00000000000011011110011001010001
00000000000001011110110001100011
11111111111000100001001000101101
11111111111111001011101000000011
11111111111000010011001110011010
11111111111100101001111000110101
11111111111011110000010000111110
11111111111010011010011111011100
00000000000000100100111110010010
11111111111011111000101111010001
00000000001011010101101100111110
00000000000111010011011011101111
11111111111111000001010110100101
11111111111100010100101010111010
11111111111111011100000110100110
00000000000111101010100000001010
11111111111110001011110101001100
00000000000010011001111010111000
11111111110010001001001100100111
11111111110111001101001011011101
11111111111110011100110100111101
00000000001010100001001110110010
00000000001000001101001110001101
00000000000000010000000011000111
00000000000000000100011000101101
00000000001100001110000010001100
00000000000010110001000001101110
00000000000000110100001010000111
00000000000111011000100100110011
00000000000101111011000000101100
00000000001010100110010000000111
00000000001011011001100001001101
00000000000010000110101010110111
00000000000011000001110001100001
11111111111110100001100010100000
00000000000010100000110110000111
00000000001101010111101110000000
00000000000011000101010100001001
11111111110101101100011101001110
11111111111010001100001111110001
00000000000000010100001111001111
00000000001000000100100111001010
00000000000010001111110110111010
11111111110110110111100011111101
11111111111111010101000001101111
00000000000000100110000110010000
00000000000111110001101010011111
11111111110010001000110011000110
11111111111101101001100101101100
00000000000010001101000101010010
11111111111010011101010000100110
11111111110011010010111010101111
11111111101101101110110110011111
00000000000000000111110101101000
11111111111101100011000011011110
11111111111101111011011001111100
11111111110111110101101111001111
00000000000001010111111001010101
11111111111101110000100100001101
00000000000011000110011101100001
00000000000010010000101100000111
11111111111111110010010110001011
11111111111010111110110000010010
11111111110110001010110010011100
00000000000001000011001100001011
00000000000101101001101010111011
11111111111010000001111111001100
11111111111111010001101010000111
00000000000000011011111010011001
11111111111101001101011110001111
00000000000001000110001001010100
11111111111101010110010100110010
00000000000010110010010010110110
11111111111100010111110000011110
11111111111101100000110100100001
11111111111011100111001101010010
11111111110111111101001110011100
11111111111111110110101001001101
11111111111111100101110010100111
11111111111001000011000001101111
11111111111010011001010100110001
11111111110100001111011111101111
11111111111001111001010010010000
11111111111100100000001000001010
11111111111110000001001000100110
11111111111010101100100001101000
00000000000000000110111001101111
00000000000011010010000110111110
11111111111101100111001000101111
00000000000101101001110011101111
00000000000001111110010010111111
11111111111101000111000110011011
00000000000111001111001110000111
00000000000000100011111001000001
00000000000011011111100100000000
11111111111010001110100110000010
11111111111101000111100000010101
00000000000100111010000000100010
11111111111001000011011100000010
11111111110111110111010100100110
11111111111001010011010011111101
11111111111101101000010001011101
11111111111110111100001111000110
11111111111100000111100101001100
11111111111111111001011000100101
11111111110111111010100001110100
11111111110100000101110100001110
11111111110101110100100011111101
00000000001010110011101101111101
00000000000100111000011011001000
00000000000100100101010100001100
11111111111011111100000010110101
00000000000001101001010101100001
00000000001000100110001000001000
00000000001010010101101011001011
00000000000110011010011100000011
00000000000000111010101110000001
11111111111111000100111001001000
11111111110110001110100111011101
00000000000001110101100000110110
00000000000010000110011110011101
00000000000000010000110111101011
11111111111110001010001010011110
11111111111101100000000101000110
00000000000011100100001100111111
00000000000101111101100010101010
00000000001001001010011101001010
00000000001000111010110101100100
11111111110110111000101010010011
11111111110101011001011000111110
11111111111010100001001100101110
00000000000010011010000011000011
11111111111010000100110000101110
00000000000001111000110101100000
00000000000010001111011101011001
11111111111001110011001001011000
11111111111010010111101011101100
11111111111001110101001110110000
00000000001001110111100011110011
00000000000001101101110111000111
11111111111111001101101100001100
00000000000100101100111100000001
00000000000000010111110011000010
00000000000100100011001011100110
00000000000110100110100011000001
00000000000111100111010100011100
00000000000000111110011010101111
11111111111010111110101101010110
11111111110011010010011111011110
11111111111100100011110001100110
11111111111110111010001101011101
11111111111011101100100010100001
11111111110011110110101110100100
00000000001100101010011010101001
00000000001101000010000011111101
00000000001010000000101010101110
00000000000000111101000010011100
11111111111111110110100011101111
11111111111101010000110000010010
11111111111100000101001001111111
11111111111101101010010101011100
00000000001000011000001001110111
00000000001111100011011101011100
11111111110101111101011111100101
11111111111111010000101010001110
00000000000110110111100101111100
11111111111111001011001110110111
11111111110111111110111010010001
11111111111001000100000001110000
00000000000101011100001110010101
00000000001000101010010111010110
00000000000010000100111000111000
11111111100101111000110100100001
00000000001011010101111100100101
00000000000010101100001011101001
11111111110101000101110001101100
11111111110111000100001111110101
11111111101011000100110100111000
00000000000000010100100111100011
11111111111101001001010000011010
11111111111100001110100000010010
00000000000010111001111110000101
11111111111111001111110011000101
11111111111000101101111011010100
11111111111010011101011100000001
00000000000011110001110111100000
00000000000110101111101010010111
00000000000101001000001010100011
11111111111010101000000101010001
11111111110110011111000101110101
00000000000001101000101000110100
00000000000100001111100111000110
11111111111101101111011010110111
11111111111111111001000100100000
11111111111100111001111111011010
11111111111110111100100101101101
11111111111010111101100100001001
11111111111100100100010010000000
11111111110101010011101100010110
00000000000000010100011110110101
00000000000001110011001101011111
11111111111000100110101010011010
11111111110100101001000100110000
