00000000001000100001010101010001
00000000000111000010011110101011
00000000000110010101111010010001
11111111111100110011001011111100
11111111111111010010100000011010
00000000000100000100111011001111
00000000000101010100100110110111
00000000000111001110000100001111
11111111111101111011001001010011
00000000001100110100100111010011
00000000000100111011111011110001
00000000000110000110111101011101
11111111111111010110001010010001
11111111111011101111011101111000
00000000000100010100100001101110
00000000000110100001011110010100
11111111111110011000011011110111
11111111111110000011000000110011
00000000000001011000011011100100
00000000000011000000110100010011
00000000001010001101001011001110
00000000000001100111111101000101
11111111111011000000000110010100
00000000000100111001010110111001
11111111111101100010001100101101
00000000000101000111010011001111
00000000001001011110001101111101
00000000001010011110110010001011
00000000000111111011101100000010
11111111111111111100011100101001
00000000000011111000000101000010
11111111111110111011010001101110
00000000000100100001110100100011
00000000000101001101010000001100
00000000001000011100101000001010
00000000000001000101011001000001
11111111111001000100110001110000
00000000000001010100111101001000
11111111110101000011010011101101
00000000000100011100010011011010
00000000000011010111000111110011
11111111111101001010101100100001
11111111111100100010010010110110
11111111111110000110000001110101
00000000000000011001100000001110
00000000000100000101111010100101
11111111111111010111110110011101
11111111111110101011010110110111
11111111111110001101010010101000
11111111111001110001001101001101
11111111111001101111101000000011
11111111111101000001111011011100
11111111111100011100011001011011
00000000000011001000000001110001
00000000000011111011110111001001
00000000000101111101011100001101
11111111111111101001111001110110
00000000001000101100010011000101
11111111111010111011010010111010
00000000000111001111011011001100
00000000001101000110111010101111
00000000000110101000111111101111
11111111111111111001010100001001
11111111111110100111110100111010
00000000000011111110001000110110
00000000001000100001110011111110
11111111111110110010111111010110
11111111111110000100000100010110
11111111111011100011001011010000
00000000000100100011101000111001
00000000000101001011000100001110
00000000000000011010111001101111
00000000000100111111111111010000
11111111111110100111101101001100
11111111111000001000110111100110
00000000000001001101001000001000
11111111110100101101111011001100
11111111111000110011111111001100
11111111111100111010001000000110
11111111111001010000111110011100
11111111111100100001001011110111
00000000000001011001101110000000
11111111111000111101111010011100
00000000000001011100000000011000
00000000000001111011110001011110
00000000000011001001111101001101
11111111111100111101101011010111
00000000000011101111010000001000
11111111111000100001101110101110
11111111111100100001110111001010
00000000000101000000010110010111
00000000000010101001101000101001
00000000000110011010000010101011
00000000000010111101010000100000
11111111111101110111001001011011
00000000000011110110010001101011
00000000000000100010011101011001
00000000000000001110010010110110
00000000000001111000000101100111
00000000001001110101011001111001
11111111111100000101001111000110
11111111111010010011100100100011
11111111111011000110100010101010
11111111111010101010011000011010
11111111111100110101100011110111
00000000000010011000111011110100
00000000000101101110110001101010
11111111110010110011011011100100
11111111110011101111000000011011
11111111111101010111100111110000
00000000001010100001000110010111
00000000000011000101110110000011
00000000000010110001110100011000
11111111111010010010110111000011
11111111110100011011000010001111
00000000000011101111101001101100
00000000000000110000110110101010
00000000000110101010100000011110
00000000001000100110001111001011
00000000000001110000101010010100
00000000001001011000001111000110
00000000000010001100110110001111
00000000000101110011111011100010
00000000000011010100101100110100
00000000000101001101100100010010
11111111111010010010011001000111
11111111110110110001000011010110
11111111110011101010100111001000
11111111110100100101110000010100
11111111111101010100111110001110
11111111110100111011010000001001
11111111111001100011101110101010
00000000000000000000010101010101
11111111111100110101011110001111
11111111111011101111100001101001
11111111111100100001100100010101
11111111111101011100100011101100
11111111111011101100110001000100
11111111111000101111100000101010
00000000000011111110001001000110
00000000001001000101111101011100
00000000000100011110010101011011
00000000000011011010011010001010
00000000000001011011110111101000
00000000001000011011001111001001
00000000001001011110001101000110
00000000000010011110100000100111
00000000000101010011100110111101
11111111111100101011011111111110
00000000001001011000101010100000
11111111111100001111010110110111
11111111111001110001110011110001
11111111110001010110001100101110
11111111110100011110100001010011
11111111111100100010101111110010
11111111110000010110011110011111
00000000001000000110000010001000
00000000000110110100111110010001
11111111111101111101010110110100
11111111111100011111100111001101
11111111111001111001111000100010
00000000000010101000110111100000
11111111111110000000111011001000
00000000001000000100000011010001
00000000000110001111101111110001
11111111111110011100111101011110
00000000000001101000111110111001
00000000001100001011111111010000
11111111111110000011011011110111
00000000000011111100110011110001
11111111110100101111110110111100
00000000000001100111001101111100
00000000000011110110011100001011
00000000000011101001011100010010
00000000000100101011011111111001
00000000000000100101110101100000
11111111111010110110110000101111
11111111111110001010111011101111
11111111110111011001111011111110
00000000000000100101101001100001
11111111111000001010010011000001
00000000000011101010101000100100
00000000001011000000101011011001
00000000001001111101000100000001
00000000000111111001110110000111
11111111111111010101010000001000
00000000000000100110101111001100
11111111111110000001001000111001
00000000000010010010111001101000
11111111111011000000000111010100
11111111111111000111001010010111
00000000001000000011001001101011
11111111111111011111000100110110
00000000000101111101110101000110
00000000001001101101110000111001
11111111111111010010000000011000
11111111111010101111010010001001
11111111111010010011011100100101
11111111111111111110110101111111
00000000001000001111000000111000
11111111111101010110000101100110
00000000000100000010000110101000
00000000000101000111101011000000
00000000000110101110010110111001
00000000000100101001111000001001
00000000000101100000101010111101
00000000000010001101101100010010
00000000000011010011111101000011
11111111111101000010101110101100
11111111111101001011111111110000
00000000010000000111011110110000
00000000000101001010001011000100
11111111111000111110000000000011
11111111111110000110000000111011
11111111111110111011010001100000
00000000001111110010111011110010
11111111111010001100110010110101
11111111111110010010111000100001
00000000000001000010000011100111
11111111111111110110111011101101
00000000000101111001001100011011
00000000000000000110111111000110
00000000000001000111001100001010
00000000000001110001011111110110
11111111111110100111111000110010
11111111111001000010001101101101
11111111110110110110000001000011
11111111110101111000011010100111
11111111111001101100101010100100
00000000000000010001111011000011
00000000000110011001000001000111
11111111111101111011000000001001
11111111111001001101000011000011
11111111110011100011011010100100
11111111111101110101100111110011
00000000001110100111100000101101
00000000001010000110100100010001
11111111111101101100101111110111
11111111111011111001111111001111
00000000000010100111001110110101
00000000001010010010100000100100
00000000000011000100000000000001
00000000000010111010110011000100
00000000000100110010101111101011
00000000001111001101000011110111
00000000000111010101011101011101
00000000000001010101001001011110
00000000000001101111110100111010
11111111111110110111000111010000
00000000000100000000010100101011
11111111111000000100111001100101
11111111111010100101000111100100
11111111111100001100000110001001
00000000000001111010101000000101
00000000000001111000010011011101
00000000000111101001001111110010
11111111111101110101100011111011
11111111111010100101100000110101
11111111111111010110101000000001
00000000000010001100110110000001
00000000010010100011010101100010
11111111111111100101000111110001
11111111110100100011010100011110
11111111111111101010111010100110
00000000001001010101000100011010
00000000000110100001001000010001
00000000000010001000011101101100
11111111111101011101001001110011
00000000000011011001000000011100
00000000000011000100100011011010
00000000000101111001100111011001
11111111111100101111000101110110
00000000000010001001101001101001
00000000000011111010001010001001
11111111111110010101001010000101
00000000001000111010001110000111
00000000001000010001110001100101
00000000000011001100100100100000
00000000000000101011111101101111
00000000001011100111101100111100
00000000000110000111001101100110
00000000001010011001100010101101
11111111111101110110011001000000
00000000000011000111101101101110
00000000000001010111111101000000
11111111111111010011000010100110
00000000000100001111101001110001
11111111111010100011011110011010
00000000000010010111101010111111
00000000000111101110111100000101
00000000000000000000111101100110
11111111111110001000001010010111
00000000000000110010100010001110
00000000000010110110100000010000
00000000000110111000110010000000
00000000000010011111010000101001
00000000000010100100011011010111
00000000000001011101111011010110
00000000000010001000111000111111
11111111111110001110110100000011
00000000000000100111010101011001
00000000001000000111100011101100
00000000001001001111110111100011
00000000001001111000110101010100
00000000000111101101101100100000
00000000000010101101000011011000
11111111111010101101101100010011
00000000000010111011011000000000
00000000000101010111110001101101
00000000000101100111101111011000
11111111111101100110101011101011
00000000000000001000010100000010
00000000000001111000001111100101
11111111111101010101101110010011
11111111111010100101101010111010
00000000001000001001000111010101
00000000000001101100100111100011
11111111111111100001010100111011
11111111111101100001111001110011
00000000000001111100011111100011
00000000001000111100101010100000
00000000000001111010111100001110
11111111111111110100100011100010
11111111111110101101001011110100
11111111111011111101011111001011
00000000000101011011011110011011
11111111111111111111011011101110
11111111111100101011001110100010
00000000000001001100010110101000
11111111111101011111000110100111
11111111111011110100110011101010
11111111111001010101010100001111
11111111111100011111111101111100
00000000000011010101001100110100
00000000001000000100011101101111
11111111111000000110100011110110
11111111110110011111010100000100
00000000000000100010001110110110
00000000000111111110110011101010
00000000000000110101101001101000
11111111111100001000010001011010
11111111111110000101111111011111
00000000000010110111001010111010
11111111111111000101111001010101
11111111110111101110101111100011
00000000000010111100011101110011
11111111111011010010011001011011
11111111111110000000001010000111
00000000001001100011001101110010
00000000010010011101110000111100
11111111111011111111000000001011
11111111110111010111110010010000
11111111110100100010100100101011
11111111111110000110011110101101
00000000001000010100111001111111
11111111111101111110110011001001
11111111111111010100100011110010
11111111111001010011110101011001
11111111110010101011011110110100
11111111110100100101011110101100
11111111110001101110001011110110
00000000001010100011010001111010
00000000000110101110101000100110
00000000000000010100000001001101
11111111111011011011110011001011
11111111111101101101001101101010
00000000000100110001010000001100
00000000000101100111010110100110
00000000000011000100000110010110
00000000001010001001000010000111
00000000000011001011010110011000
00000000001010100010000100010111
00000000000101101001100111111001
11111111110110101001100111101110
00000000001111000011101101110001
11111111111010111111111111010101
00000000000101111011001110010101
00000000000110010111100000100111
00000000000010000000000000111001
00000000000000100010010000111001
11111111110111111110001010011001
11111111111101110000010101100001
11111111111100111011010011111100
11111111111100100110111000011110
00000000000111110010100101000111
00000000000010101011010000011110
00000000000001010101100101100010
11111111110111111111001110011111
11111111110100010110110101011110
00000000001001001101100000110011
11111111111110011011111000110010
00000000000100101111001111001000
00000000000000100000101001000010
11111111111011110000010010110001
11111111111111000001010100000100
00000000001100101110011000001001
00000000000010001000101011111110
00000000000001001010100101011001
11111111111100001011001011001000
00000000000100000110111101010011
