11111111110110001000101101001101
00000000000010101101001100001110
11111111110100001000100000111010
11111111111100000111111001100110
11111111111000011111100011001000
11111111111100000001110011000001
00000000000000000110011001110010
00000000000000011110111110111000
00000000000011101111100010100000
11111111111010110110010001010000
00000000000001111001011111010101
11111111110101011111101011000111
11111111111000101011100100101110
11111111111101010110010100000011
00000000000001010010000011011111
00000000000011001111000000000010
00000000000100001111110001110110
00000000000110101111001100100111
11111111111100101011111000000101
11111111111111100110001101000000
11111111111000101001110101100000
00000000000010110000001101111110
00000000000101011010001000111001
00000000000000110101111101101110
11111111111101000011101100101111
11111111111010101000111101011000
11111111111001111101100010100101
11111111111000111001011101110110
00000000000101010110011110101011
00000000000101010011100111010110
11111111111100001111110110011101
00000000000001001100001001010000
11111111111111101100000001110111
11111111111111010000101000101010
11111111111100000001010000010010
11111111111101011110000101010000
11111111111010011111000000111011
11111111110101000101010001110000
11111111111000101100111011000011
11111111111101010111100111100011
00000000000101010011100001100111
00000000000010101010000101000000
00000000000000100000101010110100
11111111110111111001110101011001
00000000000000000000101010010010
00000000000101100011011001110101
00000000001111101001111001100101
00000000000111110011111100010010
11111111111101001000111101100000
00000000001000010010110011101010
00000000000011110100110100010111
00000000000011110100010100000010
00000000000101101010111011100100
11111111111101110111000111100111
11111111110100001111011101110110
00000000000011100110111010110011
11111111111110001100110001110111
00000000000010100100011100001100
00000000000011001001100001000110
00000000000010101010111100100101
11111111111110101100000000111010
11111111111011001101011100101011
00000000001001001001111111111100
00000000001011101110111111100000
00000000000101100000101110001011
11111111111101100000100001101111
00000000000011001000001011100101
00000000001001101111101010100100
00000000000101110000000001001001
00000000000001011100011010101111
00000000000011111101111010111001
00000000000010101111101100101111
00000000000010111001100011010100
00000000001011010101011010000010
00000000001010111011010101011100
00000000000000101111010001100001
00000000000010010101000101110001
00000000001001000101100111001111
00000000000111111100010100111011
00000000000011111011000010101000
11111111111001111000010011000010
11111111111010100001101101100101
11111111111101000010001000001101
11111111111100111111111011001001
11111111111001001100000001001010
11111111111011111010010001010110
00000000000010000110011000101110
11111111111110111010111110010100
00000000001000001100000010011110
11111111111110100110001000000001
11111111111111010101110111001010
11111111111011011111111010110010
00000000000110111101011000011010
00000000000010010001001010101010
11111111111111111111000000010110
00000000000101101011011110101011
11111111111010001111010001001010
11111111111101110101011110100010
00000000000101110010100111001110
00000000000000110111010011110110
00000000000010100110000000000000
00000000000011000111100111110000
00000000000011110111001010010101
00000000000011001100101010101010
00000000000000000100110101110100
11111111110011000011110111101000
11111111111000111111011110110110
00000000000000011011000101110101
00000000000010101110010101001101
00000000000011010100100001100101
11111111111010110110011100000110
00000000001000000010001000010110
00000000000001100001111100011110
00000000000110001001000001011010
00000000000101110101100011010101
11111111111000000111110001010001
11111111111101011110000001100001
00000000000000011101010000001111
00000000001000011010010100110100
00000000000011000010010000100111
00000000000101001011001011010011
00000000000100001101001001101010
00000000000001010100100111001111
00000000001011000110110001000101
00000000001010010111001010101011
00000000001100101110110110011100
00000000001111111100101100001010
00000000001011001011110000101011
00000000001000011100100011100010
00000000000111010111001000111100
00000000000100101000000001000101
00000000001000010011000000011001
00000000000110011110100011111011
00000000001000100000110000110000
11111111110111000001100001100111
00000000000010110000000110000101
00000000000100111110111100010100
00000000000011001000101010001110
11111111111100111110111101011111
11111111111010100100001011000101
11111111111110001001000111011010
00000000000001111011100011110111
00000000000011101000100000111010
00000000001001000010000101000111
00000000000011111100011000000110
11111111111000000110010101100011
11111111111111101110111101100100
00000000000101000011010001001010
00000000000011111001011111111000
00000000000101110101101111001010
00000000000001011100001101111001
00000000001110101111111011110010
00000000000010010110100010001101
11111111111010010111100111110100
11111111101001111111010101001000
00000000001100001101000001010100
00000000000110010111110101011011
00000000000001000110001101010001
11111111111001110101100001011010
11111111111000011111010101110001
11111111111010000001101101111101
11111111111111000110110101110100
11111111111101110001011011010100
11111111111110010011100100010100
00000000000001011011010101011100
11111111111010101111111010010001
00000000001000001111010001011111
00000000000000010111011011010100
11111111111111101001100011100010
00000000000100000011101000101000
00000000000100110111001001011100
00000000000011110010101011000010
11111111111010100001001000000000
11111111111101000101001000001111
00000000000001111011110100110110
00000000001011001100000010100010
11111111110101101101110110111000
11111111101101001101100111111000
11111111101001111010101100001101
11111111100101010111100111100010
00000000000111110110011000000101
11111111111101100111100011110011
11111111111010101111000000100101
11111111111001111000000011111000
11111111100111010110101010111110
11111111111011111100110111100100
11111111111111100100111101111000
00000000000000010010100011010110
00000000001110110111000100110110
00000000001001110010110000011000
11111111111011011001001101111010
00000000000011110100111011010001
11111111111011010011100111011111
11111111111001001100100001101111
00000000000110001010010100011001
11111111111001011011101010011010
00000000000010000111010000010000
00000000000100110110111100110111
11111111111110001110000011010000
00000000000011100010100010011010
00000000001010001001000100001000
11111111111101100001000110111110
11111111111111010100100010110111
00000000000001010111011100111100
11111111110110110010111110100010
00000000000001100101110001100000
00000000000110110011010111011011
00000000000001000101111001101101
00000000001011100011000100101010
00000000000110011011010000001011
11111111111110100101011000010100
11111111110001100111111010101011
00000000000001000001001100101011
00000000000110001001011011011010
00000000001001101101001011011111
11111111110010101011000010111011
11111111111010011101011000001111
11111111111110110000100111010101
11111111111111001110100111110111
00000000000011100000100000100110
11111111111000011101110011100000
11111111110111111011011010111100
00000000000010000000110100001011
00000000000101010000011100100100
00000000000111111000111110011011
00000000000110011100011010001111
00000000000101100010001011111010
00000000000111000001100011100101
11111111111110011100110010010100
11111111101100001000110110101110
11111111111101100010100001100100
00000000000000100101010101111110
00000000001000010010111111100101
00000000000101001011100111010001
11111111111110101100000011101100
11111111111010000010100000010000
00000000000000101111111000000110
00000000001000110101111100010101
00000000000101011110100101010000
00000000000101111110000100001111
11111111111011101101100101100001
11111111111101111010001001010010
00000000000011010010011000101000
00000000000000101010100000110110
11111111111101100110001001011010
11111111111111111101101010101010
00000000000111000011110100110010
00000000000110000101010101111001
00000000000111110010101101000110
00000000000100001001101010000110
11111111111011010110110101011000
11111111110101001110000000000111
11111111110100001111011001011011
11111111111100111100100110001100
11111111111110010100011011010011
11111111101111101010110001011000
11111111111000111100000110110000
11111111111111010110101101000010
11111111111011110110011110110101
11111111111101000100000100011101
11111111110011100001110101001110
11111111111010001100010110100110
00000000000110010100110010010001
11111111111000101101010000000101
00000000000010111101010110100111
00000000000101000010000011100010
00000000000001011101011011111011
11111111111100000000111010000000
11111111111001100111110000000111
11111111111111000101000010101011
00000000000101100100011101000101
00000000000110100010100001001001
00000000000010010000110100111011
11111111111100100111111010110010
00000000000011010100101111100001
00000000000010101001011000111101
11111111110111101011010011011001
11111111110101101001011110010011
11111111111100010111011001001011
11111111111110100010000000101001
11111111110000100101010011110010
11111111110010110010011010110011
00000000000000001001010001001010
00000000000000001110001110111101
00000000000110001001000010001011
11111111110110010111000010110111
11111111110100111000100000011111
11111111111101010010100111000100
11111111111100101001001001000001
00000000000000110011001010110000
00000000000011000011111000001001
00000000000000010110111000101001
11111111111110011101010011111110
11111111111010010110000000100110
00000000000011011100001110101100
00000000000011001101001001011100
00000000000011010100110101111010
11111111111010011011100010011000
11111111111010001101001110000110
00000000000110111111001110111100
00000000001001001100000110011111
00000000001011000011001000101100
11111111111111110101000001011010
11111111111001011110101100000100
11111111111011000100000011110000
00000000000101100011111010111100
00000000000101100101101011100101
00000000000011100001010111011110
00000000000000011010111011101001
11111111110101100111101100101010
00000000000011101001110110010001
00000000000110110010100011111011
11111111111110110101001111010001
00000000000101001000110110111001
00000000000011111110000001111001
00000000000100111111010010100101
11111111111111111111111100001000
00000000000001001011011110010011
11111111111110101000110100110100
11111111111101100100100101110110
11111111111110011000110100111010
00000000000010111111010010110011
11111111111101111001000101111010
00000000000110000011111011101110
11111111111111110110010011010010
11111111111101011101101011010101
11111111111110100111011000101100
00000000001001000000101111001110
00000000000101111001101110111010
11111111111101011110100110001111
11111111111110100000010000100111
11111111111111010100001011100010
00000000000101001101011010001011
11111111111011001001000010001110
11111111100110010101110100100001
11111111110110110000011101001010
00000000000011001000011110000110
11111111111100000011000100010001
00000000000010011000101011110100
11111111101111101010011100111001
00000000001000000100011001011010
00000000000100011001110111110100
11111111111110101100101101101100
11111111111110100011100010001011
00000000000010001010010101100011
00000000001010011100010010110100
11111111111101100000111111000000
11111111110011010101111001000001
00000000000001100111000001110111
00000000000110100011101111001010
00000000000101000011000000001100
00000000001100011001000100011100
11111111111100011011011101010101
11111111111011100000111010101010
11111111111010101110000110001111
00000000001101000000100100001100
00000000000010111010100001010110
00000000000011001111000100000110
00000000000000111111100011000111
11111111110101111011000001001101
00000000001101001000010010100100
00000000000001110111111110100000
11111111111111110110011011100111
00000000000111101110000010111011
00000000000010101111011001001001
11111111111100110010101100011000
11111111111111111101011101011010
11111111111111001111000101101111
00000000001000101101100110111010
00000000001000001011011001000110
11111111110011000101000011101000
00000000000110001100000011010001
11111111111100001110100101111011
00000000000100010001100111101000
00000000000111001001001100101010
11111111111001000011010010101011
00000000000011100011111000101111
00000000001010110101111000101101
00000000001011111100111001111100
00000000001000101100010110000111
11111111110001001101101100111001
11111111111001100100001101011110
00000000000010010100010011010111
00000000000000010000000101001010
11111111111000000000101011011010
11111111110000101101100010001101
11111111111110110100000011111100
00000000000000100011111010001000
00000000000011010010000000100100
11111111111100101101010010001010
11111111111111101011010000100101
11111111111011110101101110000001
00000000001001010100100010001110
00000000000100001010000110010111
00000000000001001001010111001011
11111111111111110100000010001110
00000000000101000001000110001010
00000000000011010010100111010100
00000000001001100010110101111011
00000000000011011011111100010001
