00000000100100101000001111100100
11111111111111101111011011010000
00000000000111000011110101110101
11111111111101001111000100010100
11111111110010111011110000011101
00000000010000101110100111010011
00000000000011000100111011101010
00000000010010000101001011110101
11111111111001110010010011110110
00000000000000100111110111101100
00000000001000001111111011100010
11111111111110101101100000011001
11111111111101101001010100011001
11111111111011000100011011001001
00000000000101111010001001001110
11111111110111111100110101011010
11111111111000100110111111111001
11111111111101011001011001101111
11111111110101101101111111110000
11111111111000111010001101100011
11111111111011000111100000000001
00000000000110010011011011110001
00000000000110111110010111001101
00000000000010101111101010101100
11111111111011111100101111001110
00000000001000101001010100111011
00000000001010001100001111001101
00000000001001001101110100111110
00000000000010111101001010000101
11111111110110101001110111001101
00000000011000010110001110000110
00000000000100100110111100111011
00000000000110111010110111011110
00000000000001000100010111010011
00000000000110101010100111010100
00000000000111011101010111111000
00000000000000000111010111001110
11111111111111001000100000000010
11111111111000001001100011010010
11111111111010111101000110000110
11111111110001000011101100010010
11111111101101101011100000110010
11111111101010011110111101011011
00000000000001011011001011000111
11111111110110011101000010011111
11111111111000001101000001000110
11111111110110000100000011111010
11111111110110010010010101011101
11111111111111000000111001111110
00000000000101100001010010111110
11111111111100011101101110111011
11111111111010001100100001010100
00000000000000101111100101011111
11111111111000000000010000011011
11111111110111100010101000010011
00000000000011011010000010101100
00000000000101010110110010000010
11111111111101001101001101011010
11111111111100100010001111010110
11111111111001011011111101110110
11111111110110111011101101101011
11111111111110001011100001011100
11111111111101001110001110101101
11111111111010101000110101000101
00000000000101010010111000101110
11111111110110011011000011010011
11111111111001101111101001000100
11111111111101000011111001010110
11111111111111010101010110111001
00000000000010000101100101100100
00000000010000001101010001100010
00000000001111111001101010100000
00000000000101101001000110111100
11111111110110000000101011110101
11111111110010001010011101111110
00000000000001100001110110011100
11111111111100101001110101101110
11111111111010101011010110010111
00000000000011111100011111111000
11111111111110111011110101101111
00000000000111010100111000100101
11111111111110111111001110100101
00000000000101010000000011111100
00000000001000101010010001110110
00000000001101111110111101101110
00000000001000111111110011010001
11111111111101000100001101000000
00000000000110011001101100101010
11111111111100101101001010111101
00000000000011110010001010001111
00000000000001100101110000011001
11111111111111000101110101000100
11111111101110101111011101001010
11111111111010010111101101011011
11111111110101011101000111111010
11111111111101010111001011011101
11111111111001011011110101010100
00000000000101100010011101010001
11111111111000100010100010111101
00000000000000011101111101010111
11111111111100001001101000111110
00000000000001010000110101111011
00000000000010000001000111001010
00000000000100001100011100011000
00000000000001001101101011110111
00000000001011010111110110011111
00000000000101001100110111101011
00000000000011001111001000111111
00000000000110001111010110011100
00000000001101000111011100110110
00000000010000110010000110011100
00000000000100100100101101100110
11111111111000101010100100000110
11111111110101111010110011001110
11111111110110010100100000001101
11111111111100010110000001111011
11111111110100110101011011001111
11111111110001100011101001100010
11111111101011100101011000000111
11111111110101000100011110010111
11111111111110001001010100101001
11111111111110000111011110010111
00000000000011110001001001100000
11111111111011100010110000110111
11111111111010011111100010011010
11111111111010110001001111101000
00000000000001000001111100000000
00000000000001111100010101111010
00000000001010001010000010111011
11111111111110011100011110101101
11111111110010001110011111111011
11111111111000101000110110111000
00000000000110001010111111111011
00000000000001110011001000101111
11111111111100000110010011010111
11111111111011111100000000010110
00000000000001011011110001000001
00000000000000101110101000011100
00000000000111000011010011010000
00000000001010100111111101100011
00000000000100100011000000111001
00000000000011110101101100010001
00000000000010000100100100100011
00000000000000100001100011111011
11111111111111110010111111010110
00000000000000111010001111010100
11111111110111100000101100110011
11111111111000100111100111000111
11111111111101100111100010010000
11111111111011111101011011101111
11111111111001100000001011111010
11111111111101101011001111101101
00000000010110110000010011001011
00000000000101010100111011111110
00000000010110011110010011001111
11111111111010101001111000111110
11111111111111010100011001000110
00000000000111011010110110010111
00000000000000001010100010011010
11111111110111111111111100100111
00000000001010010001000101111101
00000000000110000010100010100011
00000000000011101011000100010111
00000000010001111001111010010011
00000000001011011000100100110010
00000000001100000010101100000101
11111111111110101111111000111011
00000000000100110110110000111001
11111111110100001111100110000101
00000000000000011010100011101000
11111111110011011000011101001000
11111111101101110000111110001110
00000000001000101111000100011101
00000000000100000111011001101010
11111111111111000111000001010101
00000000000001111111111000111011
00000000010011011101101000011001
00000000001010101010011011101111
00000000000111100100001010100011
00000000010000001101100000000111
11111111111010101100000110000011
11111111111011101110000110101110
00000000000100001010110111011010
00000000000010111000000101101011
11111111111110001001001100001011
11111111111110110001111110101011
00000000000001000100101110011011
00000000000100101010000100100101
00000000000110110001010010111101
00000000001110111111100100111100
00000000001000011010000000111111
00000000000011100100111101100011
00000000001011101000001111101001
00000000001011001011110110011101
00000000000011111110100100010011
00000000000100111111111000111000
00000000000001110110011100100111
11111111111001011101001001100111
11111111111100110000000111101100
11111111111001010011110111100011
00000000000100001111001100100101
00000000001011110110011111111101
11111111111101100111000110100010
11111111110010101110110110001010
11111111101111011101000101001010
00000000000000101010100101101010
00000000000001001001000011110000
11111111111100111101011101110101
11111111110100001101101000110000
11111111111001000100011001011011
11111111111100011011111011011001
11111111110010111110100111110100
00000000000101000100001000000110
00000000000011101000011100101110
00000000000001101101001111110100
00000000001110001111111110010010
00000000001011000111000100100010
00000000001000100000000110011110
00000000000110001001011011000111
00000000000000001001011010101100
00000000001111000000100111101110
00000000001100010010111101100110
00000000000010000010001110110011
11111111111100000011110000001111
11111111111101111110010101110000
11111111111000100010010100011010
11111111111000110111101101011110
11111111111100101001110010101111
00000000000011011111011101110001
00000000000111110101010001100000
00000000000000101110100000010111
11111111111000010001001010111011
11111111111110111011101001000101
00000000010000001100010100001011
00000000001111100101100101100111
00000000001000101011001110100100
00000000000101111110111100111010
00000000000001000010100101000011
11111111111001110011110000010100
11111111110000001101011101010101
11111111111011001010000000001010
11111111110010001111001101011001
11111111111011101101000010111011
11111111111100111101101001100101
11111111111100011101011011011101
00000000001001101001010011100001
11111111111110010100100111100011
11111111110101111111100011011010
11111111111110010100000101110010
11111111111010001000000010000011
00000000001111010001101000100101
00000000010011100011100010101011
11111111111001001000100111010111
11111111110111101011100000110100
11111111110111101001110110101011
00000000010110010000010011001001
00000000001011101111110001010101
00000000001100101010110011010100
00000000000001001010110110010101
00000000000011000110000000101110
00000000010001111100101000110010
11111111111111100101111101101010
11111111110101000000101000001001
00000000001000011011111010101110
00000000001010111111110010111111
00000000001001100001100101011111
11111111110001111000110100111010
11111111111100101001110011110001
11111111111000001110010001111100
00000000000000010011110111010101
11111111111101000000000100110101
00000000000010100101011011101100
00000000000100101010110000110111
11111111111010001011101001101110
11111111111110001010010011111100
00000000000101111110110111110000
00000000001110010100010110101011
00000000001011001011010011111010
11111111111111110111011101111110
11111111110111001110110110000101
00000000010010111001011010101110
00000000001110101101110100101101
11111111111101001110110010010010
11111111111001000001111011100110
00000000000000100000101010001000
00000000001011011101010011011001
00000000001100001111011110010100
11111111111100110100110110001110
11111111111101101000100111101101
00000000001100000110000111101111
11111111110110000111100010001111
11111111101111110011111101000001
11111111110110111100101110111101
11111111110101011011000010000111
11111111111011100111010100110100
11111111111110111100000010001111
11111111111111010100000011011111
00000000000000101111000101000100
11111111111110001110001000000010
11111111110110110100010111110011
00000000000000001000011101010101
00000000010011100011110011110000
11111111111001101000111110000000
11111111111100010011011010000100
00000000001100101010001001010100
11111111110000000001101011110111
11111111110001010001011111010111
11111111111011101111001110110000
11111111111000110100000000000101
11111111110001010110010100001110
11111111110000000010001101000010
11111111111010001110001000101011
11111111110111001100110000110000
00000000000010010111111000110101
00000000000000100111000111001101
00000000000010100001000101111110
00000000001011111110111001110001
00000000000110001011010010100101
11111111111100010110000000010010
00000000000011110100000010011000
00000000010001011000000110110111
00000000000010000100010011001101
00000000000101101101000000100000
11111111110110011110110000000010
11111111111100000001111110000100
00000000000110001001001010011001
00000000000100100010110010110001
11111111111011000101101000110100
11111111110011101100001010111101
00000000000111111010110100000011
00000000000100000011111101101001
00000000000011100111010101000111
11111111111111001010011011010011
11111111111001011001010010110111
00000000001110000110010000000100
11111111111111101111110110001010
00000000000011101100011110000001
00000000001001101101110011001001
00000000001001101001010011110010
00000000011101000100010111111111
11111111110001010000101111111000
11111111110001001111110001100101
00000000001010010000000100100001
00000000000100010101110110111001
11111111110100001010111111010101
11111111110011101100100110110010
11111111110001110110111010010111
11111111111111100111101101100111
00000000001010110100101001110000
00000000001000000100100101101101
11111111111011000010101001110101
00000000000010111011000011110001
00000000001000001001011111010010
00000000001001110110010000110001
00000000001100000110011011001111
11111111110000100000111111100001
00000000000110110110001101111110
00000000001111010001001010000010
00000000000111011011101001111010
11111111111110011011010011001101
11111111110101001110001111101011
11111111111101110111000001101000
11111111111011100100101111100111
11111111110010011111000011000101
11111111110011110010111011111111
00000000000111111010100010100000
00000000001010100001111011011000
00000000000111101110111111001010
11111111111000101010001011100011
11111111101110001101110010010101
11111111111110100100111000010111
11111111110100010011000011110001
00000000000110010010000011001011
00000000000001010101100110001111
11111111110101011101111100010011
00000000000011100100101100000001
11111111111101101101010100100111
11111111111100001110001101100011
11111111111101111010001110000110
11111111110101000010001101011010
00000000001011101001000111011101
00000000000111100010011001011000
00000000001001011100101010001010
00000000001000101010100001111011
00000000000111000101001110001010
00000000010111001101001000100011
11111111111100110111011001001011
00000000000100011100011011111011
11111111111100000001100001100100
00000000000110100000100110100011
11111111101101100110011010101010
11111111101110001001011110001010
11111111101110111100001100110001
11111111111001101110001101101000
11111111111000110111111001111000
11111111111010010111010000011101
11111111111001110100101001100101
11111111110001010110010100011010
11111111110100101001101100111000
00000000001100011101010100100111
