00000000000001110110100000101111
00000000001000100000000000010101
11111111111110101001000011011000
11111111111011000101001111111111
11111111111000000111101001000000
00000000000010011101000100100001
00000000000100100100000001000111
00000000000001100101010111010111
11111111111011100111010001111011
11111111111011011010100110110011
11111111110010010000011110010001
11111111111000100100101110011110
11111111111100000001101011110110
00000000000101000111000000100110
00000000000101000100100111010001
00000000001000011001011111000101
00000000001000110100100111100010
00000000000111010111011001010100
11111111111111110010000111011000
11111111111101010011101100100001
00000000001101001110010000000110
00000000001011001100001000000010
00000000000110000010000100010001
00000000000000010011111000100111
11111111111000100101001111000111
11111111111101010010100011111110
11111111111101001010110100010011
00000000000001001100011011011100
00000000000001000010101000110010
11111111111111001110111110000011
00000000000101000000001101000011
00000000000100010011100010001101
00000000001010010100100101101011
00000000000110111011010011100110
11111111111011011100101100111111
11111111111100011011101101111111
11111111111101111010011101010000
11111111111100000101000110100100
00000000000011001101101101011010
11111111111111110011100000101111
11111111110111000110001001111010
11111111111111001000001011001010
11111111111100100010100001001011
11111111111000111110011001000110
11111111111111100001100101000111
00000000000110100001100101001010
00000000000011011110101111110110
00000000000111111101101001010011
11111111111011001111101001110000
00000000000001101110001101011000
00000000000101100101100000111111
00000000000000010100111000110011
11111111111011110000001111001001
11111111111111001110010000001111
11111111111010010011001111110110
00000000000010110001001101010101
11111111111001110001100011111000
11111111111100101111011110000000
11111111111111000000100101000010
00000000001000010100110100011011
00000000000001100100000011010001
00000000000011100110110110111100
00000000000000101010010110001000
00000000000111001010011100110000
00000000001000100111000010100101
00000000001110101011010111001111
00000000001010110110111110110010
00000000000010101101010011011111
11111111111101110011000110100001
11111111111100000110100001010010
00000000001001001101010100001000
11111111111101101111011110101100
00000000000001101101111110100000
11111111111100011100111001001101
11111111111011111011101000010011
11111111111111010011011011111000
00000000000001001011111100101000
00000000000001101011100000001010
00000000000000000010110001011100
11111111111101100111010001110111
00000000000111010011010110110011
00000000000111110010000101011011
00000000000011111000001010001010
00000000000000001001001010100110
11111111111011110101000000010101
11111111111111011010100100111100
00000000000001101101001111110110
00000000000010010010111110010010
11111111111101100000111000111110
00000000000001001100010101101101
00000000000010110100001111110011
11111111111100101110101110110011
00000000000000110001100000101111
11111111111111100001110101000110
00000000000000110000111100111000
00000000000111001101010100010011
00000000000010001101100010110111
11111111111111100001111110111111
11111111111100011100111010011010
00000000000001111001011101111111
11111111111101110010101010111011
00000000000000000100101011011011
00000000000010011011101111011010
11111111111111011111011111100000
00000000000001101111011111010100
00000000011001001110101110001000
00000000010001111001001011101100
00000000001010000010110010010010
11111111111110100110101110110100
11111111111000011011110101101010
00000000001011000001001110111011
00000000001011001000001111100000
00000000000111010110010100010100
11111111111101111001110010011000
11111111111001010001100111011011
11111111110010000110001011000111
11111111111001101111100010011000
11111111111011001000100101101100
00000000000000010101010011101111
00000000001001000111111011111001
11111111110111100011010011010100
11111111111010010001111011011110
11111111111010000101011010101101
11111111111110010001000011010101
00000000000111100100000010110011
00000000000011011111000010010011
11111111111111101101011110110110
00000000000100110101111101110010
00000000001010000010110011001111
00000000000100100001001100011000
11111111111010100101011000110101
11111111111100011001100111101101
00000000000011100100001101001011
11111111111100010110110011010000
00000000000100110001111111010101
11111111111111011010100111111010
00000000000001001000000110100110
11111111111110100100000110011001
11111111111111101011101000001110
00000000000101101000011110110011
00000000000111111001101011010100
00000000001000101110011001000100
00000000000001101110100100100001
00000000000000000111011111101110
00000000001101110000000011101110
11111111111101011101100101110100
00000000000011110101000101110110
11111111111101111110100010000101
11111111111111111111101101001110
00000000001000010001110010001101
00000000000101100110101100101010
00000000000100100011110101001110
11111111111110001100111000000001
00000000000110000100010110101101
00000000000010001001101011000111
11111111111111011101110001011011
11111111111011111110010101010111
11111111111010110111011111011111
11111111111011111000000110011111
11111111111110100101100010111101
11111111111100101001111000110110
00000000000000100000010011011010
11111111111100011101100010111001
11111111111011110111111110010000
00000000000100011101111011011100
11111111101100100111110000011110
11111111111010011100001000000011
00000000000000100011000001010011
00000000000001111001010001101000
00000000010000001111101011101000
11111111110010111111010001001100
11111111110100010110000100101001
11111111111101000111011001101010
00000000000011111011011011011001
00000000001011110110001110100110
00000000001001011001101111000100
00000000000011101000110101110110
11111111111011111001111011101001
11111111111000110111010011011001
00000000000000111001001011011001
00000000000111000101110011001001
11111111111111001010111010101111
11111111111011100001101111010001
00000000000111001000000000110101
11111111111000010111000010110101
00000000000010111010000001110011
11111111110100101110001111010100
11111111111001100010001100011011
11111111111011011000011111000001
00000000000111001001100000010101
11111111111100010101011001001010
11111111111111100110110000111101
11111111110111110100111010000111
11111111111001110010110111001000
00000000010000100101010111011001
11111111110100100101111010000000
11111111110111001011101011011000
00000000000001111000000010001000
00000000000101000000001000000000
00000000000001011010100000011001
00000000000111111011101011000001
00000000000101011000111011110010
11111111111110110100000000011011
00000000000100000010011101110010
11111111111100111001010000011010
11111111110101011010011100110100
11111111111100011110100111011011
11111111110001111111110101101011
11111111111100011111000001010111
00000000000001111110111000001001
00000000001000000011111100100111
00000000000110100001010010011011
11111111111100001001001111101000
00000000000010110110110111011011
00000000000110101101000101010011
00000000010111111110110110000010
00000000001101110001001000010000
00000000000011010111010001011111
11111111111101100110110101001010
11111111111011000011101011101110
00000000000110101110011001011100
11111111111111001101011001101110
11111111110011010011011011111011
11111111111101111101001011111010
11111111110110100111100011110001
11111111111110111101010011011001
00000000000100011101111111111100
11111111111100110000110011110111
11111111111101110110110101011110
00000000000001010110101101011000
00000000000101101010111010100100
11111111111101000110100001000100
11111111111110001000111000011100
00000000000100010101001001101111
00000000000111111110010011000111
00000000001000001111100111010011
00000000000010110101000000111111
11111111111010110111001010001100
11111111111111010010001100100111
11111111111111111001010100111111
00000000000111110000110100011011
00000000000000010101011000110100
00000000000001001001100110100010
00000000000001100010001001110100
00000000000100101011110011000010
00000000000001100001101100011110
00000000000001000000000001010101
00000000000101100000111001001001
11111111111001111110111000010011
00000000000110110001101001101011
11111111111001101101010000010011
00000000000000110000100000011110
11111111111010000000010111001110
00000000000101110000101001001111
11111111111100110101011111110010
00000000001001001100100010110110
00000000000001000010010000111101
11111111111110110001101110010101
11111111111110101111101011111101
11111111111101001110000110000001
00000000001000101001010110111101
11111111111011010010101011011110
11111111111100000000001101010111
11111111111101100000000010010100
11111111111110001000111010101100
00000000000001100100010100011011
00000000000100100110011111110110
11111111111000110100001111101010
00000000000000010011110110101010
00000000000001010101001011101111
00000000001100000011110011011010
00000000001001101010110100001000
11111111111111100001110010011000
00000000000100111001101110100111
00000000000000001101111000001110
11111111111001111011111101000001
11111111111000101111011001110101
11111111111100110001010101010011
00000000000001000110011101010101
00000000000000100011011011111001
00000000000110000111110101110001
00000000000110010101100011000101
11111111111111000101111011111001
11111111111111110101110001100100
11111111111111101110001100001010
11111111111001000110000101001001
00000000000001101001010110111011
00000000000010010011100001001001
00000000000101110111010000101101
11111111111110001000011111011001
00000000000000001010101000010001
00000000001000000000000000001111
00000000000110001000101101110011
00000000000001010001001111001100
00000000000010110001111101011100
00000000001010001101011010111001
00000000010000000000101001111010
00000000000011010000001011000110
11111111111111110111101000100110
00000000000000011110110001000000
00000000001000110011011011101101
00000000000010101101101001001110
00000000000011010001010000011000
00000000000101000101010000001100
00000000000110001001001110111111
11111111110101110010010101011010
11111111110001110000111100100011
11111111111100111101011101011010
00000000000011110111101111110110
11111111111110010010101010100110
11111111111110010101010100100100
11111111110111011010110001011011
11111111110111111101001111000010
00000000000000011001010101010000
11111111111110111101111101000100
00000000010111111001001010001011
00000000000010010111101111000101
11111111111110100111101100100111
00000000000101010011011001111100
00000000001000001010111010100011
11111111111101100110111100110000
00000000000101101011001000010001
00000000000100100111101010001111
11111111111001010000110101110110
11111111111110101100001110101100
00000000000011011110000101010011
00000000000001110110010100010011
11111111111101010010001001101010
11111111111010000000010011101010
00000000001000011001001100101100
00000000000011001001011100000101
00000000000101011100100100010011
11111111111010010011111111100000
11111111111111010100011110100010
00000000001100101000101100000100
11111111110001110111010000101100
11111111111000110110101010010100
11111111111110011101011111011000
00000000000000110010000100110010
11111111111110001000011000011000
11111111111000011000000011011011
11111111110101111001111100010001
11111111111110100100000000001011
11111111111100010111101001111110
00000000000110010000111100111101
00000000000110100100101111100110
00000000000000101101010110001010
00000000000010000010010110000011
00000000000100010011011101011111
00000000001101011001100010010001
00000000000010110111011101101010
00000000000001010101001011100100
00000000000000011110010000100101
11111111111110001010011101000101
00000000000101000110101000100010
00000000000010010001010110010111
00000000001000010101100110000010
00000000000100100111001111011111
11111111111111111011001111011010
11111111111011001010111111110000
00000000000111001101100110010010
00000000000001100101101111111011
11111111111011111010001000101010
11111111111101101010101111011111
11111111111111101011100101011100
11111111111011111101011100110100
11111111110001011010011111000110
11111111110100110011001010011000
00000000000010111111010011100001
00000000001100110000011110101001
11111111100010111110111110101010
11111111110111101111110011001001
11111111111111000000010011011000
11111111111000111011011001001000
00000000010000101100010111100100
11111111110110000000100001010111
00000000000000111100000100110100
11111111111110111001100100111110
00000000000101000100000000000101
00000000000100000011010010010000
00000000001011011000000011101000
00000000001010001011110010111011
11111111111111010110000011001100
11111111110111001110011110011101
11111111111100101100001011111011
00000000000101101000111000011010
00000000001010001100011010101101
11111111111100011110101011110001
11111111110111110111000110000010
11111111110101111011100101100101
11111111110001111001010001000101
11111111111000010111010101101111
11111111111011000000110110010101
11111111111101111111001000101010
11111111111100110101010001011111
00000000001000111001110001101101
11111111111101010010100101001100
11111111111011110110011110101100
11111111111111001000011001101001
00000000001000011101010101000100
