00000000000000101110111010011010
00000000000000111110101110001101
00000000000101000110000110000011
00000000001000010001010011000010
00000000001010111000010100001111
11111111110110110111001011101111
11111111111111101011010010110010
11111111111111101111100110100111
00000000000100100101110000110101
00000000001001101100100100101010
11111111111001111010010010010110
00000000001000001010001010100000
00000000001000010011100000101100
00000000000101010011011100011101
00000000000001100100110100101111
11111111111000001101100110110000
11111111111110011010111001001111
00000000000011101111110000111110
00000000000101000111000010011011
00000000001010000000110011110100
11111111110111000111100110011101
00000000000000101110101000100000
00000000000000011111101011011111
00000000000101010010101010010101
00000000001101000101011110110000
00000000001110101001001000010001
00000000001001110000110110110111
00000000010010111101000100101000
00000000000101001010100001010010
11111111111011001000011001011100
00000000000001001101000111101010
00000000000000100100000011011011
00000000000001010101110101011110
00000000000110011100110110000001
00000000000011100000001111000010
11111111110100000110110010000111
11111111111000011010111011010111
00000000000011001000111111001100
00000000000000111001110001000000
11111111111100011000001010101111
11111111110111101010100011010101
11111111111111011010001001001010
00000000001001010101100001010110
00000000001010101000101001000101
00000000000110111010101100011100
11111111110101001101001110001000
11111111111100001101010110010110
00000000000101101000000010111000
00000000001011001001011111010010
00000000001101111010000100010100
11111111101010001100011000101100
11111111111000111001100101100010
11111111111011100010100111011001
11111111111110001111010110001111
00000000001111000001001011110110
11111111110010000100100110011111
11111111111110111001010100000110
00000000000011011101111011010001
11111111111011110000001001010001
00000000001101101111111011011111
11111111111101111110001101110010
00000000001011001111111010000100
11111111111010010111110111101100
00000000000001111101010010010100
00000000001010000011010011011110
00000000000001101110001000111101
00000000000000100000111111101100
11111111111110101101100011101011
11111111111011100010100011110101
00000000000011111101000010000110
11111111110111111110011001101100
00000000000100010100110010101000
11111111111010101000110111111010
11111111110011110001000111100111
11111111111110000010000110101111
00000000001100010100010000011111
11111111111101001001000011100101
11111111111100111110101001111101
11111111110011011111111100111111
11111111110000000010010101100011
11111111111010101110110000000011
11111111111001101010000111011000
11111111111111011001111010011111
00000000000101000001001101010001
00000000000011101000100001010101
11111111111001110001000010011100
00000000000011001111111001000000
00000000000100010101100011111110
11111111110100100011110100001011
11111111111011101011101101000010
11111111110101011100000100000010
11111111110111011111000101000000
00000000000000010001101000111110
11111111111001000111100100111110
11111111111001011000101001100000
11111111111100100101001111111010
00000000000001101111111111110101
11111111111010111111011101011100
00000000000111010101111010100101
00000000001011011110100001010001
00000000001010101101101010111000
11111111111010011110011010111011
11111111110100001011110011010000
11111111110101010000010011110110
11111111110111001011111010011100
00000000001001000000111011000100
00000000001100111110000101101111
11111111111000110110001100011001
00000000000001011101101001110111
11111111111010010001101010100000
11111111110010001001110010100100
11111111110011011001110001011001
11111111111010010110101001001001
11111111111000101010000101000110
11111111111011110001010101101001
00000000001100100010001100100000
00000000000000110001111100111010
11111111110101000000100101010101
11111111111110101100000000001110
11111111111110101110111001000110
00000000001000111010000010101111
00000000000100110111100001101000
11111111111111111100011110000101
00000000000010010101000111110100
00000000001010000010010001111100
00000000000110011100110000001101
11111111111010111011001011010110
11111111100101111010000100010101
11111111011011010000001000110101
11111111110011001100100110110111
00000000000001011100101110100111
11111111111100010000000101001101
11111111110101011111000110010011
11111111101100000010111111111011
11111111111011010001000011010011
00000000000000101011110011001110
00000000000101110110110100101100
11111111111101101001000101000010
11111111111000100011010011110101
00000000001010011111101100000001
00000000000000011011000000101001
11111111111101111011101111010011
11111111111001100101110010111011
11111111111010101000000110001000
00000000000110010011110000110000
00000000000100001110000011000001
00000000000011110001010001001010
00000000000000101111001100111011
11111111111111011101100110111100
00000000000101111101010001110010
00000000000011110100011000100110
00000000000110001101001100101001
00000000000010100011011010000011
00000000011010000001010100100111
00000000011011111111010001111011
11111111111110101010100000111000
11111111110100000101111110011000
11111111111111000111000011011110
11111111111010111011011000111111
00000000000010010100101011001001
00000000001000000000101011011100
11111111110111010001010111110011
00000000001010010101111000011001
00000000000011000111111110000010
00000000000000001001010110001001
00000000001000100110001110001001
00000000001001010101010101100000
00000000000101010010010100000011
11111111111101110101100001111001
00000000000010001101010011000000
11111111111111101010101101110000
00000000001000011111000000100001
00000000000110010101101110001101
00000000000010010001011110001111
00000000000001100111011010011110
11111111111100111011011111101100
11111111110100110110001110110111
00000000001001000010110101100000
00000000010010100011001011011011
11111111111101101111101101011110
00000000000011110010010101011010
11111111111111111111001010011110
11111111110110100100001000000101
11111111111101010101010000100100
00000000001000011100111100111100
00000000000110001011000011000100
00000000000010111110000101000110
11111111111100101101101010110010
11111111111011100101011000011000
00000000001000110100000111100100
00000000001000110000110100101000
00000000001000111111100111010101
00000000000000001100101010011110
00000000000100111110001111100111
11111111111111010111110001001100
00000000000100111111110000010101
00000000000100100111001010110001
11111111111100010110000011101100
11111111111110110100100011001001
00000000000101101110111101111111
11111111100111010100000111100110
11111111101101110101000000010110
00000000001000101100001101010100
00000000000010111111000111101010
00000000001101000011111111111011
00000000000000101100111111001001
00000000000011011011011011100010
00000000000100010101011111100101
11111111111100011011111101110111
00000000000011110011011010101000
11111111111011100001110110100100
00000000000000110001101111001010
00000000000001111001110111101100
00000000000100001111111011110111
11111111111010011010011000000001
11111111110101001001111000100011
00000000000110011010001111011100
00000000000011100101111100100100
11111111110100111000110000100101
11111111111000011010110101011111
00000000001001011010011101011000
00000000001010000101111100000001
00000000000110010000011100111011
00000000000001001000111100101110
11111111111101011010110010011010
11111111111111000000010100000000
11111111110010101011100110101100
11111111110111111100100101001110
11111111110111100111101010101011
00000000000010110101100111111000
00000000000011110101000000101110
00000000000100101011110111110000
00000000000101001110001011101110
11111111110110110111011111101111
00000000000001000001100010111011
11111111111101111111001001110100
11111111110110110011010010001011
11111111110110010011110100000100
11111111110111000101010011001011
11111111111101011011111010000111
11111111111110011000100101111110
11111111111011010001111010111101
00000000000010000010100001111010
00000000000101001000100001001000
00000000001111000111100101000010
00000000001000111000011001000001
11111111111111010111000000011111
11111111111010101111000000101010
00000000000010001101011101110011
00000000000011111000100010001100
11111111110110100111000000111111
00000000000000011101111110110010
00000000001100101011011001001010
00000000000011101101001001001011
00000000000101010110101100011111
00000000000011000101001011000001
00000000000010100011101001001001
11111111111111100111100001000110
00000000000011101110011110101010
00000000001010100011110111110100
11111111111110001010000110010100
11111111111111010101010011000111
00000000000010111101110111111111
00000000000001000011010001101101
11111111111110110010001001000000
00000000000010000011100110000111
00000000001100110100000000001100
11111111111111100100011010010100
00000000001000000011011010000010
11111111111101100101010000001110
00000000000100000010110101000110
11111111111010011001110001001011
00000000001001110101100001101100
00000000001110111111101011010101
00000000000101100101011010110000
00000000000110000111101010111000
00000000000101000001000011110100
00000000010001000110000000000000
00000000000011001101101110001001
00000000001011100110111010001110
11111111111110010000001101111111
00000000000111111101001010000001
00000000000011100001101110000111
11111111111010110010010011001111
00000000000011000111100010010001
00000000000010100110111101100110
00000000000100100011110100101010
00000000000011000011010101101000
00000000000011101011101011000010
11111111110111011001011101111101
11111111111111101000001010110001
00000000000100101101100000110100
00000000000010010000000010001010
00000000000001100001100100000111
11111111111110110000100010101111
00000000000001000011011111101001
11111111110110101010000100100011
00000000001010011000000011111111
00000000001000011100100110100110
00000000000001101110100011111010
00000000000000011001001100110110
11111111111100100010100001011001
00000000001000000000011000111100
00000000001001101010000110111001
11111111110101100111100011111000
00000000000001001001001001010100
00000000000111000101101111111110
00000000000110001101001000101111
00000000000011110010010000101011
00000000000000100010001101011111
00000000000000010010110110010011
00000000000110001011001100101100
00000000000101101010101010000011
11111111111100100111110011001011
11111111111111011000010001000110
11111111111010001100101001001000
11111111111001001001001101101000
11111111111100111000100110110010
00000000001000111011001000001111
00000000000101110010000010101010
00000000000100100111000100100101
00000000000010110101100101001100
00000000000000111110111010101001
11111111110110011111111001000011
00000000000001010001100101010100
00000000000111110011001001001000
11111111111111000011110010011101
00000000000001110010110011101110
00000000000011001101010110010110
11111111111110110000010111111110
11111111111111011101011101011100
00000000000001000111001010100011
00000000001001100011010101010101
00000000000100011001101011101001
11111111111011100110110101000010
00000000000001010110100101100000
00000000000110110111001110110000
00000000000100110000010000000101
00000000001100011001010000010001
00000000000010111110011011100001
11111111111000110010010101101110
00000000000110001001110000100011
00000000000001110110100000101100
00000000000000001001101010110111
00000000001110101101110010111001
11111111111101101110010000010111
00000000000101000101011100100101
00000000001110110001000010110000
00000000010001101000010100000101
00000000001000010010010001100100
00000000000111100001101000000101
00000000001011111000001011100100
00000000000001111110001111001110
00000000000011100011010100101011
11111111111101001010101110010100
00000000000000000101101010111100
11111111101111110101001111010100
11111111111010100100000100000000
11111111110100110011110111111001
00000000000011001100011010111110
11111111110011100110011111011100
11111111101100111110011000011100
11111111110101111000100101000111
11111111110111011100101000010110
11111111111010001001011110001010
00000000010110101000101001101000
00000000000111111101010110111010
00000000000011001101100100010100
11111111111110011011001000110010
00000000000111011111010000101010
00000000001000001111111001000001
11111111111101111000101010101010
00000000000000111101100111000001
11111111111001101000110100110010
00000000000010000000100100110010
00000000001100001101010000011011
00000000000110011011101111010010
00000000000001011111010000001010
11111111101101110000000101011011
11111111101110100010001011101011
00000000001011111110110010101111
00000000000101110101011100100010
00000000000110100000100001000000
00000000001000110000111010110110
00000000000010100011010010100000
11111111111010011110000100111000
00000000000101011011100000100010
00000000000100100110110100001100
11111111111001010101010101110110
00000000000011010000101110011110
00000000000010101001100101101011
11111111111111011111011100000001
11111111111100101101000010101010
11111111111010010101011101010011
11111111111110001010001010100001
00000000000111011111110000000110
11111111111000100111111111111010
11111111111110100001001000101101
00000000001010011100011000110000
00000000001010000111101000001110
