00000000000001010000101110000101
00000000000000001010100100110011
00000000001000110011101111101100
00000000000111110001111000101110
00000000000011011100101101000111
00000000001100101001010110000010
00000000001101001101111011101011
00000000000010000111110011100111
11111111111101110100001110101011
11111111111111001000010010000111
00000000001000111110000100101111
00000000000101110101111001101100
00000000000011000110101100010010
11111111111110000010010100011101
00000000000000000011101100110010
00000000000001010010000001001100
00000000000000111110010100101001
00000000000001001010100100101100
11111111111110111001111100101111
11111111111110010001000111100110
11111111111000110100110101110001
00000000001001000111110010000101
00000000001000110011100011111100
11111111111101010010001010011100
00000000000100001011111001111101
00000000000001110111110000100100
11111111110011110010000110011010
00000000000011111001100000101111
11111111111010010110000010001111
00000000001001010101100111001100
00000000000001001110011110010000
11111111111100101110101011011010
00000000000111011011001000100001
11111111111101110010010011010101
00000000000010110011111001001010
00000000001010111010110001011010
00000000001010010100101010010101
00000000001010001101010001111100
00000000000011010100010101101101
00000000000000011010110010010001
11111111111110111101000000111011
11111111111110110110100000001000
00000000000001111010011010111111
00000000000100011110111011001011
00000000000111001011000101000001
11111111110101101111110111010100
11111111111100001010101001011110
00000000000100000010001010010101
00000000000011101000111001001000
00000000001010000011011101100100
00000000000110110110001100111000
00000000000100011100100101011001
00000000000100010001111111000010
00000000001011110000010111011011
00000000001001000010010011101100
00000000001001110100000110010100
00000000000011010110100110100000
11111111111110011100000000010001
00000000000001010011000011111100
00000000000000101010011100010010
00000000000011110010000000010011
00000000000010101100000011100001
00000000000010110110101111001101
00000000000011001001000100011001
00000000000001101000001010100110
11111111111100101111001111011001
00000000000100100001111001000100
11111111111110111111011111001111
11111111111111001101100001111011
11111111110101011101110110100111
00000000000100100001100000010011
11111111111010111101010111010010
11111111110000011100101011011111
11111111110000111100100011101110
11111111110110110010000010111010
00000000000101010110100101001111
11111111111110110111010000110001
00000000000110010111001010111011
00000000001010001100111001101110
00000000000100101000111110011001
00000000001001001110101001110011
00000000000100101101111110101110
00000000000111001000011010010111
00000000000101010100010010110001
00000000000101111010000100101010
00000000000110000101111001110010
00000000000010111101101011100110
00000000000001100100101110011101
11111111110111100010010000101001
11111111110110111100100011101001
11111111111011101010100011111111
00000000001000101111001101111101
00000000000101010101100101101011
11111111111011000000110111100011
00000000000011011100111100001010
11111111111001110010001011111011
00000000001000100011100101001011
11111111111110011101011110001000
00000000000010001000110110010001
11111111110111110000010101000011
00000000000011010100010100010010
00000000000110101101010110101110
00000000001001011010100111101111
00000000000111010100010111000111
00000000000110011110101100110100
11111111111101110011110001000000
11111111110110110010001111011011
11111111110010001010000101000000
11111111110110001101001001111010
11111111111110001010011010111001
00000000000111001101101010110001
00000000000001011000010010111100
11111111111011100010011000111110
11111111110111001111001010111010
11111111110100101010000010101101
11111111111100000011100000010110
00000000000010000000000000001110
11111111111000100101010001110110
11111111110110101010000111111101
11111111111011100100100111111111
00000000000001110001010010000101
11111111111001000011100111011000
11111111110101111011001101010110
11111111110111011001110000001011
11111111111001001111110001011010
11111111111110110110111101010001
11111111111101000001000001000000
00000000000010001000011111010011
00000000000000100100111000001111
11111111111011111111011000000110
11111111111100111001111001010011
00000000001011100110101100001101
00000000001000110110010010110111
00000000000101000001010011110100
00000000000110001101101100101000
11111111111010011100011110101011
11111111111110110000110101110000
00000000000101101010010110000110
00000000000000100011000101101011
11111111111011100100100010101010
11111111110110101001011101111100
11111111111111100111110001100111
11111111111011110101110101001110
11111111111100111001111011101101
11111111110111111010101111110101
00000000000010011111100011010010
00000000000001001010101101011111
11111111111011111011001010000101
00000000000010010101001110010001
11111111111000110000101011111110
11111111111101110011100100001010
11111111110111111011010101101101
11111111110101110101101010101101
11111111111110001011101011001100
00000000000011001111011000110011
11111111110011000000001011000001
11111111110110110110001110001010
00000000001000111001110111010010
00000000000111111100111111000010
00000000001001000001110001001001
11111111111000001011111111010010
11111111110010010111010010100011
11111111111100010111010101101111
11111111111110110100100000111000
00000000000100100001001111001000
00000000001011010000111010000111
00000000000001100001110000101100
11111111111110111001010110000100
00000000000010110111110010110101
11111111111101110110111110001001
00000000000010000110100001110011
11111111111110010111101110110111
11111111111101001101100001010011
00000000000010010101101101111101
11111111111101110010110101110010
11111111110001011010101011001111
11111111111101110111100011111010
11111111111101011000111010000010
11111111111101000110001001101111
00000000000000110111010101110101
11111111111101011111110011100110
00000000000000001010000111110100
11111111111110010111010110000100
00000000000100100011010011000100
11111111111110010101110001001100
11111111110110101101111110100110
11111111110101101100111110010101
00000000000010110110111101000111
11111111111101011101001010101000
00000000000010101011101110110001
11111111111110100100001110100111
11111111111101100100101000111110
00000000000100001111001010110011
00000000001000101010010001100000
00000000000000101111110010100010
11111111111011101111000000101100
11111111111100001111011000100010
11111111111110111000110101010000
11111111111001000110010100111011
11111111101111010011111111110111
00000000000001100100100010011100
11111111111011000011111110111001
11111111111111101000010011100100
00000000000101010011110010111001
00000000000100100011010011110110
00000000000100101110100001010100
00000000000000001111011110110111
11111111111110000010010111100111
00000000001001000000100000011111
00000000000001100011100011001010
11111111111101001011000010001001
00000000001001101001010011000001
00000000001010111011000111110100
00000000000100011111001110010001
00000000000110001000100000010101
11111111111010111001110101000001
00000000001000110001001000111010
00000000001000010101010101010110
11111111111101000000001001101011
11111111111000100100101010001100
00000000000111010011101100011100
00000000000010100000100000010010
00000000000001100001101110001011
11111111110101010001100011101100
11111111111000010100101001011101
00000000000110101111101010100100
00000000001000101101010111111111
00000000000100010111010001100110
00000000001000010110100111111101
00000000000100110111001001110010
11111111110101001111001010111111
11111111110110101101110101010111
11111111111001011000011010001101
11111111111011100100011000111011
11111111111010000101011100101110
00000000000000110111011101110101
11111111111000010101011101001100
00000000000011010001100010010101
00000000000101011000000010101101
11111111111101100001100100100011
00000000000111010000001000111010
00000000000100001010011111100011
00000000000001001011101011100101
00000000000110101011100011101011
11111111111010101011111000010010
00000000000100010110010101001011
11111111111001111001011010110001
11111111111000001100111011000010
11111111110100110000110101111101
11111111111011100111001011001100
11111111111111000000000101101001
11111111111100111010011101110010
00000000001000111101110000011100
00000000000000101011010101101110
11111111111110000001000101100111
00000000000010100001110100111100
00000000000001101111010001101110
00000000000100000010001000001110
00000000000101010101000000010100
00000000000000010101101111011011
00000000001000100001001011001100
00000000000010011010000111001101
11111111111111100011010010111110
11111111111111010101101000001000
00000000000010101000001000110100
00000000000001010011110110000011
11111111111110000001001101100111
00000000000110100010111010000001
00000000000011011111010001010011
00000000000011101110000010111101
11111111111110111111111010100101
00000000000000100101101111111000
11111111111111010110000010011101
11111111111101110100100110110111
11111111111111010110110011101000
11111111111001101110011011010100
11111111110100010010011101010001
00000000000010110110100100111110
00000000000100101101010010101110
00000000000101010000000110011010
00000000000101110000000000000001
11111111111110001000110111000011
00000000000010000110111011100110
11111111111100011111101110110111
00000000000010111000100101001010
00000000001010010000100100001011
00000000001000111100100100011001
00000000001011000111101100111000
11111111111100111010001101010010
00000000000001111000111101110000
00000000000010101111011111110101
00000000000100111011100010000111
00000000000000111011010001100000
00000000000001100110111111101011
00000000000000100010010001011100
11111111111011100011010011001100
00000000000010010110111101011100
00000000000101011011001110100101
00000000000100001001010110011110
00000000000110101000010010100100
00000000001001001001100100011001
11111111101111111010111001010100
11111111111011000000011001100110
11111111111001001100011011101110
11111111111111011101110111010000
00000000000001001100001010000010
11111111111111110111011100001010
11111111111111100000001100010011
11111111111111001111100001001101
00000000001001001011010100000111
11111111111110111011001111011100
11111111111111101000111000010010
00000000000000111000010000000110
00000000000001110110000100100110
00000000000110001011000110101111
11111111111010000011000000101101
00000000000000010111110110100100
11111111111110011000100010011010
00000000001000111010100000010101
00000000000100010000001100001101
00000000000011110001101101000000
00000000000100110001100100111010
00000000000110101000001100110111
00000000000000011100000011101100
11111111111100010111111100001011
11111111110111111111101000001111
11111111111111011111011101000110
11111111111111001001111000101110
11111111111111001101110111000111
11111111111010001111011111011001
11111111111101111101010010101011
00000000000111101101010100111011
00000000000000010101100010100000
00000000001000111001010000110111
00000000000001101011001110010110
11111111111100100011111100000001
00000000000011001000000000000110
11111111111001011001011110100110
11111111110111000110101110101000
11111111111011001011110001110111
11111111111100000001100101101000
00000000000011101110010000000110
00000000000111010100010101111011
00000000001101011101010101101101
00000000000111110011111011010001
11111111110111100100101100011010
11111111111101011010111110000000
00000000001110010001111101101110
00000000001010110001001011111100
00000000000011111110011110001001
11111111111111101010111111000000
11111111111110010011110001011011
11111111111100110001110101011011
11111111111001100011110111111010
00000000000110110000011010100001
11111111101110000010000010101011
11111111111000000110110001100010
11111111111100010101001001110100
11111111111101110010000010100001
11111111111111010100101000010110
11111111101110110100101111010011
00000000000010110101100010011101
00000000000010010100000010010111
00000000000011000001111010001001
11111111111010001011001000110110
00000000000011101001111101101100
11111111111101001101001111101010
11111111111010000000111100110110
11111111111101111001101110100001
11111111111011101001010010101100
00000000000111000011011010111001
00000000000000100110100010001001
00000000000011101101001100001001
00000000000000100111101101010011
11111111110101101010001101111010
11111111111101011100010111000111
11111111111010111110000111011000
00000000000010101000011101000101
00000000000100001001110011110000
11111111111001011110100110000010
00000000000101000010000111011111
00000000001000111110111110100101
00000000000011111101111101011010
00000000000100000011100011000010
00000000000100111100000111111001
00000000001010011111001001000001
00000000001100010011011010001001
00000000000011100001110110000011
11111111110111111011100101111101
11111111110001100111111011100101
00000000000101111011101101111101
00000000000100000010010111110110
11111111111100100000010110010101
11111111111110011000000000100001
00000000000110000011100100110100
11111111111001110011100111111100
11111111111100110011111011000010
11111111110100110100100111011001
11111111111110010001001111111111
00000000000011110001010011111010
