00000000000011011011100101001100
00000000000011001111001001101001
11111111110110110001100000010111
11111111110010011110000010111000
11111111111010101111111001011101
00000000001000100111001100001011
00000000001010011100110000100110
00000000001111110010001100101000
00000000001101000001100110001100
11111111111010011010100101101101
00000000000011110000000010101100
00000000000111011110010111000111
11111111111011011100001011001110
00000000000101000011110010111000
11111111111111011110000111111000
00000000001001001110100000101100
00000000000100010110100100111101
11111111110101001001011001101101
00000000000010111000101000000101
00000000000010011011100110101000
11111111111111011100100011101100
00000000000100011000101100101111
00000000000001100000100011111001
11111111111100010101001000100011
11111111111011111111110111010011
11111111110111000011001010010000
11111111110100000000100101100011
11111111110110101000000000001000
11111111111110001000011110011111
00000000000110111111000001010011
11111111111101101001001011011001
00000000000000101010011111100000
00000000000101011111110100101000
11111111111111111110010001110000
00000000001000000010111000001010
00000000000010000001100000110000
00000000001001110110111110110101
11111111110100000101111001000011
00000000000011001101001001010111
11111111111111000111111110101101
00000000000100101011111011000010
00000000000101111010000111000110
11111111110111100001110110011010
00000000000000101011100111001111
00000000000000000000001010010010
11111111111110111110001000010100
11111111111110100110100111000000
11111111111100110010011011100101
00000000000010010001110011010101
00000000000111110010110110100111
00000000001111000010101010011100
00000000001000001011111101110100
00000000001001011001000011001101
00000000000010100010110001100101
11111111110000111011100011010001
00000000000000110000001011000011
00000000001001010101100111110001
00000000001001110000001010011110
11111111111100111011011001001111
11111111110000000010001000100110
11111111111100110000010011000110
00000000000000101100110100101111
00000000001011101100001110110101
11111111111111011001011100000000
11111111111111110010111010000011
11111111111100011111101110000010
11111111111011001101011101001010
00000000000101001111111110110110
00000000000010110000110010110011
00000000001011010110100011100010
00000000000001011000111110111110
00000000000000111100110001101000
11111111111001000000100111110000
11111111111011010001010100000100
11111111111000000101111110101010
11111111111100001111110111101001
00000000000010011100011011001110
00000000001101111000100000010000
00000000001000111101111110101001
00000000001100000000001010010101
00000000001101010011100111010010
00000000000000110000111011001001
00000000001101101010010101101111
00000000000000100011001100100001
11111111111000110001011101000101
00000000000000000111010011001011
00000000000101110111010110101100
11111111111100101011101010111011
11111111111110001001011000011001
11111111110011000011100111101011
00000000000011100110111110000011
00000000000000101010001000101010
11111111111111110100110100011010
11111111111101111010000001100000
11111111110111010011010011000101
00000000000000100111110011100001
00000000000110000001001000010110
00000000001010101100111111011111
00000000000010101011110110101001
00000000000110111100000101000111
11111111111000111011110001101011
00000000001100110000001101001101
00000000001111100010010000010101
00000000001001001110011111010010
00000000000101110101110110001010
00000000000000101000011101100011
00000000000101100011111001011101
00000000001001100100110000010010
00000000001001101111100110011010
00000000001000011001000001101001
11111111111001101010011110001110
00000000000000011110001011011110
11111111111000000110001111111011
11111111111001110010110110110001
11111111110001010001011010010001
00000000000000111000110100011101
11111111111101011001011001010110
11111111110111011000110011110001
11111111101110010100010101001010
11111111110100011111000110100111
00000000000000111000001111011111
11111111111101000011111001011111
00000000000100111101000001111100
00000000001000001001001110000011
00000000000100101100101111110111
11111111111001011111110010101010
00000000000101011010100111001011
00000000001011010110000001111000
00000000001001000010111101111011
00000000001110101011100111111000
11111111111001000001010011001100
00000000000010010010110010010110
00000000001000100010000111010001
00000000001000001010010110100000
11111111111000000101101000101100
11111111110101110111110101001101
11111111111010001110100101110001
11111111111110111010100100000111
11111111111001001011001111110011
11111111101100101000011001110100
11111111110100110101011011000001
11111111111111111010010010110101
00000000000110010110110001011001
11111111111001001110010001010101
11111111110101011000000100011000
11111111111011010001110101100111
00000000000100010111010111010110
11111111111111011010110010011010
11111111111101010000100011011010
00000000000100101110101010111111
11111111101111100100111110001100
11111111110011100101101000101110
00000000000100110000110101101011
00000000001011010000101011110011
11111111110010010111100111000010
11111111110011100001011100111011
11111111111111011111011110111100
11111111111110100011000010101100
00000000001010100111110010101111
11111111110001010110110111001000
11111111110101101101101000000101
00000000001011111010100010110100
00000000000010110111011010101010
00000000000100001111010011110101
11111111111010101111101100010110
11111111111010100000011100010000
00000000000000010100011110110001
00000000000001110000010000001001
11111111110100101011001000110100
11111111111111100110001011010010
11111111111101110100000001110100
00000000000000010110011000001001
11111111111011001011001110010111
00000000001010111011100010111110
00000000001000010101111110110010
00000000010111000100111011000110
00000000010101011110101101100000
00000000001100100010111001011011
11111111111011001101100111010110
11111111101101110111000011111011
00000000000111111000001000111111
00000000000011100011110011111111
11111111111011011000001101101100
00000000000101001011011111100100
11111111100001000100101100011010
11111111110010001111111000111000
11111111110010101010100110111110
11111111111000111000101100100011
11111111111101110110111110001101
11111111110000111001110111101000
11111111110010011001100101010001
11111111110110011100110000100010
00000000000101001111101111110001
00000000000011111001001101001010
00000000001010000100100000011000
11111111111111000011100101000110
00000000000111000010110000001000
11111111111111000111101110011111
11111111111011110001001111110111
00000000000000010010110101001110
00000000011000110001011001011100
00000000010000010111111001101100
00000000001101101001101010100000
11111111110000110111111100010010
11111111101000111000111100100101
00000000001001011011001101101010
00000000000000001111110100000011
00000000000000100111001111100110
00000000000011011010010010011101
11111111110101010011111010100010
00000000000101101000110101011011
11111111111001100111000111010001
00000000000010100111101111101000
00000000000100001110011111110101
00000000000111001010010101010000
11111111111001101001111011100111
11111111110000010010101001100110
11111111111001111100000100111100
00000000000100101101100001001010
00000000000110100100011001101011
00000000000101001110011010101100
11111111111111100000111001000111
11111111111101010100100000101010
11111111111101110000001001001001
11111111111011010011110111101011
00000000000100111100000101101010
00000000000110000101100010000101
00000000001011011010101000110001
00000000000100100111011011111000
11111111110100010110100001100111
11111111110111010111111000100000
11111111111101101011011100111110
11111111111110101010100111011011
00000000000110011010100111101010
11111111111010101001111111011001
11111111111111010110001100100001
11111111111100110101000111111011
11111111111110101100111110101010
00000000000110000100010011110110
00000000001001100001000100110011
00000000000010000010011011111110
00000000000110101101011001110110
00000000000101110100111110110110
11111111111110000011101101000111
00000000000001010001000100001010
11111111111011011010010011111000
00000000000011011001010010001000
00000000000010111100001101001010
00000000000010111110000001101000
00000000001010000101111110111111
00000000000101001000010100000111
11111111111011010000001101111100
11111111111001001111100011110000
11111111110000101000011011110100
00000000000000111111000100110101
00000000001000110001011010111100
00000000001001100101101000100101
11111111111100001101001111000000
00000000000001011011101101100111
11111111111011111011000111011000
11111111111111100000111100000110
00000000000000001110100111111010
11111111111101101100011000011111
00000000000010111000100011000011
00000000000101001110111010111110
00000000001110111000011110010010
00000000000101110110010001111110
11111111111010101100110011001011
00000000000000111111000011000111
00000000000101000001101110101011
00000000000101111101100100011110
11111111111100101101001001111000
11111111111011011110101001101100
00000000000001001010010011101000
00000000000011001111110101000010
11111111111011000010101011011000
11111111101001111000010011111110
11111111101011001111000000111010
11111111110010101011011011001000
11111111110111100100001101001000
00000000000100000111100000101001
00000000000010010110010011100111
11111111111001101000101101010001
11111111111111101011011000100100
00000000000010011010000010111001
00000000000101110000100111000011
00000000001011111011010100010110
00000000000000110001001000011001
11111111111111010111101000110011
00000000000110010001101011001001
00000000000101101110011101011000
00000000000001011001010000011010
11111111111001110001100101010111
00000000000010110010011001000001
00000000000100111100001011000101
11111111111010011101101000111001
00000000000010100001010000000110
11111111111111101110101101011000
00000000000001001000101101010001
11111111111011001010001100011000
00000000001001000011011000000100
00000000000010000101110001100000
00000000000000001000110000100100
11111111101101000101100000111001
11111111110111001101000101010110
00000000000110111100101101110001
11111111111111000011100111001011
11111111111110111110001110010010
11111111111110010000111100010111
11111111111000001010000110101100
11111111110111101101111011100110
11111111111100000100010101001001
00000000000010000100010101110011
00000000001110010010101001110011
11111111111100100011000111000001
11111111111000100001101011010010
00000000001001000010110101100111
11111111111110110110011111001101
00000000000111000100100011000010
00000000000010000001001011001001
11111111111101011100010111101111
00000000001010100110001010101000
11111111111110001100000100011110
00000000000101100001101011010101
11111111111111010100000010011110
11111111110000110011001010101101
11111111101101000000000001110001
11111111110011101011000011101011
00000000001001010001001011001110
11111111111010111001010110010111
00000000000011111000100100110110
00000000000011011000001011100011
11111111110110111110000001111110
11111111111011101100101011000111
11111111110111101000001100001010
00000000000010100001110010000001
11111111111100111001001010111111
00000000000110001110011101011011
00000000000101011001010011001011
11111111101011001101100001100011
00000000000000101000100001100100
11111111111111001000000011001000
00000000001101000100110111101111
11111111111010101110011000110101
11111111111101110100100110001110
00000000000000110110010110010000
00000000000100001000010010010001
00000000001010000010100010010000
00000000001001000100100100000101
00000000010100100111010111111101
00000000001001001100111000011000
00000000001010100011101101000111
00000000000010101011010111000101
00000000001000101100100011001110
00000000000000110011111111011101
11111111110110110111111010011100
11111111111101011001100111110001
11111111111100010010110101101101
11111111111111101111010110111110
11111111111110100001100010100000
11111111101101101000110110100000
11111111111110000100001000010011
11111111111001110111011010011010
11111111110000111111000101111001
11111111101111010111110000110110
11111111101111111111011010000111
11111111111110101101100001000111
00000000000000001010110010001010
11111111101110110000100111011010
11111111110001111100001011000110
11111111110111100101110110110101
00000000000000000100000111111011
11111111111111101101101111100011
00000000000101001000100111101101
00000000001000000100100110101011
11111111101101110010101000001001
11111111111100011101101111000001
00000000000100010000011000000000
00000000001111011001100100111100
00000000010000101011111111100010
11111111110101001000100110111111
11111111111101100110011111101001
00000000001011101011001010110011
00000000000000000010000010011100
00000000000111101000011001011111
11111111111010110110010100100000
11111111111001111011110010100101
00000000000001111110001111100101
11111111111001100010010101101010
11111111110011110000111000100000
11111111111100101110100000110101
11111111111111000011111010001011
11111111111011001101101000011100
11111111111100010110110101110110
11111111111111110001111101101100
11111111111110101111100101111111
00000000000011001111001011110001
00000000001000001011111111100101
00000000000101001010101101011100
00000000001100010101100111011100
