11111111111010000111000001111100
11111111111000001100100101110001
11111111111001001001110111000111
11111111111110101001100001000010
11111111111110111101011010011101
11111111111100101101010111100111
11111111111010101110111011101011
11111111111011011001000011101010
11111111111100001001001110101100
11111111111010010101000111100001
11111111111000101110111111011011
11111111111111110011011100110010
11111111111010101011010100010110
11111111111010010111001001011000
11111111110111001011001100011011
11111111111110101101100101110111
11111111111011011100100000101010
11111111111011111100110100110110
11111111111100101011000111011010
11111111111100100011001001110011
11111111111110011110100010010011
11111111111011101000011000111010
11111111111111011111010010111101
11111111111111001111001000011111
11111111111110100001100111100000
11111111111001010000111010100000
11111111111110101110010011111000
11111111111101001101000011001111
11111111111101010110100101010110
11111111111100101101111110011010
11111111111001101100011110011101
11111111111101111010100110111100
11111111111111000011101111110111
11111111111101111110110100111111
11111111111011010011111000010000
11111111111010011111100101000001
11111111111010011110101111110101
11111111111100000010001111100110
11111111111001000010011000110100
11111111111001100101010111010011
11111111111111111000010100110101
11111111111011101100111001110000
11111111111001111000110011000110
11111111111101001111001001111101
11111111111010001010000101100100
00000000000001101110001000001001
11111111111111001011011011001011
11111111111101001011100111101011
00000000000010010010101111001101
11111111111011001001110010101110
11111111111100010010011010010001
11111111111011001011000000101001
11111111111101001011010110011000
11111111111011011100110101101000
11111111111001110100100111010000
11111111111000100101011011001101
11111111110110110010011010110001
11111111111110110011000011110001
11111111111001000111100001111111
11111111110111011010000010110101
11111111111101111000111011101010
00000000000000110101011011010000
11111111111010111000100001100000
11111111111101001000111111111101
11111111111110010001100110101011
11111111111101010110000110111110
11111111111110111100000111000000
11111111111000111110110010001111
11111111111000110001110010001111
00000000000000000000101010010101
11111111111001011111010001101100
11111111111110111010111011001100
11111111111010010110110010100010
11111111111100110000101101000000
11111111111010101110001000010001
00000000000011110011111010001001
11111111111101011101110111100110
11111111111011001011011110110011
11111111111010111011010110010100
11111111111101101011101011111011
11111111111101001101010111100010
11111111111101111110010011111111
11111111111101001110100110101101
00000000000000101110101100101100
11111111111010101011011110011000
11111111111011101011111101010111
11111111111011000000101100110000
11111111111011010100011101110001
11111111110111001011010100111000
11111111110110111110011010011101
11111111111111011100011101100111
11111111111001000100110011101100
11111111111100100101000000000000
11111111111001010011010100011011
11111111111000111010011100011101
11111111111100010101000111001000
00000000000010010010000101111001
11111111111010110001101101100011
11111111111010111110101100001110
11111111110111011111001011100111
11111111111000101100011110111010
11111111111101001100110010011101
11111111111100101101010100111101
11111111111111001100000110011000
11111111111011000000000111011011
11111111111011111111001101111010
11111111111010011111110100000011
11111111111011011101101100000001
11111111111010110000110100100000
11111111111011010110111100101011
11111111111011111011010010111111
11111111111100010100101011000001
11111111111010011110001100001101
11111111111010111001001000000110
11111111111110000000001001000111
11111111111011011011100001000100
11111111111100011010000101011100
11111111111010010100000100011000
11111111111100111101011011100011
00000000000000110101011111110001
11111111111110110110101110001000
11111111111100001110111010110000
00000000000000001111001110001110
11111111111100011011000101010000
11111111111100101001000001101101
11111111111011111101001001110001
11111111111001000001100011000011
11111111111101010001001111001001
11111111111100111011011010100001
11111111110111101010101111000101
11111111111001011100000100100011
11111111110111011010100111010011
11111111111100110010111101001001
00000000000000110011110011111110
11111111111011100011000001101011
11111111111011000000011111001111
11111111111010110000101110111110
11111111111101101110101101101110
11111111111100000100101010100110
11111111110111011011001100110111
11111111111010001111110111000011
11111111111110010110110100111001
11111111111010110001010001001110
11111111110111010010000111011101
11111111111011001100101010001110
11111111111101010101100000101001
11111111111110000101011101000100
11111111111011001111011110010100
11111111111001111000110001101110
11111111111110011110000110010000
11111111111000001100110011111110
11111111110111011001101111111101
11111111111010100110000011101100
11111111111001111001100001000110
11111111111011011111001001100010
00000000000000010000010011110011
11111111111010010101000110001101
11111111111110101011010111101010
11111111111100001100101100010101
11111111111101111011010111010111
11111111111100100110010101000110
11111111111001001000001101011100
11111111111010100101101001111111
11111111111101101000111010001010
00000000000010111000111110011100
11111111111100010010111110010011
00000000000000011110111101011000
11111111111101101000010110101101
11111111111001010100000101001100
11111111111001011100011001010001
11111111111110110111010001100001
11111111111010100110111000010001
11111111111111101111010111001010
11111111111100110100001001111110
11111111110111111101010100010011
11111111111000001001101010010000
11111111111000101000110001111011
11111111111010100100110101111011
11111111111001101000011101010001
11111111111001110010010101100000
11111111111011111011100000011011
11111111111110111001010111111111
11111111111110100011011101011111
00000000000011110110000100100100
11111111111101101101110001101000
11111111111000110101110011101001
11111111111100101100100110111101
11111111111100000000000100001001
11111111111100001101001011110011
11111111111001101100010011101101
00000000000000110101000001010000
11111111111111111101000001111000
11111111111011010110110001011110
11111111111101111100001110110100
11111111111001101111110000011100
00000000000000011010101010110001
11111111111010110010101100001100
11111111111011110110010110110000
11111111111101010010001101111111
11111111111010101001111000111010
11111111111010001100110001101011
11111111111111011010111110101000
11111111111110100011101100111101
00000000000001010010110000000101
00000000000000111101101101001100
11111111111000101011110011001011
11111111111100111101110111011111
11111111111100101110011111111101
11111111111110010001111111110100
11111111111100101000000100111000
11111111111101101111100001100110
11111111111001101000100110111101
00000000000100000101000111100110
11111111111100100010101010011001
11111111111001000000110010001100
11111111111101110001000000010110
11111111111100010000111101010110
11111111111011111110011010100111
11111111111001101111100111110010
11111111111010100001001001001110
00000000000101101001101101101011
11111111111110000000110101100110
11111111111110010000101001001110
11111111111111111110110100101110
11111111111001000110010000011011
11111111110111011111110011000110
11111111111101001111010001001001
11111111111101100001111110101001
11111111111101110010011111100000
11111111111110001111111010111011
11111111111110011101001101001011
11111111111110010011000101101101
11111111111101010100111011111010
11111111110110011001100101110011
11111111111010010101101000001000
11111111111101000110101011111110
11111111111100000110000010101100
11111111111000010100001001101110
11111111111101111110100101000110
11111111111100000001100111101110
11111111111110011100011110110100
11111111111010011101101111010100
11111111111011001111000010100010
11111111111100101011010000010000
11111111110111100010011100000101
11111111111110001110010101011100
11111111111100100110111111100011
11111111111011100011100101000010
11111111111111100110010100001000
11111111111101001000011010111111
11111111111110101101011111111100
11111111111101111101111110111110
11111111111010101100010110100101
11111111111011100111010010000101
11111111111110110011101100111001
11111111111100100010100100001000
11111111111011101011101101110110
11111111111111111100001100010011
11111111111110001100100110000000
11111111111101011000001011001010
11111111111001000101000100010101
11111111111001000110100010101011
11111111111100010111111010011111
11111111110101111111011010101001
11111111111000111110010001110110
11111111111100000101001000110100
11111111111000000101110111010101
11111111111000110011111100101101
11111111111000011000111010001010
11111111111100111111101111111111
11111111111110101011110011010100
11111111111110101110110111100011
11111111111101110111010101111100
11111111111100011111111001111000
11111111111110100011000101110100
11111111111110001111011001010001
00000000000000100100011101101010
11111111111001111100000011100011
11111111111010100010010111010010
11111111111110000100010001001010
11111111111000101001011010011110
11111111111010001010100001111110
11111111111111010001111000101001
11111111111101101100101011010001
11111111111010001011100111000011
11111111111010001011111110110100
11111111111010000111001001101101
11111111111110111111000111000001
11111111110110100000010111001111
11111111111011110001111011100101
11111111111110011110000001011011
11111111111100110010100101010100
11111111111100111001100111100001
11111111111010011011101111010001
00000000000000001101011101110100
11111111111101110111010100001101
11111111111110110000111111000010
11111111111110100011000101001011
11111111111100101000110111101001
11111111111100001111010011111100
11111111111010011101111010100011
11111111111010011101100100110010
11111111111101100010100110101111
11111111111101111010110000000000
11111111111010100100011101000111
11111111111100100111000011101000
11111111111010111111011011010000
11111111111011001101001001010000
11111111111101000111001000100100
11111111111011110000000010100111
11111111111000111010011101100010
11111111111011100101000100111011
11111111111001010111110110110100
11111111111110100110111010011111
11111111111100011111110010110010
11111111111010010101100111110101
00000000000000101010101001000001
11111111111100010101110000000001
11111111111101010111000010100101
11111111111000011000111011001010
11111111111110000100100010111001
11111111111100110000110000001101
11111111111001100111111001001110
11111111111000111100011001000100
11111111111010101101000100100101
11111111111010100100110101011100
11111111111110101110011111011011
11111111111110110011100011111011
11111111111101001100101110010000
11111111111101110000010000101000
11111111111001001001111011011010
11111111111110100000011111000011
11111111111101101011110111011100
11111111111110000011000000100011
11111111111100010001000111101000
11111111110111110000101111010111
11111111111111110110100111011101
11111111111000111110010010000101
11111111111101111100101011110010
00000000000001010101011001111111
11111111111101110001000100101110
11111111111100011001001110100000
00000000000000100011001100101100
11111111111100001001011101011010
11111111111110101000110101110010
11111111111001100001000101101110
11111111111101101001000110010111
11111111111001111100111011110001
11111111111010011101000111100101
11111111110111001111011010011111
11111111111100010101100110001101
11111111111101101001111010001001
11111111111100100001001110010110
11111111111011001000010100000111
11111111111010011010100101001010
11111111111011110101011111101010
11111111111100001011110001011010
11111111111011110011011101111001
11111111111011010000110010110100
11111111111100111010000100100101
11111111111110000011111100111101
11111111111101011100101010010001
11111111111110011001100101100110
00000000000010111001010110111101
11111111111110101101110011011101
11111111111100001100111101001110
11111111111011001101101111000101
11111111111011011101000011000100
11111111110111011000011111001101
11111111111001010010110000001010
11111111111010110001011100011110
11111111111110110011011000101101
11111111111001000100110101000101
11111111111001100000011010011101
11111111111101100010011000101001
11111111111111011010111111011000
11111111111001011100000101111111
11111111111011010101110101101010
11111111111110101101001001001011
11111111111110010011010100101000
11111111111010111000010111111110
11111111111000010101101100000010
11111111111101111110111000111011
11111111111011010111110101001010
11111111111101101000000000000010
11111111111010111011100110011010
11111111111100100010011110001100
11111111111100100110001001110111
11111111111001001101000101001111
11111111111000110111110100001010
11111111111010101001100010001000
11111111111001101000001101001100
11111111111111001000011110001111
11111111111100111000101110001011
11111111110111001010011010100000
00000000000000110111100100001101
11111111111110011001111111110001
11111111111101000010001011010001
11111111111010110011111010100101
11111111111101000111001100110101
