11111111111100011011101110110111
11111111111111010011100111001001
11111111111111100110110001001011
00000000000000000011100001101110
11111111111110010101011110101110
11111111111110000011100001100111
11111111111100110000000000000100
11111111111110110000011110011000
11111111111111001111101111100110
11111111111110011001000010110111
00000000000001001111100100110100
11111111111111001011001000000001
11111111111100101000011111110011
11111111111100000100100100010001
00000000000010000001001001100011
00000000000001011100000110110001
11111111111100100001101001000101
11111111111111101111000100111001
00000000000001100101111110010110
11111111111110110100001011010011
11111111111101011111000110101010
11111111111100011000101101010111
11111111111110110110011111001100
11111111111100010001110001010101
11111111111101011000000111111110
00000000000000101110010000111101
00000000000000011010110011001010
00000000000000101001100001010000
00000000000010001010110100101011
11111111111100100011000110111000
00000000000001100010101001100010
00000000000000110100110011101110
11111111111100111100101011011101
11111111111100011100000101000000
11111111111101101110100100000101
11111111111111000100001110001011
11111111111101101001010111011110
11111111111111100100001100011111
00000000000001110101011100101100
00000000000010010101010101000011
11111111111110101011010100011100
11111111111111100011000110101111
00000000000010000010011111101010
11111111111100111011111110000011
11111111111110110001001111010011
00000000000001001110001100000101
11111111111110100101101110110001
00000000000001101011110000010000
11111111111111110110110011010110
00000000000000011000100001000010
00000000000000101101001110011000
00000000000010010101000101010011
11111111111111101101101111001000
11111111111101010000111111100100
00000000000001010010001110001100
00000000000001011000100111000010
11111111111110001001111100101010
00000000000001001100111011010001
11111111111101111000011011011110
00000000000001010011100100001101
11111111111100000010111011101011
00000000000010001101110110010011
11111111111110110010110001001001
11111111111111011110010011010001
00000000000000111001001100111111
00000000000001010010100101110111
11111111111111001110110111010101
00000000000010000001000100111011
11111111111110111110010110011001
00000000000001001000110011000011
11111111111111101000110110000110
11111111111101101101100001101001
11111111111110000111011100011010
11111111111100010011000010101010
11111111111110000111011011000001
11111111111100000010001011011010
11111111111110001110001001010000
11111111111111000110011001100000
11111111111110100111110100000110
11111111111111000111010111001001
11111111111100111100011110001010
00000000000001110010111111111111
11111111111100110011011111101010
11111111111111111001001000101111
11111111111111000010010100101110
11111111111100011100110100000010
00000000000001010001001001001011
00000000000000100101000011110001
11111111111100010000110101011111
11111111111110111000101111010000
00000000000000010000101001000111
11111111111111111100011010111000
11111111111100111110100001010000
00000000000000000011000001010101
11111111111110010100100110101100
11111111111100000101011101100000
00000000000001111011011101101000
11111111111111101000011010111001
00000000000010011000000111001011
00000000000010001010101011100011
00000000000001111010000010011000
00000000000010011001110101001010
11111111111111111111001100011111
00000000000000000110011101000010
11111111111110011001101010111000
11111111111111001101001101110001
00000000000000011001100000001010
11111111111110101111111010110011
00000000000001100011000111111101
11111111111101010011100101010010
00000000000011001010010111010000
00000000000001111010011011010111
00000000000000110110111010110000
11111111111101101010110001001000
11111111111101111110110110000100
11111111111100101001100101001001
00000000000000101001100100000000
00000000000001100010111000101110
11111111111100001000001111100111
11111111111101100100110101110110
11111111111111000110010110000100
00000000000000111010000000101111
11111111111111011101110111000110
00000000000010001100011101011111
00000000000000010110101001001111
00000000000000010110111010101011
00000000000001001010101100001000
11111111111110011000100110101100
00000000000001110000111010101010
11111111111111010100001000110000
00000000000000111000001011111100
11111111111101110111111100110010
11111111111111101111100101010010
00000000000001000100011110010110
11111111111111111111011011110010
00000000000001010100101110001110
11111111111100100010011101110100
11111111111101100100001011101111
11111111111110001110111100101001
11111111111111000000011100100101
00000000000000000111011010111111
11111111111101110001110101000100
11111111111110110011001111010101
11111111111101000111100111000010
00000000000001110011001101011111
00000000000010000010100101001101
11111111111101110011100000000011
11111111111101010000100001110100
00000000000001010100110011011100
11111111111101111110001001011111
00000000000000100010010001100110
00000000000000001011010111001111
11111111111111110101000111001000
11111111111110001001000011000000
11111111111110000101110010011001
11111111111111010010010111011001
00000000000000111100100011000110
11111111111101100110100010111101
11111111111100010000111110111110
00000000000001000101100010010011
11111111111111100100010111100000
11111111111111111110111111001110
11111111111101011110111111110001
11111111111111111001000100010011
00000000000000100001111111111101
11111111111110111111000011101001
11111111111110101001001000100100
00000000000000100000110001110110
11111111111111111110001111111001
11111111111100111100011001000100
00000000000000111100011000111011
11111111111101010001110011110000
11111111111110110010011111001011
00000000000000000110000011111111
00000000000000111010010100011100
11111111111110010010000101110110
11111111111101010010000110010010
11111111111101111101001010010110
11111111111101100011000101100001
11111111111110111101101000110110
11111111111100110110110101011100
11111111111101111000011110010111
11111111111110100000000010111101
11111111111101101110111100100001
00000000000000100000111001011110
11111111111111001111001010111111
00000000000000110000110100001101
00000000000000100000000111010011
00000000000010111111001101001011
00000000000010101001100110100011
11111111111100111110100010101100
00000000000001011000001100101111
00000000000001100110100111011001
11111111111110000111010100000011
00000000000000111101111101100101
11111111111111100100010000001100
00000000000001001010100100000101
11111111111111011100000011101011
11111111111111010011000110001100
11111111111101011011010110010000
11111111111111011010110001111011
00000000000000001110110011101010
00000000000010110101101010010100
00000000000000101110010000010001
11111111111101110011100111010011
00000000000001001110111110001101
11111111111101111010101000000101
00000000000000001000001011111011
11111111111111111101111001100100
00000000000001000010001010111001
00000000000000000101001011111101
11111111111101010111100001011001
11111111111110000001000000000000
11111111111110110001101111011111
00000000000001010110011001011111
00000000000000001110001010110110
11111111111100001010001110001111
11111111111101011011011100010011
00000000000000100110011101001011
00000000000010101001100011100110
00000000000000010100000000110110
00000000000000000101100011000000
00000000000001111110101010001010
00000000000010011001000110001111
11111111111111000010010011000111
00000000000000011000011000110010
11111111111101110000110010011110
11111111111111001001000011000010
11111111111100111101101010100010
00000000000001100101100110000110
00000000000010000110101010111000
00000000000000001100101101100000
11111111111110101010110000010010
00000000000010001010011100100101
11111111111101100111101101100011
11111111111110001110000111000010
00000000000000100001001110011111
11111111111111100111110110100000
00000000000010000100010110110010
11111111111110101010110101000101
00000000000000010111111101010001
11111111111111110100111001010010
11111111111111101101110111001011
11111111111100011010001110110011
00000000000001100010100000101110
11111111111111101101110001001011
00000000000000110001110011001100
00000000000001111111100001001110
11111111111111111101111011101100
00000000000001011100111011101101
11111111111100000011011110111011
00000000000000111001011001000110
11111111111101011111100101000101
11111111111100100010111101110011
00000000000001001001001111001111
00000000000010010011101110111110
11111111111101011101111011001010
00000000000010010000100101010100
00000000000000111011100100001110
11111111111100100100011010000100
11111111111110001101010000010010
11111111111111000001101011100110
00000000000001000100011001011001
11111111111101100000100010001011
00000000000001111110111000111110
11111111111111101010011000110100
11111111111111111011110010010111
11111111111111110100101010100111
11111111111110000000011111111110
11111111111101010001100110100101
00000000000001001010010110100101
11111111111101000100101101101101
11111111111101100110000111101010
11111111111100011011010100100010
00000000000001010011101111011110
11111111111100100010010110111110
00000000000001101111111110101010
00000000000010000010000100111011
11111111111111001010000000111111
00000000000010000000001101101011
11111111111100010111111000110001
11111111111101111010000001010001
00000000000010001110111100111111
11111111111111101101110101110011
11111111111101000101101010000011
00000000000001000000110010101010
00000000000000001001100010101011
11111111111101100101010010000101
11111111111111101111000000011000
11111111111110001101100010011010
00000000000001111100101011000101
00000000000001001011100101100010
11111111111101111001100111011000
00000000000000111000110101101010
11111111111111111001111011011000
11111111111101110111011010000010
00000000000010001010001000000001
00000000000001110110111011110011
00000000000001000100110011011101
00000000000001011110101111001011
11111111111100110010101011101100
00000000000001111011110101000111
00000000000001111001001100011111
11111111111111110110001011000100
11111111111110000110100000110011
11111111111101100000100100101001
00000000000001010110001110000101
11111111111101000010110001000111
00000000000001111011011101111000
00000000000000001101111100110011
00000000000001010101010110100010
11111111111100111000001010100000
11111111111101000111001011000101
00000000000000011101001110010001
00000000000000100101100100010111
11111111111100011011111110011011
11111111111110101110100010001010
11111111111101001011100010100010
11111111111110000001010011100010
00000000000010010001101001111000
11111111111100001001000010010111
00000000000001001101110010111110
11111111111111011101100001101111
11111111111110110011100101110001
00000000000000011111100010100011
00000000000000111000110111000111
11111111111101110011000000110101
11111111111101111001000010111011
00000000000000110110011011111001
00000000000010000100000011101101
11111111111110000101100110001010
11111111111101010000111011100100
11111111111100101010011111100011
11111111111101001001001011101101
00000000000001110000100000111001
00000000000000011110010000111000
11111111111101011010111001001001
11111111111101010111110011011000
11111111111100101100111110111001
00000000000001010101110000001011
00000000000000000100000001100010
11111111111100001000000010110111
00000000000000010011101110011011
11111111111110010010111000011011
00000000000000101101110001101101
11111111111111000001101100010101
00000000000000000101001001100100
11111111111110111011010011100001
00000000000001001110110010000010
11111111111100111111111100001001
11111111111110010001011010111111
11111111111100101100110010110011
11111111111100011101100110000110
11111111111101100101111100011100
00000000000001100010010000100100
11111111111100100111111110100101
11111111111111001010101111001000
00000000000011000001100100010000
00000000000001111110111010100010
00000000000000110100100001111110
00000000000001100001100000010110
11111111111101000010001010010110
11111111111101101101111100110101
00000000000000001001100000100100
11111111111111100101110000001000
11111111111100110011101101011111
11111111111101010010010000000010
11111111111101110001010111000010
00000000000000010000000000100001
11111111111101001111011110001110
00000000000000101010111001000010
11111111111100110100100001100001
11111111111101100110111011100110
11111111111110110001011000000111
11111111111100100001110001000011
11111111111111010000100001101010
00000000000001111101000100011111
11111111111100110100101011110000
00000000000001110001010011000101
00000000000001010011111001100100
00000000000001000110001011110111
11111111111101110111101000011101
00000000000000000101011010010110
11111111111100111001010100101111
00000000000001100110001111110101
11111111111101001010011000011101
11111111111101010000010101100000
11111111111101000000110011110001
11111111111100111101110011010101
00000000000001111011110001010100
11111111111101110100011111011100
11111111111101001110100011011001
11111111111110010001011100110110
11111111111110110000110110010111
00000000000001110010101000101011
00000000000010010110011101001110
11111111111110111111110000100001
11111111111101101011101000011000
11111111111100100011110111110101
11111111111101110111010100111111
