11111111111111001101011011100001
00000000000001111010010000001110
11111111111101100000000111111010
11111111111011010100110100011111
11111111111101101111000010111111
11111111111110110111010011010000
00000000000100111000011011111001
11111111111100100000010000110011
11111111111101101100010000110011
11111111111111111000111000110101
00000000000000000110011011000001
11111111111010000100010111101110
11111111111110100110100111111111
11111111111010101100000100011010
11111111111110111100110000001001
11111111111011000000011100010001
11111111111110110101010011111100
00000000000001000110111000111111
00000000000001001101010001011000
11111111111011100110100111011010
11111111111010110000111111011011
11111111111111101111111011000011
00000000000001110011100100111001
11111111111111110000010101111111
11111111111110010111100111000011
11111111111000110011100001100101
11111111111101111001001001101001
11111111111011010110000001010111
11111111111010000000010100000001
11111111111101011110001101100001
11111111111110000101101100101010
11111111111011010001011111000101
11111111111011110101100101000001
11111111111011110001010000001101
11111111111010100110111000101000
11111111111110010000101010100111
11111111111011001000110111000111
11111111111010011111101010100011
00000000000000011111001100110111
00000000000001010000100001100100
11111111111011111111001000001000
11111111111011110011011111001110
00000000000010000110110110011110
00000000000000001101101000011100
00000000000010000111011111010100
11111111111110011111111001010101
11111111111111100110011111011001
11111111111110000000011110110010
11111111111100110010100100101101
11111111111111000010011000011100
11111111111110001011111111110011
11111111111110011111110101101111
11111111111101000011110110010011
11111111111111101000001111111001
11111111111100011100110010000110
11111111111001000101011001110100
00000000000111111110001011101111
11111111111101000001001100100111
11111111111101001000111100101010
11111111111111000100111001001100
11111111111011001011111001011101
11111111111100001010100000100100
11111111111010100010100001111010
11111111111110011011011000010001
00000000000101011100100111111001
11111111111111110010000111001111
00000000000000101000110010000001
00000000000011100100101000111110
11111111111011011110110111010011
11111111111111000010111110000000
11111111111001110011000001001001
00000000000010100001001000010010
00000000000001000100010000100111
11111111111011111000110011110010
11111111111100000001111001000101
11111111111111000001101000101101
11111111111100000000000110110100
11111111111001000010101010011000
11111111111111101111010010111011
11111111111000101111110111001010
11111111111110100010110111010001
11111111111001010000111101110010
11111111111110000100011000010011
11111111111111011010100101011000
11111111111100001101000111101101
00000000000100010001010001110111
11111111111100001100000100001110
11111111111011101010101000100101
11111111111001111010011010100101
11111111111101000000001011010001
11111111111100101000111111101110
11111111111011111011000101010101
00000000000010010111100000111011
00000000000010110001010011101010
00000000000001011110011001001111
11111111111110111111010011111011
00000000000000011110011101011000
00000000000000100100101111000011
00000000000011011011111111101001
11111111111101001110100010101110
00000000000000100000010000110010
11111111111010110111101101011010
11111111111011100110011011011010
00000000000011101110000100110001
11111111111110111100110111100010
00000000000001001101010101001001
11111111111010010000000111000010
11111111111110000101111001100001
11111111111101111100000110100100
11111111111100001100111001110111
11111111111010111010101010011001
11111111110111010001000001100101
00000000000100011011001110110110
11111111111110110000001101111010
00000000000001011101001001100101
00000000000000101101001110110101
00000000000010001111111101010100
11111111111111010111101100011110
00000000000000100000111100001001
00000000000010100011011001010010
