11111111111011011000011001001001
11111111111101110111100100101010
11111111111000011010111010111111
00000000000000011111101101010110
11111111111101011101100100001011
11111111111100010001011011001011
11111111110101110001001111000000
11111111111110110000110100010010
11111111111110101110000001110110
00000000000100001010001110111101
00000000000010000100110100111011
00000000000100010100010000110101
11111111111110110010111010001110
11111111111001011111010011010000
00000000000001111111111101011101
00000000000100110100000011111100
11111111111101001010010100100001
00000000000110111010111111100100
11111111111100000100110010100100
11111111111101110011101111101010
11111111111010001100001110001010
11111111111100100001101110101010
00000000000010100110011110101111
11111111111000101011000110101001
00000000000110000111000010110010
11111111111101110011000010001110
11111111111010011110011001001111
00000000000100010101110110101011
11111111110101011111010001111001
00000000000101000001111000000100
11111111111001100110101011111100
00000000000010100011101001101111
11111111111110011100000101000100
00000000000010011000110100111101
00000000000010001111100001010110
11111111111100001110000101100000
11111111111101000001001010011000
11111111111101111111101001101001
11111111111100010001100100110100
00000000000001001001011110111001
11111111111101110001100001001100
11111111111110100101100011100100
11111111111101011000010010111100
11111111110110111100001010100011
11111111111101010111010011010011
11111111111101011110100101001100
11111111111000011010001110010101
00000000000011101111011111100111
00000000000010010111100011010110
11111111111010101101110101010100
00000000000000010001101110111101
11111111111010001101100000110011
11111111111101010111010111000110
00000000000011110000101111110100
00000000000000010111010000100011
00000000000000101000111011000110
11111111111001000011001111111100
00000000000010000101101001100010
11111111111010110000100000000100
00000000000110101001010100100101
11111111111111111011000011000011
00000000000100111110101011010000
11111111111111011111110111111100
11111111110010101000010111000011
11111111111011010100001011101010
00000000000001110100110001110111
11111111111011100001000100011111
11111111110011101010111101010111
11111111111010110000010101111101
00000000000010111101000011111000
11111111111001100010100101110011
00000000000010000110101111010100
11111111111110011011100111110000
11111111110111010001110101100001
11111111111100111111100000011000
11111111110110001000000111000001
11111111110101001011110101100000
11111111111110100011100101001011
11111111111101001110010011111011
11111111111100111110010101101100
11111111110110001100011110000100
11111111111101111100110111010111
11111111111000100001010000011100
00000000000001011111100100111001
11111111111001110110011000000110
11111111110011111110010110101111
00000000000001011100100100000001
11111111111001011110110111100101
00000000000000101100101110001111
00000000000100011001011000010010
11111111111011000011010010101110
00000000000000100011000111000000
11111111110111101100001101101010
11111111111111111001000011011010
11111111111111100101011010101000
11111111111110100011110110101100
00000000000001001001101101000101
11111111111001111110000111100110
11111111111011111110000111001101
11111111111010000100111010001000
11111111111101101000110010101000
11111111111110011010000110000011
00000000000001001110001111111101
11111111111110000011111001101111
11111111111110111000000111110011
00000000000001110111010100110101
00000000000110000001111111010000
11111111111110111100101101011000
00000000000011111011110101101011
00000000000100010101000111111010
00000000000001010010001100101111
11111111111011110110011101010001
00000000000010101101101010011010
11111111111101011000000111011000
11111111111001100100011100100010
11111111111110111001001001000101
11111111111111000011011010011110
11111111111110000110110101111000
11111111111110011000011101001000
11111111110111111000111101111010
