11111111111110011110010100100110
00000000000111011101110000000110
00000000000110101000011101101000
00000000000010110100001111101001
00000000000100100111100100111010
11111111110110111011101111000000
11111111111010001000101100110001
00000000000000101101100001010110
11111111111111100110100011101100
11111111111100010100011001000111
11111111110011000100010000110001
00000000000101011001101110101101
00000000001001001010111010100000
11111111110110110100110000011001
11111111110101000101000001000000
11111111111110010100111010000111
00000000000011001000110100001011
00000000000100101000101110100111
11111111111100011011010001001001
11111111111010100001000100001000
11111111111111000111101110001001
11111111111100001000010110101000
00000000000100101101111000011001
00000000000101000110100101111110
11111111111100111110100111001000
11111111110101101011001111101010
00000000000111111111111000111011
00000000000000101100100011011111
00000000001011001010010101001101
00000000010000000001111001001101
11111111111011111101000101101011
00000000000011111101001001100011
11111111111110110110010011101100
00000000000010001000101000001001
00000000000011001100010100100111
00000000000011001101011110011000
11111111111100101000100100110101
00000000001111110100001001110110
11111111110100111111001000111001
11111111101101000101111001011100
00000000000101001000100100011100
11111111101100100010110011011001
00000000001111000100110001110101
00000000001001111000101011000110
00000000000110101000011000101000
00000000000101110001100011111001
11111111111110000110110110110001
11111111110110111111000010111000
00000000000010100010110010001100
11111111111100000101011100000111
11111111111110001001001100001001
11111111110111001001011110100010
00000000010000000000000001011011
11111111110100000010111110110101
11111111111100001111000000001111
11111111101000001110000010101110
11111111111100100101001011000010
11111111110001001000110111000001
00000000000101010011010000001001
11111111110101000101110001000111
00000000000000111110101010110100
11111111111001110100110101100110
11111111111101001101111001111011
00000000000100111100001110001110
11111111111111010000011011110011
00000000000001100101100001111010
11111111111101001110101011100011
11111111101000111111110010110000
00000000000111011110101111111000
00000000000011001000000000101010
00000000000110000101100111001110
11111111110100111001010111110110
00000000000000100011110010100001
11111111101110010100000110111001
11111111101110010111101100110110
00000000001000000111110011110000
00000000001101100111010000000100
00000000000001100011001111001001
11111111110111111101000100100001
00000000000001110001010101001011
00000000000001001111100011100000
11111111110110010101010110110110
00000000000101011000011001001111
00000000000100101011010110000101
11111111111011100011110001110001
00000000000111110100000001100111
11111111111010110110110001111010
11111111110010101001111011110000
11111111101000001011101101100011
11111111110001010001001010111000
11111111110111110011101001111110
11111111111100011110101001111100
00000000000100110011111011111010
11111111101110001111001011010011
11111111101100111000110110111000
11111111111011001010110101001101
11111111101001000011011111000011
11111111110111110001001111000101
00000000000000010001101011010010
11111111110110000001001110011001
00000000000100100101000011111100
11111111111000111100000100011101
11111111111011010100100101010110
00000000000010110101100000000001
11111111110011001010110100011001
11111111111111001110100011011101
11111111110101000010010001011011
11111111111000101011000101001000
11111111111111110100010001101000
00000000000110000011101000110001
00000000000100001000001110011110
00000000001011011011011111001010
11111111111001110100111010111111
11111111111100101010010110100100
11111111110100100100101100100010
11111111111011000011111000000011
11111111110011101110010001001110
00000000000010100100001001111010
00000000000100101000000001100110
11111111111000001000010010010101
