00000000000010100110100010000110
11111111111111001100010000000001
00000000000101111101010100110010
11111111111100010110001011100001
11111111111100001011001101001110
00000000000000111001101100100001
11111111110000001011010010100100
00000000001000010001111101000011
11111111111101100001011011110101
00000000001001000101100010010110
00000000001001110010000110101111
00000000000011110100010010100100
00000000000111001101011010001100
11111111111000111001111111101011
11111111111110111011100111010010
00000000000010100010011110101010
00000000001000100101000101101001
11111111111000100101000101000010
11111111111111001101011100101001
00000000000000011101001010100000
00000000000011110000011011101010
11111111111100110001000100100001
11111111111010110011101000100111
00000000000001000001001100100101
00000000000000110111011011111001
00000000000011010010011011101100
11111111111010001110100011001111
00000000000100101101100111011001
00000000000000110100010000010000
11111111110111110111011010111001
11111111111101000010101101011101
11111111111101011011111011101100
11111111110001101001001000011000
00000000000110100000110111101001
00000000000000100011111000100110
11111111110101100010010011000110
11111111111100010000010111011101
11111111110001011100110111100001
00000000000000011110111001011101
00000000000111000011110000010000
11111111111110011111001110101101
00000000000010110100011010011101
11111111111100101111000110000100
11111111111001111110111100010110
00000000000011100010111101101100
00000000000000111110001110011010
00000000000001001001010011001000
11111111111011010010101111001101
00000000000100011101011111001011
11111111111011101110001010100111
11111111111110000101111010010000
11111111111101111100001101111110
00000000000001100001110011111000
00000000000001011000000001100000
11111111111101010101111001100101
00000000000101011011100111111010
00000000010010101100001110101111
00000000000101000001111011011101
00000000000010101011111010001101
00000000000110000100011000100011
00000000000001001100100110100000
11111111111111110111011001011011
00000000001100000011111100111000
11111111111110111101000101101100
00000000000100101100101010011110
00000000000101111010111001110110
11111111111110110111000110101000
00000000000101101000010101101111
00000000000100111110001001001010
00000000000000101001111100001000
00000000000010000100001100111100
11111111111110001000000111010001
00000000000111100010000101011011
00000000001010111110001101010100
00000000001001000011101101010110
11111111111010010101100110010010
11111111110110001010111101000100
11111111111110111001111110101111
00000000000011101100010010011111
11111111111111001111101100100100
00000000000101110011011110110010
00000000000100000111001011110110
11111111111100010001010111000010
00000000000010110110011001011011
11111111110011000100000000110001
00000000000000101001111111110001
11111111111101100111110011010001
00000000001000101011100111111011
11111111110110001101110101010101
11111111111100010011110100010100
11111111111110001110010011001010
00000000000100001111100011010001
11111111111101001011111001011010
00000000000001001011010101011010
00000000001110011100000111110110
00000000001001101110100000110010
11111111111001010101010010110011
00000000000101101101110110100001
00000000000000101100000110110110
00000000000010110111011000010101
00000000000001001110010010000100
11111111111100100000101001111011
00000000000001101010110100000000
11111111111100010001111100000100
00000000000001010000001001011110
00000000000001001001111100010110
00000000001000110100011110101000
11111111110101001110100100000001
00000000000011000101111101010101
00000000000101010110011101101100
11111111111011010001011000000011
00000000000110101101101000010111
11111111111011100111010100011101
00000000000011110100001101111000
00000000000101111110010111000000
11111111111110010001100010110110
00000000000101001011110101010001
11111111111011100100001100100110
11111111111010111000100000101001
00000000000100101101001111011101
