00000000000111011110101001001111
00000000000100110101010011101011
00000000000110100110001001011111
00000000000011111100110101011110
00000000000111110011010110010111
00000000000111001100101011011010
00000000010010101001010111011010
11111111110110011011100101011000
00000000000101001101011111000110
11111111111010011011001111101001
00000000000000101100001001001011
00000000000010101111111001011011
00000000000011110100000001000011
11111111111010000000100010111101
00000000000111111100110000010011
11111111111011101010001110010011
00000000000100000010010010111001
00000000010001111001100001101101
00000000000100001110011000001101
11111111111110100010100100000000
00000000000000010110011011110110
11111111111110100010100000000001
00000000000100010011101011001000
00000000001010011010110111001100
11111111111111101011110111110011
11111111110110101101011101011010
00000000001110001110110010100000
00000000000011110100101101110111
11111111111001010100100001001111
00000000000000111101100001010000
11111111111101011111001101100101
00000000001000001011101000111101
00000000010000111011110000011001
00000000000001001100010010001010
00000000000001000001000110110001
00000000011001101111000011001011
11111111111111110011101011110101
00000000000101001111111011011101
11111111111010000101110111101110
00000000000110111110001111111110
00000000000110101011100010110110
11111111111110000100001110100100
00000000000100010011110011010111
11111111111010111000010101000100
11111111111110000110010011000110
11111111111111000011111001001100
11111111111010110101000011110000
00000000000101000010010100101100
00000000000010110110000101111010
00000000000011100100101110000101
00000000000010000010111001001110
11111111111001001100101101101000
11111111110101000111001011011001
00000000000011000100000010001001
00000000000101101101010111101011
11111111111000011000010001000001
00000000000101001011110010101110
11111111111010000101110000100110
11111111111011100111111101010110
00000000000111001000010111001001
11111111111110000010011111000001
11111111111100011100011010011001
00000000000000001001111010110001
00000000000000000001101110010000
11111111111111011111100000001101
00000000000101000110001011100010
00000000000010101010101100011100
11111111111010000100000110110110
11111111110100011001100001101000
11111111111110110111010111110100
11111111111011000011010010010101
11111111111101100100000101000011
00000000001001111111101011110010
11111111111001101110101011110100
00000000000011110111010010110001
11111111111011111111100101010100
00000000001111101000000011001110
11111111111110001111101010001101
00000000001001111111100110000111
00000000000001100001111101001111
00000000001011011010100101001111
11111111111101101111110110011100
00000000001010010101111111010011
00000000010010011100111101010000
11111111111111000100110001111111
00000000001010001000010110100110
00000000000101101000111001110001
11111111110110000101111011011011
11111111111101001001101000101010
11111111110111000000001100001000
11111111111100001000001010111001
11111111111010011110001111011001
00000000000000110110011100111000
00000000000100001101010111001011
11111111110110101111101100010000
11111111111110100001000101011111
00000000000010001010100110111110
00000000001001111111010000100001
00000000000100010011101100111010
11111111111000111010101111100100
11111111111100000111011000100101
00000000000000001100000011101111
11111111111111010001101001011111
00000000000111110101000011100001
11111111111110001011110001101000
00000000000000000110010001111010
11111111110111011010110010101000
00000000001001010111100000110110
11111111111111011010100101100011
11111111110100111110110001111111
00000000001010010101000011000001
11111111111010000010111001000010
00000000000001001111001100011110
11111111111011010110010101110100
11111111110110110110000011101001
11111111111101000011010011101110
11111111111101100010101100101001
00000000000001101111010010010010
00000000000010010101110001010010
00000000000000100011011111110001
