11111111110101010110001001001100
11111111111011111010110101110010
11111111111111101110000001011101
00000000000001101111010000100000
11111111111101101101000000001101
11111111111011000100001101110111
00000000000000110111010010111111
11111111110101111010010110010001
00000000000011110011010110100000
11111111110111111110011011010010
00000000000001101101000111111111
00000000000000110110101111110100
11111111111111101000000110001011
11111111111110101011100111011101
00000000000011010100111100011001
00000000000000010110011110100110
11111111111010000111110010010000
11111111111001101110100011101100
11111111111101010100010110000110
11111111111011100000100111001111
11111111111011000100111111110101
11111111110110111100000111110100
11111111111011010001011000101000
11111111111010101001110000100111
00000000000001011000101101010100
11111111111000001011101000111001
11111111111000110110000100011011
00000000000000111011001000101010
11111111111010010110011110011010
11111111111000010100101111010100
11111111110101001100100000010000
11111111111001000110111000110101
11111111111011110000111111011101
11111111111110110010101100101001
00000000000001000011010001001101
00000000000100011111000110010011
11111111111101000010110101101001
00000000000000101001010001000100
11111111110111101001010111100001
00000000000011001011110000011011
11111111111101100110000110111011
11111111111100000110011110010001
11111111111001101111100000111110
11111111111111101010110000111001
00000000000010111000101101100101
11111111111110011001101111000111
00000000000000001101001100011100
00000000000010011000111001010000
11111111110111100110111001001011
11111111111111100111100010010111
00000000000000100001110010010111
11111111111010111100011001101100
11111111111010010010111011100111
11111111110100001000001110010111
11111111111100100001101001111110
11111111111111101010011000111100
11111111111000101100110101111110
11111111111101001101110100000000
11111111111101001001100001100111
11111111110111001100100001011001
00000000000100001010010100111100
11111111111101110011011000100111
11111111111100011101101110110101
11111111111101101001010010101111
00000000000011100010100000100000
11111111111101010110110000010011
11111111111111111111000100100110
11111111111011001100111001110101
11111111111110011010100111011110
11111111111001101100100100011010
11111111110110001110101000001011
11111111110111001100101010111101
11111111111010110000110111011110
11111111111110000000000110011101
00000000000000110000011100100100
11111111110111001000011001110011
11111111111100010110010001000001
11111111111011011010110011110011
11111111110100110111011001100100
11111111111011111010111101111101
11111111111010001011111000011100
11111111111000010111010100000111
11111111111001000110010100111010
11111111111010010111100101111110
11111111111010011011100001110010
11111111111010101010001100111110
11111111111100100110010110111100
11111111111100100100001110000011
11111111111111001101101110011110
00000000000100111001001100010010
11111111111010101011110001010001
11111111111111001111111111110011
11111111111110101100001010011000
00000000000001001000011111000000
11111111110100111001011110110011
11111111111110010011001001010001
11111111110100010000000010100101
11111111111100011010011100101011
11111111110101100000110000001001
11111111111010110100001101001100
00000000000001101111011001000011
00000000000000110011110001000010
11111111111101010100010100011000
11111111111000111101111001100101
11111111111011101101000110101111
00000000000011011000010010010110
11111111111111100111011101100111
11111111111111101011100010011100
00000000000011001110111011011110
11111111111111111101001000100101
11111111111100010001101000101110
11111111110111010111100110101000
00000000000001001011100100011111
11111111111011010111000010101110
11111111111100110010011110110011
11111111111011101100011011000010
11111111111011111110101001011001
11111111111011110011110110001100
11111111110111011010001111101001
11111111111100101101000011001111
