11111111111011011111010011100000
00000000000110111001010110101010
11111111111011101000001000100000
00000000000110101000111101011111
00000000000010010001011110101000
11111111111111111100000111001001
00000000001101100110100011001000
11111111111101010101101010011011
11111111111111001100011011010000
11111111110100101101110101011001
11111111111001001110111101000101
11111111110110000100011000001111
11111111111000101010100101101101
00000000000111000111110001001110
00000000000101110110100111000001
00000000000010001101010001010011
11111111111110011001011111010001
11111111110100110011100011010000
11111111111100100111110000101111
11111111111011010010100010000101
00000000000110110110110101111010
11111111111010010011101100111001
11111111111110101111000001110111
00000000000100010101101000101101
00000000000001011010100011101101
00000000000010000111000011011111
00000000001010100100010001111010
00000000000011111101101101000101
00000000001010110110001111001000
00000000000100011111101101001101
00000000000100000100110101001011
00000000000110011110110100110110
00000000000111010000110110100110
00000000000011101110100110000001
11111111110110010000000000110011
00000000000110000000100100000111
00000000000001011110100101010010
00000000001000010100001111001110
11111111110110110111010100101101
11111111110100001011000010101110
00000000000110010110001111101000
11111111111010111011111001100001
00000000000000010010000101111111
11111111110011100100010010100100
11111111111011111010110000010000
00000000000001000111100100110000
00000000000001111110111111011011
00000000001010100100000110011100
00000000000000111111100101001110
11111111110111110111100011000011
11111111111100001101101111101000
00000000000011001111101111000001
00000000000000100011011010110100
00000000000000110000100011011010
11111111111111000101000000011011
11111111111100011000011000000010
11111111110010101010111001010111
00000000000011001101010101000000
00000000000010001000100001100010
11111111110110000011001111101001
00000000000100111010000011101011
00000000000101001111000001011110
11111111111010111110011101011111
00000000000001111101110110000101
11111111111111111110000110101010
11111111111110111010011100011001
00000000000101110100111001010101
11111111111110101011010001101010
11111111111100010110100001010010
11111111111111101100011011001111
11111111111010100000011100011010
11111111111010000011110011011100
11111111111111101000011010001101
00000000000001101101110000100100
11111111111010010110001001000110
00000000000000100101000001001101
11111111110111110010110101110001
11111111111111000001001001001001
11111111111010001100100010101011
11111111111101110001111011100000
00000000000010111010111000000000
11111111111001101010000010100111
11111111111101011000101110110100
00000000000101101100001100111000
00000000001111001001111110111110
00000000001011001001001110001011
11111111111011001011010110010101
11111111111110110101101000010010
11111111111111000001101100110010
11111111111111011100000110100111
11111111111101001010100100101110
11111111111010100011011110000000
00000000000000110010101000100011
00000000000001000000001010110100
11111111111011010110010111000111
00000000001010001011010010001110
11111111111100111100101110010111
00000000000010001011101010001000
00000000000111111111111111011101
11111111110100110100001101000011
00000000000110001011110001110000
11111111110010110011111100100010
11111111110000111011100011010010
00000000000011010101011100101000
00000000000000010111011110010011
00000000000100101010011110110010
00000000000001111000000111111011
00000000001001101000110101111110
00000000000001111001101111010101
00000000000111001101100001001111
11111111111111001110111000110100
11111111110101101011110001101000
00000000001001011110111110000100
00000000000010111100100100111000
11111111111011110100010000100111
00000000001001111011101101010110
00000000000110100100101000111100
00000000000001011110101100000100
11111111110111011110010111100111
00000000000000101011011010110000
