00000000000010111111000101101111
11111111111111101101000001101111
11111111111010010110100100101010
00000000000000010101001000001000
00000000001000111111100111111000
00000000001010101010111010101111
00000000001001101100011111010110
00000000000011110000000000100001
00000000000011111001100110000000
11111111111101011100101111011011
11111111111111011011110100010001
00000000000010101101000011010100
00000000000000101100110011110011
00000000000101110001111111000000
00000000000111110101101010101101
11111111111100101001010001101100
11111111101101100101100100100000
11111111111111100111001100100110
00000000000101011101101001000101
11111111111010000100100011111011
00000000000010000001011010011000
00000000000011010100000100111011
00000000000110001101111111011001
00000000001000111101100100100001
00000000000011111101101111110001
00000000000101100001011010010110
00000000000110010001111000111111
00000000000011111010100011101010
11111111111100100110101101100101
00000000000011001011100111001001
00000000000100110010000110100111
11111111111111010101101001000100
11111111110111010001110101001011
00000000000011101011111011000111
00000000000010101110011011011111
00000000001110000010010001110100
11111111111111101001001110111000
00000000010101000000101010100010
00000000000010100000111110110101
11111111111111001100110010000101
11111111111110111101101010111000
00000000000101011110000110011100
00000000001011100011010011011111
11111111111111010110010000010101
00000000000000101001100100001111
00000000000001101100110111101100
00000000000011101111000011000110
00000000000010100010001000010110
00000000000011011110011100101110
00000000000101110000001010110101
00000000000101000101110011111110
11111111111001101101100011101011
00000000001000101100101011011001
11111111111010111100001001000110
00000000000011101101101111001101
00000000000001110110100101011011
11111111101010101011110010000001
11111111110110100000101111011100
11111111111110100001110001010011
00000000000001010000001001111111
11111111111100000000100011101011
00000000000110110010111000010110
11111111110110111110111001111111
11111111111101110000010101100110
11111111111111011110010000010011
11111111110110011000010110101000
00000000000100101001010111000101
11111111110100110001011011000011
00000000000100100011111100110111
00000000000000100011100011110100
11111111111111011010101000011111
11111111111100101011000011010001
00000000000101000001101111111101
11111111110100110010111000011011
11111111111010011110110110101010
00000000001101100100111011010101
00000000000011100010110010111101
00000000000110110110001011111011
11111111111001001110011100101110
00000000000100011001000100011001
11111111110111011111001111011000
00000000000001011100001101010110
00000000000001111011101000111001
00000000000001000011110111100001
00000000010011011001111100000111
00000000000110110000011100111110
00000000000011001000110000001110
11111111111010111011010111011000
00000000000100000101111001101000
00000000000100110001100000010100
11111111111101000111010110000000
00000000000110011101010100110110
11111111111111011100011001011010
11111111111001011011100100101001
11111111111000010100110101001000
00000000000010101111111111101111
11111111111101011110001011100011
00000000000001000110001111101110
00000000000100101001111110011001
11111111111010101110101100100110
11111111111001100001111110110111
11111111111110001110100111010000
00000000001111001101011101000110
11111111111011100110001111110111
00000000000001001000010100001001
11111111111101000111111011101001
00000000000101000111001111010000
00000000001111010111111100100011
11111111111110010001110001001110
00000000001001001001000011001000
00000000000000110000010001100010
11111111111111011010101001101101
00000000001011010110110010011010
11111111110111011000101101110000
11111111110111010010011000100011
00000000000111001011001100010101
11111111111000011001010011100101
00000000000100100011111111100000
00000000001110110010001110011101
00000000000011100010010101111010
