11111111111110001010100111011111
00000000000110000000010000110101
11111111111100001000001001111011
00000000000011100000111010111001
11111111111111100110101010101010
00000000001010000101111001111111
11111111111100101010010010101111
00000000000000011001001110011100
00000000000000001001010110000110
00000000000101011101100101111111
00000000001000100101000011100001
11111111111111101000100011101011
00000000000101110011101001010000
00000000000100100111101111011010
11111111111001111010001101001111
00000000000000000010001111010000
00000000001101000001010011100000
00000000001000000111101111010011
11111111111111001011100100000110
00000000000010000101011010111100
11111111111110001011000000010110
11111111111001011111111110110010
11111111111011001101101011000100
11111111110010101011101110111110
00000000000000000101110110011111
11111111111110000011110100010011
11111111111100000101010001010110
11111111111011111011000110100100
11111111110101010111110011101010
11111111110100101111000110101000
11111111111011011011111100110010
00000000000110011001011100110111
11111111111110101100010101001101
11111111111111111011001100111001
00000000000111100000100010101001
00000000000010001000101101001000
11111111111100011000101000101100
11111111111000101110100100101000
11111111110111111000100001001110
00000000000101111110000101111000
00000000000010101110001000110111
00000000000101110111011110010101
11111111111011101101001101111010
00000000000111111000001001001100
00000000000111100011000100011001
00000000000001100110110000010101
00000000000000100010010010011011
00000000000010010000111001011001
00000000000001111000101100110110
00000000001001000111110101110001
00000000000011000001100011110101
11111111111101101101110110011111
11111111111111100111101111100110
00000000000101000010010001000011
00000000000011101010101010010111
11111111111110011110101101010000
00000000001011101111100011111011
11111111111111011001110001100100
00000000000011100101110110011001
00000000001001010111111001010110
11111111111011110110000101010111
11111111111001100011101011011011
00000000001010011000110010011100
11111111111010101010010100100011
11111111111001011111110011101001
00000000000010001011100001000010
11111111110111011111011100011001
00000000000110010101110100001001
11111111111001001001010110000100
00000000000101011111011010100001
00000000000101010000100100011110
11111111111011111100001001111110
00000000000000000010011000110100
00000000000010111100111110100110
00000000001010101101000001110100
00000000000001011010100000010100
00000000000110101110000010000001
00000000000010011101001110100110
00000000001010000111000011110110
11111111111000001110000110000000
11111111110111111111110001011111
00000000000010010111100011101010
00000000000111001010111000011101
00000000000101010010110101011111
11111111110000011101000010101001
00000000000100001011110010001000
11111111111100001100000010111101
11111111111111011011011110011000
11111111111100010111100001111001
00000000000010110100111001011010
00000000000111100010010110111111
11111111111001111011101001001000
00000000000100010110111001000011
00000000000001110010100110101100
00000000000100000100010010111010
11111111111111001101111111110000
11111111111111000000110110100111
00000000000001110011011101011010
11111111111001010100111011001111
00000000000000111000010010011101
11111111110100111111011001111111
00000000000110011100011100101101
11111111111001111111101000110011
00000000000001010100101011011101
00000000000010011011010101011110
00000000000000011100100100001000
00000000001010101001100101100000
11111111111101010001001011001010
11111111111011001001011110110011
00000000000000000000101100010001
00000000000111001001000110111100
11111111110111010101001111110000
11111111111001000111111011101011
00000000000100100011011000010101
00000000000000001001110001100001
00000000000010010010001110010111
11111111111110101001001111101111
11111111111110010010101011001011
11111111111010110100001111010101
11111111111100101100110001001010
