00000000000010000011111110110011
11111111111001011011100011010100
11111111111000001001111100011000
11111111111110110100101011010010
00000000000010111011010000110101
11111111111100001110111100001001
11111111111111111010100110110110
11111111111011011001100101011001
00000000000100010011011000100001
00000000000000010000011110001011
11111111111010110100011010011100
00000000000000111001000111001110
11111111111111001010000000100101
00000000000001101010100101000011
11111111111000001110000110111101
00000000000100001111111000100010
11111111111011010100111100100001
00000000000000011001000111100111
00000000000000011100000101100001
11111111111011001100111100001100
00000000000100101110100010001110
11111111111011001111100010110101
11111111111100111011111001001111
11111111111101010010101110010111
00000000000001011110011101000101
11111111111001001100000010101110
11111111111000011011011100000011
00000000000011100110110101101010
11111111111010001110101001110000
11111111111101101001100110101010
11111111111100000101101111111000
00000000000000101000000000000101
00000000000000010101100101111010
00000000000000000111010101101101
00000000000100010110101000000011
11111111111110100100000110011100
11111111111101001111001011000011
11111111111101010011100010110010
11111111111011011001100010011011
11111111111011000101011111101100
11111111111010110111101110011000
11111111111010101100110101111111
11111111111111111100001010000001
11111111111101110100101111111100
11111111111101111011110110011011
11111111111101111101111111110111
11111111111001011010001110111111
11111111111010101001101111111010
00000000000001110000110100010010
00000000000000101100110001110101
11111111111100010001101011110110
11111111111101010110101111110110
11111111111011101110101111111111
11111111111110000110011000110011
00000000000100001010111001110000
11111111111010000011110101000101
11111111111110011110101100000111
00000000000001001111001110100101
11111111111010101111101010010001
11111111111101001010100110111110
11111111111110010010000000111001
00000000000000001110010001100101
11111111111111000110110011001010
11111111110111010100010101110110
11111111111101000010100000010000
11111111111100010110000110001111
11111111111011111001011100100000
00000000000000110111011101001111
11111111111001100010001010001110
11111111111100101111101110110101
11111111111110000101110001010001
11111111111100000010110111110100
11111111110111011110010000011110
11111111111011111100000101100110
11111111110111010010111011100111
00000000000010100111000111111011
11111111111011111001010111010000
11111111111010010101100010111100
11111111111110110100111101100100
11111111111100011100101001010001
00000000000001000101101010011110
11111111111000010011101001111001
00000000000000101001101011010001
11111111111010100101000111000011
11111111110111111000110101000101
11111111110111000011000011110100
00000000000010111000010100111000
11111111111111011100110011110011
00000000000000111110000010100101
11111111111111101100010001101011
11111111111011111000010001011011
00000000000101100000100000111111
11111111111110011110101101000100
00000000000000010001101001010010
11111111111000011101110100101101
11111111111111100110100011010001
00000000000100001100110000101000
00000000000000110100100000000000
11111111111110110100101111000000
11111111111101000111101010000000
11111111111111110011010011111001
11111111111100101010011100000110
11111111111110001010010100010010
11111111111011101011110011111010
11111111111111010001010110001001
00000000000100010110011110000110
11111111110111101011011110010000
11111111111110011110000010100111
00000000000000000111000110010100
11111111111111111001010101100110
11111111111110100001000001000111
00000000000010011000010111100001
00000000000000100000010010111001
00000000000010000001001101000001
11111111111011010010000101100000
11111111111101001101001101110010
00000000000100010001111110011011
11111111111100000101101101110101
11111111111110010011100000100000
11111111111100010101110110100110
