00000000000110100001010101001010
11111111111111001001011001111010
00000000000000001011100101001001
11111111111110111011001111101101
00000000000011111010000100100010
00000000000000111010111111011101
00000000001010101101010011101010
00000000000100010111001110100100
11111111111111011100100110000010
00000000000010011000011011001000
11111111111111001111100101100110
00000000000111101010110100111111
00000000000001010101001010001010
00000000000000101011100111111100
00000000001000100000001100000010
11111111111101100010100010101001
00000000000011100100000100110101
00000000001011000111100100110011
11111111111101000011100000111011
00000000000100011010110010010001
11111111111100000000111001111001
11111111111001100001000011010000
00000000000100011011010100100111
11111111110110000100001110111111
00000000000101101101011110111100
11111111110111101001101101010000
00000000000001100001100111100100
11111111111100100100101010011011
11111111111100011100101000000110
00000000001001111011100000001100
11111111110111100011001011110010
11111111111000111111111000110110
00000000000101010100111111000001
00000000000001001111101010010011
00000000001100100101000001110000
00000000000100001011010010010000
11111111111101100011011010100010
11111111111010001010010100011110
00000000000101111000010001101111
00000000010000000100011011011011
11111111111111000010110010100010
00000000000000001010111001111011
00000000000001000100111001100100
00000000010001001100001011000000
00000000000100111110110011011011
00000000000010001010000101001000
11111111111111100101011011011110
11111111111011100011000010110110
11111111110111101001010011110110
00000000001100011010101010111011
00000000000010111111011101011100
00000000000111000000001000011000
11111111111001100000000110101011
00000000000000111000110110011000
11111111111110011001000000011000
00000000000110100110110000100001
00000000000000011001010111000011
11111111111000100100001110111111
11111111111100101000101001010101
11111111110011111000100100001100
00000000000001001111100110011100
11111111111110111001011100011010
11111111111101110000011000111100
11111111111111000110101000000111
00000000000000110000001101000100
11111111111000100011100111010000
11111111111000110101110100001011
00000000000010000100001110010011
00000000000101001101001100001000
11111111111011111100111110011110
11111111111101001000111110010110
00000000001010111010101101001110
00000000000100011011100101111000
00000000000100111101110011100000
11111111111011111100110001111011
00000000000011000000100110010100
11111111111101111000001101001100
11111111111101110111010100011100
00000000000101100000010101110011
11111111111110100001010000100110
00000000000100000000000110110100
11111111111101100000011101110100
11111111111111010111000111111010
11111111111011011100100110010110
11111111111010101110011010011010
11111111111100011000000111110100
00000000000010111110011011010101
11111111111000100111110111001111
00000000001101010011110111110010
11111111111111001010111101010010
11111111111101101011110101010111
11111111111101100111011100110111
00000000000010111011101110000111
11111111111000100010110000011000
11111111111000000111110111101010
11111111110100100011101101011010
00000000001000011011010111100001
00000000001001011101101000000110
00000000000000011010111110001011
00000000000010101110000100110010
00000000001001011101101011110101
00000000001100011101001111001001
00000000000111100110010110001110
11111111111110101010110101111111
11111111111011010110010001100010
00000000000001110101100111010000
11111111111011001101010010101110
11111111111101100001010101001111
00000000000001000011011100000100
11111111111100111100000101000001
11111111111100010110101110111110
00000000000010010010001011001000
11111111111111010000001100100010
11111111111001000100101110011110
00000000000111110001100000101001
11111111110011110011100010000001
11111111111111001110100110110011
11111111111010010001101100011011
00000000000011010111011000110110
11111111111011111111111011101000
