00000000001110011011011000110100
00000000000101000101111101000010
11111111110000010111101000100000
11111111111111100011100101111001
00000000001000001000010111101011
00000000001100100011111000001000
11111111111101111110100111110010
11111111111001001001000100100000
00000000000101001001011101111011
11111111111101010011101100010100
00000000000011110011110111110011
11111111111111100110100111101000
00000000000010010111110001110000
11111111111110111001101100010010
00000000000010110111001010011000
00000000000110000010000110010010
11111111111110110110010101000001
00000000001000100101110111111000
11111111111111101010100111011101
00000000000001010101000101100010
00000000001000110110000111010001
11111111111010111011100100100001
11111111111100110111111101011011
00000000000010010000010101000000
00000000001011011001011011100010
11111111110110110001110110110000
00000000000011110000100100010001
11111111111101000000011101010010
11111111111111111101000110011000
11111111111111100110111001100111
11111111110111100101100100000111
11111111111110000101010010111011
11111111111000010110101101101110
11111111111111100011000110110101
00000000001100100010101101100010
00000000001100011010010100001001
11111111111111001000010000101110
00000000001010111100011011011101
11111111110000011000111011011110
00000000000101110101101001010010
00000000000100100000100111010101
11111111111110101010111101000101
11111111110011010000011001000000
00000000000101111110100111100101
00000000000101000000011011101101
00000000000101111010101011011110
00000000000111110101101001110101
00000000000100000001010010100011
00000000000010000110010101010010
00000000000111100100011001110100
11111111111100000111000110010101
11111111111100111111101011011111
11111111110101000010010011101111
00000000000101100001110000100011
00000000000010001101000101010010
00000000000000111101010111000010
00000000001101110010111011100110
00000000000000100100110100110110
11111111111010010011001100100010
11111111111011010101111111100101
00000000000010010001010000011101
11111111111101011011010101111010
00000000000110110011010010011000
11111111111000100010100000001101
11111111111101010111101101111010
00000000000101010110100000010001
11111111111000111010000001110100
11111111111101110101101101111111
11111111110101010111010010111011
00000000000001001010010010101111
00000000000100001101100000101101
11111111111001110100011111100001
00000000001101110101000100110000
00000000000100111001011101000011
00000000000110011100110001110101
00000000001001111111010100011001
11111111110100110100001110000100
11111111111100100011110101000010
00000000001000001110100011000100
00000000000011010001100010000011
00000000000100111100110101011000
00000000000010011101011000100000
00000000001001100110010100101010
11111111111100001001000101010111
00000000000011000000100010111101
00000000000100111111111110000110
11111111111011111110110010010011
00000000000011111000000001100010
11111111110101011111111111111000
00000000000010001010100011101101
00000000000111011101111111111000
11111111111100101010000100000101
00000000000110111110110100100001
11111111111011011111101010000110
11111111111100100000011111000000
00000000000011000000110011011100
11111111111100010011001110001100
11111111110111110100101001000101
00000000000110111111011000101100
00000000001010000011001000011101
11111111111010111100001100011001
00000000001110101110111111110110
11111111111010110101011011110010
00000000000010011000110001100001
11111111111110101001010001000011
00000000000001011110101101011110
00000000000011010111101111000000
00000000000110001011000011000010
00000000000000010010101011110101
11111111111111000001110111010100
00000000001011101100111001000001
11111111111011110000000100000100
11111111111111110101011000100111
11111111111010101000000010101110
00000000000010101100110111000011
11111111111011010000010100000100
11111111111011111101101101100111
00000000000010101010011000001100
11111111111110001000110000001011
11111111111000110011011000110011
