11111111111101110110101110001100
11111111111000010101011011101001
11111111111100101100010010010101
11111111110011110110010100110001
11111111111111111101100110011100
00000000000010101110100010110100
11111111111001000010110111111011
11111111111010111000000110001101
11111111111011110000010010101010
11111111111101000100000000111101
00000000000011110011011011011000
11111111111011000001111000111001
11111111111011010101110111111101
11111111111101000100111100000000
11111111111111010111000010010010
00000000000000010101000110001010
11111111111010011010011000000010
11111111111001110001101001100111
11111111111010001100110100111000
11111111111111101110100000001111
00000000000010000010010111110010
11111111111111010100011101110100
11111111111101111011110111100000
11111111111101111011000111001001
00000000000000010011011100100000
11111111111000011011010110011100
11111111111000110110010011110011
11111111111001100101010111001110
11111111111001010111111011101000
11111111110111011000000000001011
11111111111100010011100101010111
11111111111110100011111011111111
11111111111000101111100010110111
00000000000101010011001011101011
11111111111100111100000100011111
11111111111011100101110001100011
00000000000010111111001001011001
00000000000001001011001010011000
11111111111100101000111001110001
11111111111010011110001011111110
11111111110101110011111010110000
11111111111000101111101101000101
00000000000000111110100110110010
00000000000001001011011001001011
11111111111011001011111000011100
00000000000011101101011101001111
11111111110111110010010111110100
11111111110111111100101101011110
11111111111110100010010100110011
11111111111011010011000000100111
00000000000100100100101001110001
11111111111111101010111110011111
11111111111110110000001110011000
11111111111010101010011101110001
11111111111010000101100111101010
00000000000000001011011010011111
11111111111100111100101011100111
11111111111010001000011100100111
00000000000000000101011010001110
00000000000000101110010001101010
00000000000000110001010011101111
11111111111111001110100110101101
00000000000011111001001001100111
11111111111110100001001101101000
11111111111101101010111011001011
00000000000000100011101010000100
11111111111010010110101111010001
11111111110111011111010010010010
11111111111101111001001111111100
00000000000001111101001110101100
00000000000001000111101010111011
11111111111111101011101001011011
11111111111110101100001011010001
00000000000000011101100001001101
00000000000001000001011001100101
00000000000100101010111011011000
11111111111001111100101001011110
11111111111000100101110100001011
00000000000001011001010111101011
00000000000001100000010011001100
11111111111110001000000110101001
11111111111000101001001001101100
11111111111101100111110101111001
11111111111001010111001110111101
00000000000101001010001101110011
11111111111000011011010110011101
00000000000010001111100110000000
11111111111011011000110111001100
00000000000110010011000111001011
11111111111011101000100001111110
00000000000001111101011111010010
00000000000011100011101001110111
11111111111001010100111001110000
11111111111111011000001101001111
00000000000011000010000000011101
11111111111100000101000111010110
11111111111010001001010011100101
11111111111100110010010011110101
00000000000011100110110100101101
00000000000001000011011110100101
11111111111010110010101100100010
00000000000011100101110100001011
00000000000000111010000110011111
11111111110111010100111000101000
11111111111100011100110010000010
11111111111011010101000111111111
00000000000011000111111101101010
00000000000100001100011110001001
11111111111110101110101011011001
11111111111100011111100001000001
11111111111101001110111001001111
00000000000011000101000110001011
00000000000000000011010010010111
00000000000000100000110001000101
11111111111011000101001000111011
11111111111010100101001001000111
00000000000010100001000011000000
00000000000010010011000110001110
00000000000011110001111101110111
00000000000000111000010110101001
