11111111111101101001111011111111
00000000000001011101010010101100
00000000000000100111111001000010
00000000000101100011101001001100
00000000000001011000010001000000
11111111111110101111101101011101
00000000000101011011111110100000
00000000001010000110101101100010
00000000000000001000110011110001
11111111111010111001100011111010
11111111110101100111001001001010
00000000000100001100110110100101
00000000000100000011011101100011
00000000001001111000111000001110
11111111111110001110110001001011
00000000000110001110011001010011
11111111110110001110111001001110
11111111110101010001101011010100
11111111111100110101101001101001
00000000000011111000110000100001
00000000000001101110100101101110
11111111111100101000001011100100
00000000000001111010000110010000
00000000001110111100000000110011
11111111111111010100011101110101
00000000000010011101101111111010
11111111111100000111011111011101
00000000000011111111100011110110
00000000000100000100000110111010
00000000000010111110011001011010
11111111111110111111101011100000
11111111111011000010000011111001
11111111111100010101100101100001
11111111111101011101001101010101
00000000000010011010100001011110
00000000001100011000011100101001
11111111111010011110100110110000
00000000000000110101110000011001
11111111111110111011000111100110
11111111111011110111100111000111
00000000001010010101110101101101
00000000000001100101101010101001
00000000001001010010111100000000
11111111111111110110001011111000
11111111111110110101101010011001
00000000000001001111001110101000
00000000001000100001101010101101
00000000000000000101001001110001
00000000001010111000111010110000
11111111110101001110000010010001
00000000000100111001011111011010
11111111111010010000100010111010
00000000000001100011101010000100
11111111111000011101011011001111
00000000000011101000010001001010
00000000000101000111001001101000
11111111110100101010100100100011
00000000000100111111010101000110
11111111111101100101110110111000
00000000000000001100010010101111
00000000000100110101011100000101
11111111111111100010000100000011
11111111111111100010110101011100
00000000000100101101011111001010
00000000000011100100011000001000
11111111110101010010010010110011
11111111111011001101101101100000
00000000000011101100111001000010
00000000000111011100110101100000
11111111111111100110010111011010
00000000001111001101101101111111
11111111111110100011101111111000
00000000000010001001101101111111
11111111111101001010011000101100
00000000000111111110101011010100
11111111111011111001000010110110
00000000000011000110001101000110
00000000001001000101011110100011
00000000000111001010100010111110
00000000000111110010011001010101
00000000001001011000100111010110
00000000000000000010110001110101
00000000001000011110100001000110
11111111111110001010100011001100
00000000000100000000001110000011
11111111111100001110011110000100
11111111111110001001010001110010
11111111111110101001001111001100
11111111110100000110110110001000
11111111111000000000011001110000
00000000000111001110100010000100
00000000000011101010000001001111
00000000000001000100110010001101
11111111111001011101111111000000
11111111111111001000000100110000
00000000001000000100011000101101
11111111111001001011001100110100
11111111111001001010010010111010
00000000000010010110100100001111
00000000001110011101011010111111
00000000000000100001111110010110
11111111111011101000110001001100
11111111110100110010001011110010
00000000000011110110010011000011
11111111111001111101100000110111
11111111111111011000011001011001
11111111111101010100001011011001
11111111111111111100111100111101
00000000000000010000000010100000
00000000000100111001001011000110
00000000000000010010001010001001
11111111111110010011111101000010
00000000001001000011101001000110
00000000000010000010111111100011
11111111110111111110110101110111
00000000000110001100111101000010
11111111111000001000010111000111
11111111111111011111001000101000
11111111111110111011011100111110
00000000000000011111101110000101
