11111111111010101010100110010100
00000000000110100110000010101011
11111111111011101100111100110101
11111111111001100001010001111011
11111111111000010110011000110000
00000000000000001101000100101111
00000000001010001101011100011001
11111111111111011010010011100111
00000000000101010110010100110001
11111111110101111011000110010001
11111111111000110010011010011011
00000000000111010101101001111101
00000000000100011101010010011100
11111111111111001101101001101001
00000000000010110000010010101110
11111111111110101010001111011011
00000000000010001111001101101011
11111111111110011100111010100001
00000000000000110101111100100010
00000000001001111011000011000111
00000000001000100101110010011111
11111111101111111011010011011010
11111111111110000101011010000110
00000000001100010101111100101100
11111111111111111001011100110110
11111111111010100001000100001010
11111111111001100110010111101111
00000000000010110101100100101111
00000000000010100100001000110100
11111111111001011101101010110100
00000000000001001111110110111001
11111111110110100010100100000010
11111111111110011111010010100100
11111111111001101110101010011010
00000000001100001101001011100000
00000000000110001111000010111010
00000000000010010101110110101101
00000000000111101010100101111100
00000000000010000100001001100110
11111111110111011000011111000111
11111111111100111001100101100101
00000000001001010010000100001101
11111111111000101000111111010010
00000000001101011111100011000010
11111111111101100010000010000101
00000000000000111100111001011000
00000000000111110000111101001110
00000000000011010111001011110001
00000000000000111110011010011011
11111111111110011011010101010000
11111111111011001101111111001101
00000000000001001101100100101101
00000000000010011101111000110000
11111111111110100011000111111110
00000000000010010001010001010110
00000000000110111000101001110001
11111111111001111011010001111110
00000000000011000111100110101101
11111111111011101001000110011000
11111111111000101100101101010101
11111111111110011010001000101100
00000000000011011000100111110100
11111111111110011100111111101111
11111111110110101001000110010010
00000000000101000001101011111011
11111111111010001111100111101100
11111111110001001011011110101100
11111111111011001100010010010111
11111111111010001000010011000010
00000000000110101111100011111110
00000000000011100010000100011001
11111111111111011001010001100010
00000000000011111101111111100000
00000000000101011000101000111000
00000000001001000010001100100111
00000000001000011101101011111111
11111111111010010010110100000111
00000000000101011001111011110011
11111111111011010101101111100011
00000000000010010010010011010101
11111111111010111110001010001110
11111111111011000111000101000110
11111111110011111110101011001101
11111111111010111011010010000111
11111111111100000000111111111110
11111111111101100010001111001111
00000000000001100000100000101011
00000000000011101100010100101111
11111111101100100100110110000111
00000000000101010101010111101101
00000000000111001000000000110100
11111111111111110010001100000010
11111111110011001011111000111101
11111111110101000010001110000111
11111111111101010000000011010100
11111111111110111100101110111100
11111111111100000100000011111010
11111111110111011010001001101111
00000000000011111011110000101111
00000000001010001000101000000101
00000000000110111001010000010111
00000000010010000101101110011010
11111111111101111111100100001100
00000000000010010110000000011001
00000000000110010100111110001111
11111111111101110001010111001100
00000000000001101111110011101000
11111111111110000011101110100101
11111111111011001011101101100001
11111111111110001111000001000010
00000000001001001011100100111110
11111111110010011101000100101000
00000000000101010000110010010011
11111111111010100101100010011000
00000000000110001110111010101110
11111111111011110010010011010001
00000000000100011111000101000110
11111111111110000110010000101111
11111111110001011010011000010110
11111111111010111001001000000010
