11111111111000001000110000000010
00000000000011100000101001110111
11111111110010101001111100001010
11111111110110000100111000000001
00000000000001011110111101101110
11111111111100000101110101101000
11111111111100110001110110110101
11111111111100100010101000111001
11111111111110001100111011000000
00000000000011100101101100111110
00000000000101000111011100000001
11111111110111110101011000100011
11111111111010010100011001011110
11111111111011110001100000111110
11111111110001001111000001110101
00000000000011010010010000111110
11111111111001001100011011000111
00000000000001011010101111100100
00000000000011001000101101100101
11111111110111101110011111000001
11111111111100101111101101100010
00000000001001001011111010011011
11111111111101110101111001110010
00000000000010100011101101011000
00000000001010001011110101101001
00000000000011100011001111110000
11111111111111100100000101111010
00000000000101101001011110000011
11111111110100101111000111010111
00000000000101100010101100001111
00000000000101101001001011010011
00000000000000010100001100111100
11111111110111111111010011100000
00000000000010101010000000010011
00000000010000111010011100101010
00000000001100000101101100111110
11111111111011010100101001010111
00000000010100110111100101000000
11111111111100100111101011100011
11111111111000000110010111010001
11111111111001101111101000010110
00000000000001001000101101111000
00000000000001110101001000000010
00000000001010011001000011110001
11111111111011010101011100001101
00000000000001001100010000000001
11111111111111010100111001110001
11111111111100011011001010010111
00000000000101100111101010000011
00000000000110111011100110111000
11111111111111111010100001100001
00000000000000111001101100001101
00000000001011000100111100110111
11111111101100111101011001110110
00000000000011001101100101001110
11111111111010010001100011111110
11111111110111011010000100001011
00000000000001101000100101110001
00000000000000010111111111001010
00000000000110001011101111101111
00000000000100111011100101000010
11111111111110010010101001011010
00000000001001100011001011010011
11111111111010011100011101101101
11111111111100101000100001000110
00000000000111011011010110011010
11111111110000101000111100111111
00000000000111001100001101101111
11111111111011111011100101111111
00000000001100110111000111011100
00000000001001100001111110011000
11111111111000101001101101101000
00000000000000011111011001100010
11111111110110000010010111101110
00000000000111100101111010100100
00000000000101010001110011000001
00000000000100110011101110011000
00000000000000110000111101101011
11111111111001101000100111110110
00000000000100011010101101100101
00000000000000001000101010001111
11111111111011111110101101010100
00000000000111001000000100100000
11111111111100010100100011001101
00000000000010000110111000001100
00000000000001110001001100010010
11111111111100111010110100011101
11111111111110111010111100000100
11111111111011101001011010000110
00000000000110110010100000011010
00000000000010101100011100110110
11111111111101111000001101101011
11111111111001010100010011101101
00000000001010111000100001100010
00000000000101100010111110011010
11111111111001110000111000001001
00000000001001000010111011000011
00000000000100000010000000111110
11111111111011011010011111101001
00000000000111100010111100001101
11111111110100110011101101111101
00000000000010001001011100111001
00000000001000101000001011111011
00000000000011000000101110110011
00000000000111001101101111000011
11111111111110110001101110100101
11111111111111001101100011000100
11111111111100010101011011100101
00000000000011111101011010110110
11111111111001010000111100000010
11111111111111110111010100110110
11111111111111011111011000101100
00000000000010100001000010011010
11111111111110111011010010011111
11111111111101000011100011011000
11111111111110100011100010011011
00000000001001100001010111000101
11111111111111010011111010000111
00000000000011000100011001010111
11111111111101010111110100100100
