00000000000100001101110000111001
11111111111111111101111000000011
00000000000101001101001101000000
00000000000000010100101110000101
00000000000010110110100000000001
11111111111101101111000101100011
11111111111011000011110101101110
11111111111111011100010111000100
11111111111101000101101010101100
00000000000000011101111100001000
00000000000110110110101101001100
00000000000101111010001111011011
11111111111100101111100110110011
00000000001000111010101011010000
00000000000110111001000111010000
11111111111100011010011100100001
00000000000100110011000100111000
00000000000000101000001110111011
11111111111100100110101010101011
11111111111001100010100011110111
11111111111101010001101001100001
00000000000100011011100111101010
00000000000001000110100011010001
11111111110100111001001010001111
00000000000010110101101001011100
00000000001000000010000100110001
00000000000010011000101001000000
11111111111110110011010100011110
00000000000010101001101000110110
00000000001001010000000010010000
00000000000100111001111111101101
11111111111010111001000111100001
11111111111011100101110010101010
00000000000100111011100001010100
11111111110001110011101000100000
11111111111111100011100010101010
11111111111010011100000011110010
11111111111100000101000001100111
00000000001100000111100101001111
11111111111101001101011101001001
00000000000001111000010110000101
00000000001001001000100110101001
00000000001000101000110101010111
11111111110110010010001111111011
11111111111101110111011100100101
00000000000011000001101101011000
11111111111101000010111101110101
11111111111110001110100000110111
11111111111110011100000100111011
11111111110110000111100101011100
11111111111110111101001000000101
00000000000101000011111100111010
00000000000001011001100100010101
00000000000000110000010000011010
00000000000001000011101100111101
00000000000100001010010010010101
11111111110001110101101011000000
11111111111111010000010110110100
11111111111100010001100111000101
00000000000000001101010010111110
11111111111011100010110000000000
00000000000010010110101110100110
11111111111000110110011110111000
00000000000100011101010111011110
00000000000110010011010011010011
00000000000000000100010011001110
00000000000001111100101010101111
11111111111111100101011011111110
00000000000010000001101110110001
00000000000011110101110100000000
00000000000001111101111100101001
00000000000100001100011010101001
11111111110101101111000000111011
00000000000001101101100100101100
11111111111110100101110011010110
00000000001001011101000011110101
00000000001000010010101001100011
11111111111100010100000011111010
11111111110111000110100011011011
11111111111001101000010000110000
11111111111010000010100011011001
00000000000001101001011100011101
11111111110001111001010110000101
00000000000110100000000111111100
11111111111111111001101000111001
00000000000000111111101001111000
00000000000010110111001011100010
00000000000100101111101101110011
00000000001111011110000100000110
11111111111001011100101111110110
00000000000001001111001001100100
00000000000000101101000010110101
11111111111111011001001001010001
00000000001011000011000010111110
11111111111011110111100101111010
11111111110111000011000110110110
00000000001010010010100000000011
00000000001111011111011000101001
00000000000101111111111011011001
11111111110100101111100101011110
00000000000101000000110100110010
11111111110001110101011011110011
00000000000110110011000101000011
11111111111010100100011011111000
00000000000011110000101100111101
00000000000101011111001111100011
00000000000111100000110101110001
11111111111100111010000010110101
00000000000000010101100110011110
11111111111110100010011101111001
11111111111011110000010001100001
00000000000011111000011000110010
00000000000010111110001010110100
11111111111100001001111000100010
00000000000101101110110010110101
00000000001001010110101000111111
00000000000111111101011011101110
00000000000000010011110111101101
11111111111001110000111000100010
00000000001010100000100000001000
