00000000000111100010111100001111
11111111110000010101001100010001
00000000001001101001000111100001
11111111111100101100101010000100
00000000000011001100000001100111
00000000000111000000110110001001
00000000000001100100000111000011
00000000000000111111000001011011
00000000000101101100100100110010
00000000000010100001100100000101
00000000000011001111001011000000
00000000001000010011101101001111
11111111111001011010100101111000
11111111111101010001101111001000
00000000000101010000100011000100
11111111111101100110010011100100
11111111110000100011001010100001
00000000000000000110000011010111
00000000000000111111100101110000
11111111110101101111110100110000
00000000000011000001100001100100
00000000001000000100101000101101
00000000000110010101101101110010
11111111110010000101000010011000
11111111111110101001010010000110
00000000001000010000111111001111
00000000000100101110100100000001
11111111111111000110101011011100
11111111111101101000111010011101
11111111110110111101011011111110
00000000000100110111001111111110
00000000000110000110001011001011
11111111111110111010111011001100
00000000000100011000010100110000
11111111110010001100010011101010
11111111110101000111111100011110
11111111111100110111111110111000
00000000000011101100110011011110
11111111111110100000001111100010
00000000000101110110110000010111
11111111111111001100011000001011
00000000000011010010110100111011
00000000000101010010101110011101
11111111111101111110000101000101
00000000000010101011001010101001
11111111111010110010010110111101
11111111111011000001101011010000
11111111111000110001011111111111
00000000000100101011100000101111
00000000000010011101101011101001
11111111111110111001101110011100
11111111110111110100110101101010
00000000001101011101011111110011
11111111110111010100001110111010
00000000000010101001000101110110
11111111111011100111011100110110
11111111111101110111101101110100
11111111111011010111000011100011
11111111111101000110010010111100
00000000000000011111101000011100
11111111111101010101111100011010
00000000000111100000100010000011
11111111111100011000010001001110
00000000000111110010110000001100
00000000000100001110001001000000
11111111111101011010000010000001
00000000000010010001100111111110
00000000000001100001010111101010
00000000000000010011100000011000
11111111111000100101111111011101
00000000000000111110001011101110
11111111111110101010111101000010
00000000000000110011100011110010
11111111111101010000110111010111
11111111111100111000100000101011
11111111111011010111000110110010
00000000000001011100111010100100
00000000000111001110001001100010
11111111111111010111001011011101
00000000000110111001110111111100
11111111110100111101110110110000
00000000001010101000000001110110
00000000000011011011000101111101
11111111111100111000111011010111
00000000000010010111100000001100
11111111111100110101011011101011
00000000000100011111010011110111
00000000000011111111110111011010
11111111111111000101011011010001
11111111111011011001111101010110
00000000000001100100110111010100
00000000000011011000001101010111
11111111111011000001010111000111
11111111111000010111110110001101
11111111111011010011110010000100
00000000000111010001010111100010
00000000000010110100011010000001
00000000001010111111011011001111
11111111111100000001100001110010
00000000000001010110011000110111
11111111111101111011011001001111
11111111111101011101001011011111
00000000010000100011010100110100
11111111110010100010111000111010
11111111110101111010010001101011
11111111111100010001111011111101
11111111111110111001000100111111
11111111111111010100110100111011
00000000000000010000011000011110
00000000001011000101011101000100
00000000000000000010000101111101
00000000000011111011111101110101
11111111111100001101100101100101
11111111111011001100010101001011
00000000000001010010111000001010
11111111111110101110100110011010
11111111110111101100101101110100
11111111111111110011100111110110
00000000010110111101000110000001
00000000000110101110011100000101
