00000000001011111100010001110111
00000000000110010100100110111010
00000000000100100100111011101001
00000000000110100010010110110001
00000000001000011100101010111100
11111111110111001110101011101001
11111111111010101100111111111111
11111111111111000010011010100100
00000000000110011010000010110101
00000000000000011011111100000000
00000000000011001000100011010101
00000000001101001001011010000011
00000000000011100111101010111001
00000000001001100100001110101011
11111111110101010110100111111001
00000000000000011010010001100110
00000000000100100110101001110001
11111111111110011000101101000001
00000000000101110110000100101101
11111111111000111110111111111000
00000000000010111100000000111001
11111111110110000100111100101101
00000000000011101000110100000101
11111111110010010001000110110111
00000000000010011100010101000110
11111111111110110101011011010010
00000000001001101101100000011111
00000000000000000111011010100001
11111111111111011100000100100010
00000000001011011001011001111111
00000000000001100001101100001001
11111111110110001101000000111111
00000000001001000100001011011010
11111111111100111111011011001100
11111111111110111010100010011111
00000000000000011111010110101011
11111111111011011010101011011010
11111111110000010100100011010011
00000000000011011000111010101011
00000000001000011111001101011010
00000000000000000000110011101010
11111111111010011011111001101001
00000000001000010110101010100111
00000000001000011111101101111100
00000000000111111010011001100111
00000000000010001001101000011010
11111111111010000011010011101010
11111111111001110001000111011100
11111111110101011010011101111110
00000000000010001011100011000011
11111111111101101111011011001000
00000000000000100111100100111100
11111111111101101011110011011001
11111111111101110001111111011001
00000000000100111011000001100000
00000000001010011100111000010110
11111111111010111100110110100100
00000000000101000111110110001001
00000000000010100011101000011010
00000000000101101010111101100111
11111111111101011100001000101101
00000000000001111000000110001000
11111111111110110001110010010011
00000000000011010010000110100010
00000000000101000101011000100111
11111111111110100111011111011101
11111111110100010011111000001100
00000000000001110011001001001100
11111111111101111111101011101100
11111111111011101101101110101110
00000000000110011001000000010001
00000000001101001111100101110110
11111111110101101010001011111110
11111111111110100001011100111000
11111111111001010111001101110111
00000000010001110001000101011111
00000000001101100110001111011111
11111111110011111101100101001111
11111111111110110111100001101001
11111111110001101011001010000011
11111111110110111001010111100001
11111111111111001101111100010001
11111111110110011001100110100000
00000000001000101111111011011100
11111111100100001110111010000111
00000000000101000111001111111100
11111111111111001111101011000111
11111111110101101000100011101101
00000000001001111010100101010111
11111111110111101000011101110101
00000000000100000101010100110001
00000000000100011110011111110010
00000000000010101000100101011101
00000000000011101000001001010001
11111111110100101100011101000101
11111111101011110000111110100111
00000000000100010000011111100110
00000000001101111001111111110001
11111111110011101100111011111010
11111111101011001010100010101111
11111111111000100101000011111001
11111111111010100010101000110000
00000000000000000011101011101110
00000000000011111111111010101000
11111111110110101100110111001110
11111111111111110111011000110111
00000000000000001000011011010001
11111111101110110000111100110001
00000000000000000101010011001111
11111111111111111111011001111001
00000000000110010111000110110001
11111111111111011101110100101110
11111111111101110010011011111111
00000000000001101100010111100001
00000000000100111100011001001100
00000000000110111110001111000101
11111111111011100100001110000011
11111111111110010110100110101000
11111111111101001000100010101000
00000000000101001010100011000100
