11111111111010001000010110010100
00000000000010001100000110011111
11111111111100110101000001111110
11111111111111001111011101101111
11111111111111010010001001010011
00000000000001111100110001110110
11111111111100101000010001110000
11111111111110001010100001111001
00000000000000011000101111010010
11111111111010000111011001001111
11111111111011110010110100001001
00000000000100010111010101110011
11111111111101111011100000100010
00000000000000111010100011100010
11111111111001111100001111011001
00000000000011110111010111101110
11111111111110111100000011010001
11111111111001111101000111111110
00000000000010001011110101011010
00000000000011100001101011011011
11111111111100011100101010100011
00000000000000010000100010101000
00000000000010010111110010010011
00000000000000001000111100000001
11111111111111001100000011101100
11111111111111110001011100010100
00000000000011100010110111000110
00000000000000010110010011100101
11111111111110010101100000110010
11111111111000101011100000010110
00000000000000010011011001000110
11111111111100101000010010001000
11111111111100100110000001101010
00000000000011000000011100001111
11111111111101010000110111011110
11111111111110001000111110110100
11111111111101111010011110010100
00000000000100010001100100111011
11111111111100111100100111101110
00000000000100001101011001001000
00000000000000101001101110011011
11111111111110110111101101011101
00000000000011001110110011010100
11111111111010110010100110111011
11111111111001110110101101100011
11111111111111010110011000001101
11111111111011110100100111100001
11111111111100001000110100011100
11111111111101100101010100111000
00000000000001100001010111101000
00000000000000100010111101110110
11111111111011111101110101001000
11111111111111000110010110011001
11111111111100001101100001000101
11111111111111001010000001001100
11111111111001110111100100001011
11111111111100100011111110111111
11111111111101110000101011101001
11111111111011000100100010100011
11111111111000110100110011000110
11111111111111111101011100101100
11111111111011111111110000000111
11111111111111001100000001001101
11111111111000101111011110011011
00000000000000000110000100010101
11111111111111001100010000010101
00000000000011011010101000011110
11111111110110110010001100111010
11111111111110101101000111101000
11111111111010001110011111111001
00000000000001101010100100000011
00000000000011001111111111100010
11111111111000110100101100111110
00000000000011010001100110011111
11111111111011100010000010111010
00000000000000111100001111001001
11111111111110001110101111110100
11111111111110010001111100010111
11111111111100111011001101110010
00000000000001110001010011111100
11111111111010111010010110000000
11111111111001101110101000101111
11111111111100101111001101111101
11111111111001000100001001101101
00000000000011100010001110100111
11111111111010000010011001100000
11111111111010011111111101111111
11111111111011100101000011001000
11111111111001010101100000111000
00000000000011101010001000111000
11111111111101011011110000010101
00000000000010010110111010000101
11111111111011111101000110101100
00000000000000101010000111000010
11111111111110010010110110001100
00000000000000010100110100010101
11111111111111011101110111011101
11111111111101100001100100111110
00000000000001000001100011010011
11111111111010110000010110001011
00000000000011010100101001101010
11111111111111101101111100011010
00000000000010010101001000100100
11111111111010011110010100001110
00000000000010001011110000011111
00000000000001010001101110101111
11111111111011010010001000100000
11111111111100101111011110010001
11111111111111010100110011101110
11111111111100101000011000011110
11111111111100100101110111000111
11111111111100001011101001100000
00000000000001010101010000010000
00000000000010011100101111011100
11111111111101000000001000100111
11111111111010010001011000101111
11111111111010111011100011010011
00000000000101011000110100110100
11111111111111010001110110110111
11111111111101000110000000010101
