11111111111011111101111011101100
00000000001001011100101100010011
00000000000101001011000011100010
11111111111100110000100111100101
00000000000000010001110000010111
00000000000100010100100011110001
11111111111110010010001010011100
00000000001000010010010111110111
00000000000001111110101000111000
00000000000000110010101010010000
00000000001010110001011010001110
00000000010010100100011000100100
11111111111110110101011010111000
00000000000010000111110011000010
11111111111110100000101101010100
11111111111010001001110001010010
00000000000101001001010011100000
11111111111101000111010011001110
11111111111101111011100110111100
00000000000001101101000010001000
00000000000111011011111110110000
11111111111111111110110000000101
00000000000001101000010000100100
11111111101101101111010100100011
11111111111011001110111001001011
00000000001000011011001010101100
11111111111100110110110100000100
11111111111010111111110000110110
11111111111011000101110101111001
11111111111100101010100111011001
00000000000100011001111110110100
11111111111101101000010011111011
00000000000000101011001011101001
00000000000000101101100001111000
00000000000000001010100010001000
11111111101100000111000111110111
00000000000110011110000000111000
11111111110001000010101000110111
00000000000110001000101010110111
00000000001000110001010101011100
11111111110111101001110010101010
00000000000110011011101010000110
00000000001000000000001111111001
11111111111111000000110011000001
11111111111110110001010011110100
00000000000000000110110101101110
00000000000110100111100100011001
00000000000011110000010101110110
00000000000000011110100110001000
11111111110101001101101001111101
11111111111110100110010101100010
00000000001010101100011011000110
11111111111011010011001110110101
11111111111011011100111110001100
11111111111111000001110110011101
00000000001001111001010010111100
11111111111001010100011000111100
00000000001000001001101100010100
11111111111100010001000011010011
00000000000001110001010101000111
00000000000010101010110001011011
00000000001000101110111100011010
00000000000110011101011000101101
11111111111111111101010001010100
00000000000000001101111001011001
00000000000110100001111111111001
11111111111010000110011011110000
00000000001000010101101000100001
11111111111111000001100111001110
00000000000110110110101111010100
00000000000010000110011001010101
00000000000010011010010110100000
00000000000001011111010101101001
00000000000101010001111100001110
00000000000000001000101001101010
00000000000101010110000111111111
11111111110100111101100001010001
11111111111111011000000100110001
11111111111011011000100101010011
11111111111111100010011111000001
11111111111010010111011110000111
00000000000110100111001100000101
11111111110110010011011011110111
11111111111110000010011000110010
11111111110000111100111110100000
11111111111100101111100111101001
00000000000001111110111010001000
00000000000001010011011110001111
11111111111111101100111110000111
00000000000100100000011111000110
00000000000011011110010111010100
00000000000001000001010010111101
11111111110111000010001111001111
00000000000000101010010011001001
00000000000010110100010101101010
00000000000000000011100101001011
00000000000101000011011011011110
00000000000001100110010001000001
00000000000011001000001011111011
00000000000001010001001110100110
00000000000000110100011111110000
00000000001001111111111011001010
00000000000110100100111000110111
00000000000101111101101111100010
11111111111110100000011110110011
11111111111110101110011111000111
00000000001001100001110100001010
11111111101011011100011011010100
11111111111010101000110101011001
00000000000001011110011010001101
11111111111100000101111000110101
00000000000001001101111101111110
11111111111110110000010110001101
11111111111101010000110011101011
00000000000101101110100101100010
00000000000011101100010010101011
00000000000110110010100110011011
00000000000011101111010111111000
00000000001110111100110001111111
00000000001010010001000011100110
