11111111111110010011111001110111
00000000000010101111001100100011
11111111111110111000011010101000
11111111111100001110100111111000
00000000000110100101110000101110
11111111110110110100110110010001
00000000000000100110001101011100
11111111110110010101101110101101
00000000000101001000100100011011
11111111111000101111011000101111
11111111110011111110110100101010
11111111110001001010110010101110
11111111111001000100101110101001
00000000000001011000100011101011
11111111111010011111101001000001
11111111111111111011110010011110
11111111111000010111101101010110
11111111111110101100010110111110
11111111111111001111111111001001
00000000000010100100001100100011
00000000000000001100001111111100
11111111111001111110010001011110
11111111111100110101100000000000
11111111111011001111101100110001
11111111111111010110011000110100
11111111111000111111011001110011
00000000001011100101110001001010
00000000000101010101011101101011
11111111110110111010001010111011
11111111111111000110010110011001
00000000000110111001010001010110
11111111111001001011101001101000
00000000000111000011010100100111
00000000000000001101101101011100
00000000000101011111110001000011
11111111111000011111101010111110
00000000000101101101000000110101
00000000000111100101101111000101
11111111110110000111000101011111
11111111111010100000100010011111
00000000000010101111100100111110
11111111110100110001000110110110
00000000000100011000100001010101
00000000000100100100001001100111
00000000000001110011011010101001
11111111111010001111110101101010
11111111111101001100011010011110
11111111111011000110001110010101
11111111111110000101010100111010
00000000000001110111011110000011
00000000000001111000010110010000
11111111110110110100101011101000
11111111111111101010111000111111
00000000000000110110111110101110
00000000000011001100001111001100
11111111111001010010011111011100
11111111111101000100110101100010
11111111111010110110111110110110
00000000000000001110001010111111
11111111111101011000000101101001
11111111111101101011111001010110
00000000000000010100101111100111
11111111111100111100110010000100
11111111111100000010110100011111
11111111111101100111000001111101
11111111110111111010001101001100
00000000000010000010000000010110
11111111111001110000010010000111
11111111111011011010101000100001
11111111111011001111111011010101
11111111111101010100001010010101
00000000000011100111101001010101
11111111111100010110100011011011
11111111111001100111111000100110
11111111111101010110001001010111
00000000000110101001001011110110
11111111110111011101010100101010
11111111111000010001110110110100
11111111110011011100110110111111
11111111111101100101011010010010
11111111110101010111110011100011
11111111111110110001111101011011
11111111110111011100110010101111
11111111111110101011111100010010
00000000000000000111011000100110
11111111111011110000000001101110
00000000000100101111101110000101
11111111110100101101011001000001
00000000000001111100101100001001
00000000000001011110110010110011
00000000000000001101100100110001
11111111111101100010001001011000
11111111111101011000100111111100
11111111111001010101010010101011
11111111110100100110011010000100
11111111111100000101100000111000
11111111111001000111000000111010
11111111111000000100000010010001
11111111111010101101001111110001
11111111111011010011110011000101
00000000000010110110011000101011
00000000000000000101111111110010
00000000000010011001100110100010
11111111110100111100111001101110
11111111111000000010110001000110
00000000000101001000011011000000
11111111111100110011000110000001
11111111111111100101011101001111
11111111111110110110010001101101
11111111111100110110101001110011
11111111110110010111001001010100
11111111111100101101000011011100
00000000000001001100011100100001
11111111111100000001110110001000
00000000000000110110000111110000
11111111111111100011111110110010
11111111111010011001010101010100
11111111111101000110110000010100
11111111110110000100001011010001
11111111110111010100010101110100
