11111111111010110011110110001000
11111111110011100100101000000000
00000000000100010101001100110111
00000000000000110011100101001100
00000000000110100010101010101101
00000000000010111001100001001010
00000000001101101110010110111001
00000000000100110001010101101011
00000000000000110110100110100011
11111111111111011000110000010001
00000000000010011100100100100110
11111111111110000001110100011101
11111111110101100101100001110001
11111111110111110011000100101001
00000000001001110101111111001000
00000000000001111100010011110001
11111111111000011011011001000110
00000000001011111001100001111011
11111111111111111011010000100000
11111111111101101010000110101100
11111111111101000011110001110000
00000000000010001000011000100001
11111111111011111110001011100010
11111111111000110000111001110010
00000000000001110110100011000000
11111111111110100010110110011001
11111111110110111101011110000010
11111111111111011100110101011111
11111111111010011111000011100100
00000000001110000001111011101101
11111111111111010011111000111110
11111111110000100101110110101111
00000000001000000110111100001100
11111111111110001111101001100110
00000000000111100011000101101100
11111111110110001011010110011010
00000000000010000101001001100101
11111111111001101000010100011100
00000000001001110110001001101100
00000000001011111101101001110100
00000000000000100011000011010111
00000000000000010100110011011010
11111111111110110000101101110101
00000000010001011001001000111110
00000000001111001110011001011111
11111111111100011101100110011010
11111111111001010100100111010011
11111111110001110010001111001011
11111111111000010000010111110011
00000000001101010111010011100011
00000000000001010001011010010001
00000000001001101110111110011100
00000000001100101000011010001011
11111111111100001011000101000110
11111111111111111011011100100000
00000000001001011100111101011111
00000000001011101110010010101011
11111111101101100111011010100111
11111111111101111011110111101111
00000000000100110011100011101100
00000000000000110101100001101111
00000000001001111101101111111101
11111111111110110110000100100101
00000000000001010010111010010010
11111111111101110110011001101011
11111111111001010111110000010011
11111111111111110111111101010000
00000000001011110001110101101100
00000000000100110101011101110011
00000000000010011100010100100001
00000000000110010001101011101011
00000000001001000101010101011011
00000000000000001000111100011100
00000000000111111011001011010010
11111111111101100000000111000100
11111111110100001110101100011011
00000000000010010110001100100100
11111111111001010111001010111000
11111111111100010110111011101000
00000000001010000110110001011001
00000000000101001101010100011110
00000000000110001110110101011001
11111111110100001011010001110111
11111111111110111010111011111111
11111111111100000000011011011110
00000000000011000111001111000100
00000000000000110001011101011101
00000000000011101000001000001001
00000000001101001111101111011010
00000000001010010100100101100010
11111111111100000000000010000101
11111111111110011011110100000100
00000000001000000000110000111101
00000000000001001111010111110010
11111111111111100001010010001100
11111111111000001110111000110100
00000000000001111101000100000011
11111111111101010111101000000101
11111111110111001110000001010100
11111111111010001101011100110101
00000000000110011011001111101101
11111111111111101001010110001011
00000000001010100010010010100011
00000000000001011000001110100110
11111111111110011010100110101011
00000000000101101000110000111011
11111111111100000000011110101101
00000000000010101110001100001001
00000000000100001000101001110110
11111111111111111011000011011111
00000000000000111001010111100111
00000000001010101101100001101100
11111111111100001010110110100010
11111111111001001101111110001110
00000000001001010100100111001011
11111111110000110000011001100110
11111111111010101010011110101001
00000000000100010110100001000000
00000000000000110101010100111110
11111111111111010100111100011111
