00000000001010001001110100010000
11111111110001011010010100011000
00000000000011011110001100010110
00000000000111101110010111011000
00000000000010010011110011101110
00000000000001010111000001001000
11111111111100010011110101001101
11111111111101100011011100011100
00000000000100010100101111011010
11111111110111010001011100110111
11111111111010010101001001011011
00000000000001010101011000000001
00000000000000111101011111111010
11111111111111101101010011101110
00000000000101111010111111010101
11111111111101011111010011000011
00000000000101100011001010110101
11111111111111101100000011110011
11111111111010111101101001110111
11111111110111101111111011110010
00000000000100111010000010011110
00000000000001111000101000110110
11111111111100010100010111010110
00000000001111101001001010100111
00000000000111010010110001011101
11111111111110001000011011100001
11111111111010101111101111110010
11111111111010001101000111011111
00000000000011110011100010000110
00000000001001011110010000000011
00000000000111011000101101100101
11111111111001110011111001010011
00000000000000100001111101000000
11111111111010010110001101101011
11111111111110000011010111100001
00000000010011010001100100001101
00000000000000001110101000100000
11111111111001111001100001010010
11111111111111100010000110101111
11111111111001010110000100111101
00000000001111101001010001111011
11111111111100100010010000011100
11111111111000110111111111001101
00000000001000111100000000010100
11111111111101010110011000010011
11111111111010110010111100011011
00000000000000110111000101010110
00000000001001000100011111011100
00000000001010001101011000100010
00000000001000111011011110100101
11111111111010010000001110000101
11111111110001100010010110100000
11111111111100111000100110101001
11111111111111111100111101101110
00000000000100001001001001101000
00000000001001011111010001100100
00000000010011001001101111000101
00000000000000100001101100100110
11111111111100001100111110110101
00000000001001011100010101010101
00000000000011110011010010111110
11111111110110001010110001001111
11111111111001000010001111111001
11111111111011010111110111111011
00000000000011010001011000100001
11111111111100101110001110100010
00000000000001000010001001011101
00000000000001011000110010111010
11111111111001111000001010010101
11111111111111011010001001001111
11111111111111101111111001100100
00000000001010000111100011000100
00000000000100111111110101100101
11111111111011111111101001111000
11111111111001011110011010110100
11111111111011010111111010111101
00000000000111110111101000101101
11111111111001010100011111110100
00000000000001100110100011001110
11111111111001000010101110100000
00000000000111000111111100100101
11111111110101110110011100011011
00000000000101010011111010101011
00000000000110111110100110000101
00000000000000011011101100010000
00000000001001011111111111000111
11111111111111100000100100011000
11111111111001001110011010110101
11111111111010001011000011000001
11111111110011011101001001011100
00000000000100010011001100101001
11111111111110010101001100111011
00000000000010101100000011110011
11111111111110010110001110111011
11111111111010100010000100000011
00000000001001110100000001101101
11111111111110100111101000011011
11111111110101000010011110101111
11111111110011011010011100000001
11111111111110100001011010011001
11111111111011101110000100010010
11111111110100001001001011110100
11111111110111110111111001110111
00000000001001011110011001111100
11111111111100110011011101011101
11111111111101111001100000101001
00000000000010111111010000101110
00000000000001010010100011110001
00000000000010101100110101100100
11111111111111010111010001100110
00000000001110011110101010011000
00000000000100100011100111011101
00000000000101010001010111001010
00000000000011000001110101011111
11111111110110110010000100110010
00000000001000000011001101001001
00000000000110101000001011011010
00000000000010111100011101111110
11111111101111111101011101000001
00000000000000001110101010000111
