00000000001100110010000101100110
11111111111000000101001001010001
11111111111110110011100111011110
11111111111110100011111000011011
11111111111110100011001010111010
00000000001010011010010101110101
11111111111110011111111100001110
00000000000100011000111001010101
00000000000000011110101101010101
00000000001001011101101111011011
11111111111111110001111100001011
00000000000111000101000001100000
00000000000010001111011100101001
11111111110111010000010101110011
00000000000001101111100101011111
00000000000100000110100011111111
11111111111111001000010010010000
00000000010011011111101111100111
00000000000000001001110101111011
11111111111100111110110010100111
11111111111111000000000011111101
00000000000101010110010111000100
11111111111010011101001110101001
00000000000111100101011100101100
00000000001011001100110001000111
11111111111001011111010101000000
11111111111100010111011111101110
11111111111100110100000100000100
11111111111111111010101101111110
11111111110110011001101011111010
11111111111001110000001000111110
00000000000111101101110001100011
11111111111111010010111101001100
00000000000100100000011010101101
00000000001010110010011100100001
00000000001001001011010111000111
11111111111110011000000000000100
11111111111110111111011101000011
11111111110000101000000001000010
00000000000011100101011000010010
00000000001101110010100011100100
11111111111100001111111011010111
00000000000001111111001010000100
00000000001011011000011101010000
00000000000111110101011110100100
11111111111100111100011001111010
11111111111101010001100010111101
11111111111100001101100000101110
11111111111101000110010111111100
00000000001111010110110000101101
00000000000011000101001100100000
11111111110111101010111101000001
11111111111000111010111010111000
00000000000111000001000100110010
11111111111011011000101001110111
11111111111011110001100000000100
00000000000100110010011100000001
00000000001010110001010110011110
11111111111011111011111001100111
11111111111101010011001000011010
00000000000011010111001011100110
00000000000101000001101010110010
00000000001001011010011001011111
11111111111010011110101100010010
11111111111111110100110111110111
00000000001000010011110111100100
00000000000100101001000010000111
11111111111110010100000011000001
11111111111101000111110100010000
11111111111100010000110111000111
00000000000111110001011011011000
11111111110111100000100110001000
00000000000111010011000000101001
00000000000010100001011001001110
00000000001010100010100010011001
00000000000010001001001111000010
00000000001010011001010100111111
00000000000110100111110100000011
00000000001010110101010110110100
11111111111101110111101101010111
00000000000001110011111101110100
00000000000111111001011000100101
00000000010001001111100111001000
00000000001000000111100110111101
11111111110111011100011010011001
11111111111101000011100100101010
00000000000011110010010001100010
11111111111100101111111111110111
11111111110101011110010100111100
11111111111010000111100101001001
00000000000001111010011110101100
11111111111100100011111001000010
00000000000101000011101101110010
11111111111100110110010010101100
00000000001000000010001000101110
11111111111101101111010010010100
11111111111111100110010011111100
11111111111101011011110011010100
00000000000100000100001011100101
00000000001000111111110010101111
11111111111000110111101000011110
00000000000011110001111010110011
00000000000000001110111000011110
00000000000010001010010011110101
11111111111100011110110001000100
00000000000001101110010110110001
00000000000110001101011000101010
11111111111101001100010100000100
00000000000000101000010101011001
00000000000001010001011011011110
00000000001000100001010011111011
00000000010001111000111000100010
11111111111101001010000110001110
00000000000011000001001101101111
11111111111111110010110111111110
11111111111001101001110010100001
11111111111000111110000011100011
11111111111111001111010111010011
00000000010010110010000101010000
11111111111001011000011101101111
