11111111110111101111000111001101
11111111111010101110000000100100
00000000000011010001101011010111
00000000000010000110000111101001
00000000000101101101011010010111
00000000000011101110001010110100
11111111110110110100100101011000
11111111111110011110010100101101
00000000000100010010100010010110
00000000001000101100110110110001
00000000000100000100110011101100
11111111110111110100010000101110
11111111111100110111100111001111
11111111111011001000111100010101
00000000000000010111111001100101
00000000000101001111100110100010
11111111111001110101101111011000
00000000000101111111011100110000
11111111111111100110110111101110
11111111111010000011110000101000
00000000000001101101000011010011
11111111111011011000011101100011
00000000000000110001010010000001
11111111111000100000100000011111
00000000000101000011010101100101
00000000000101111110100011000001
00000000000011001101101111100010
00000000000000000011111100001111
00000000000110100001010011110001
11111111110010011100100011000110
11111111111111111001010100011000
00000000001111110101100101100100
11111111111110110111010010111010
00000000000011011010111010101001
11111111110000100010100000110010
11111111111011111010000011001110
11111111111010001101101101101111
11111111111001101000010111001010
00000000000011100011111000100110
11111111111001000111001011001010
11111111111101111011110100011010
11111111111111110101110000001010
11111111111010110010001000010011
11111111110000010000010100110110
11111111111111010001001110100111
11111111111011011100011111101111
11111111111010000010101011100010
11111111110110110100111010100100
11111111111110111101111100110001
11111111111111010110010101101011
00000000000011011111110000101000
00000000000001101000000000001001
00000000000010001001011100011011
11111111111001111010000111010100
11111111111010100000100111111000
11111111111010111001000011101011
00000000000100100001011011111001
11111111111111111111110011011101
00000000000001111100101111100000
11111111111101001110110101111111
11111111111110101011010000001101
11111111111111010100100110110011
00000000000010000111001000000101
00000000000110011101010011100010
11111111111100101000001100110000
00000000001001111110110011101100
11111111111101001000101011111110
11111111111000011100110101001010
11111111111001010001001010100011
11111111111101100001110111000001
11111111111011001111010101111010
11111111111000111110000101100111
00000000000010111001100101001100
00000000000001001001001100100101
00000000000110110011110110010011
11111111111000101110010000010101
00000000000101001011110001100000
00000000001010100111111010110000
00000000000001000011010001010011
11111111111011000011011011011010
11111111111101000110100000011001
11111111111100110100000001100111
00000000000101110011000011110100
00000000000101001111000001001010
00000000000011010000100001100001
00000000000001010110000111110010
00000000000001110010110111010001
00000000000101010110011011111110
00000000000111101101000010100110
11111111111111101111001110001001
00000000000101100101011111011110
11111111111110010001001101100101
00000000000100110000100011101011
00000000010001101101011111101100
00000000001001011011110100110000
00000000000001101111001000000100
00000000000110111001111111111001
00000000000100011100110001011111
00000000000110100011010100011111
11111111111110001101110110110111
11111111111000100010001111010010
11111111110110101000101011010011
11111111111001011010101010000111
00000000000010011101010011011100
00000000000111010000011110001001
00000000000011100110001001000000
00000000000010101001111000010101
00000000000111111111110001100010
11111111111101001101011010000100
00000000000100101000101011110000
00000000000011100000000101001011
00000000001001011001101100001110
11111111111101111110111111011111
00000000000011010011101111101111
00000000000100011000010110100100
00000000000100110111101111011001
00000000001000010110000011001000
00000000000100101001100110000000
11111111111110000000111000000110
00000000000101111100111001110001
