11111111111010010100100111111101
00000000000001000000000001000001
00000000000101001110100111111011
00000000000000011100111000110101
00000000000100011010111000101110
11111111111011010101010100010011
11111111111010111001011111011100
00000000000001000100001100100001
00000000000001010010011010001001
00000000000111100011011000001110
00000000000000111000011011011101
00000000000001000001101100111101
11111111111100110001010001011101
00000000000111011001000010111001
00000000000000000110010100110001
00000000000100000010001001100111
00000000001011101101101100000101
00000000000101000010000110101101
00000000000010100000101010001101
00000000000011000110110100000001
00000000000011111101010000110101
11111111111110010111010011000011
11111111111111011001010100110010
11111111111011100001110100000000
00000000000100010011000000101010
00000000000001011000010111101111
00000000000110100001011100000100
11111111111101010000101110111011
11111111110101000001101001011101
11111111110110001001000001001011
11111111111100111100100101000000
00000000000001101011000100111111
00000000000111111000010101010110
00000000000101011101100101000110
11111111111001100001100100111111
11111111111001110111111110000011
00000000000011000000011111111101
11111111111111011110011010000011
11111111111110001110001011010000
00000000000010010010110111111001
11111111111000000101000111001101
11111111111101010010000001010000
11111111111110000100100111010110
11111111110100111011000010111111
11111111111010101000011011111011
11111111111011110111010111101010
11111111111011101110010001100101
11111111111110110000110001110110
11111111111001010010010101100011
00000000001000001111100100011000
11111111111010100011011100000010
00000000000110010010110101011100
11111111111110011100100010110001
11111111111111010101110110100000
00000000000011011101010110110001
11111111111111101111001101011001
11111111111111001011110101110010
00000000000110110000011110001101
00000000000001000001000000100001
00000000001010110110010110111000
11111111111100110101011100110000
00000000000100100001100100111101
00000000000100011011000111010111
00000000000000001111111011100000
11111111111011001110001100000111
00000000001011100111010010110010
11111111110110010010001011100011
11111111111101001011001011001110
11111111110110110011011011000111
00000000000110011111000110111100
11111111111110010100001111000110
00000000000011101101111100101001
11111111111100011010110001000101
00000000001101011010110010001101
00000000001000110011101110100010
00000000000101110101010111100110
00000000000001111100111111000100
00000000000011110111011111100101
11111111111100101001110110111110
11111111111010011100111011010100
11111111111110010110111101011101
11111111111100111000101000011000
00000000000011100101010100010010
00000000000010111000010100100001
11111111101111100100011011101100
00000000000110000100101011100010
11111111111110111010111010101011
00000000000100010011000011101111
00000000000000100101000000100001
00000000000010110111011000111010
00000000000011101100011011000111
00000000000000110010111100001101
11111111111110111000110000011001
00000000000111111100100000011100
00000000000110011101111100000010
11111111111100000010011110010111
00000000000101001001010001100111
00000000001011111110101101111010
11111111111011001001010110110001
00000000000010010101010010000111
11111111110111000000101101010010
00000000000001100110000011101001
11111111110001100000100011101001
00000000000010010101001000111011
00000000000011110111111000000100
00000000000000011001101111110011
00000000001100111000101100100011
11111111110111010110111011110001
00000000000011011001011010011010
00000000000000111100011011010100
11111111111110011101100010111000
11111111110101111001010001110101
11111111111010000111010000101011
11111111111111001001111010111011
00000000000111110000111110000010
11111111111101101001010010011001
00000000000110100011011110111000
11111111111100100101011110110101
00000000000001110111000000101111
00000000000100110000111101110001
