00000000001011000011011011100110
11111111111000000110111100100011
11111111111100111110100101100000
00000000000110000001000010101001
00000000000111110001011011010001
00000000000111101010000110100111
11111111111001001000111000111101
00000000000011001111110101010001
11111111111100011010001011011100
00000000000011101100110011001100
11111111111010101101001110111111
00000000000110001111111110000100
11111111111011111101000000111110
00000000001000011100011011000100
00000000000101001111111100100011
00000000000010111000001011011110
11111111111101100110111000001011
11111111111000010100101001000001
00000000000001100011001100001110
11111111110100010010000010111110
11111111111110011001011011110010
00000000000111001000100000001101
00000000000100011011000001000001
00000000000100110000001011010010
00000000000011100110111110101101
00000000001000010001111000001011
11111111110101101111110100101101
11111111111101100111001001011000
00000000000101011011101000000111
11111111111010100010111010100101
00000000000100101010101101001101
11111111111100001011010101010011
11111111101110101010110100010111
11111111111101111011111001000100
11111111111000110000011011101010
00000000001001010001101011101101
00000000000000111111010110011010
00000000000101101001110101110001
11111111111111111011011000101011
11111111111110011110111100110010
00000000001010001001111001111100
11111111111110011111001000011110
11111111110101011010000100010001
00000000000010011010000100011101
11111111111011100000100001111111
11111111111111111001101100011101
11111111111110000001110000001100
00000000000011010111100001010001
00000000000110100100000001110001
00000000001010000011110000101110
11111111111011011011011001010001
11111111110110100101000111000101
00000000000010101100100100011110
00000000000000011110101010010110
11111111111111010011011011100111
00000000000001100101111010001100
00000000000010110010011100100101
11111111111100010000001100101011
11111111111110000010001011000101
00000000000100111010110101001101
11111111111101111110011000100100
00000000000001010111010110100000
11111111111011101001100101100010
11111111111111001011011100011111
11111111111010001111000010010111
11111111110011100101010000001101
11111111111110011110111011010000
00000000000000001010110001000000
00000000000011100110100101110000
11111111111000101000010100001000
00000000000101110011001010100011
00000000001110011001011100010111
00000000000101110000101000111011
00000000000101010110001101110011
11111111111010000011101000001111
00000000000101011000101001011001
00000000001010100000111111100101
00000000000000100010100100011000
11111111111101111011010111001011
11111111111111000000111111110111
11111111111111010111101000000001
11111111111111011010110111111110
11111111111001110010010010000001
11111111111101110110110101010010
11111111111010101011100101010101
00000000001000000001110101001110
11111111111010111011001010100111
11111111111111011000010100001100
11111111111110000010101000010110
11111111111110011100100101010100
00000000000010000010000011110001
00000000000000011011111100110111
00000000000101010110011111101111
11111111111011111001100101110110
11111111111011111100101101001100
00000000000101100100111100001010
11111111111011011000001001111010
00000000000000101101110010011110
11111111111001011110111100111111
00000000001000010011001010010010
11111111111001011111011011100100
11111111110100001011110101011110
00000000000100100111100101110101
11111111111100100110001110010001
11111111111101101110010010111110
11111111111100110111111011101010
00000000001101011111001001110101
00000000000110001111101011110001
00000000000000101101000101011010
00000000001010111101101110111100
00000000001010111011011011011101
00000000000101110010111001010111
00000000000101101101001000100000
11111111111100100011110110101000
11111111111100001110011000100011
00000000000011011111011010101111
00000000000111000110110011000111
11111111111111011010110100100001
11111111110001011011011000000000
11111111111101111011100011110000
