11111111110101111111011110101011
00000000000111001101101100001111
00000000001010010010110010011111
11111111111110011001111111010111
11111111111110010001110111010001
11111111111001100110011110111111
11111111111010100000100000010110
00000000000000000100011100010111
00000000000011011110000101001001
00000000000001111001000100100000
00000000001001110010101011001001
00000000000111110100010100011001
00000000000101010100001100110111
00000000000100011101100000010111
11111111110111101010110000101110
11111111111100011100101011110111
00000000001100000110100011101110
00000000010001001001000010010110
11111111111001101110111001000001
00000000000011010111100000111100
11111111111101011010110001100000
11111111110001101111110011110101
00000000000000100010000101011011
11111111110110111010110100110001
00000000000110110000011110101001
11111111111010111010100101111001
11111111110111010010001000110010
00000000000011101000000000101011
11111111110111010010111111111001
11111111111101100011111100001001
11111111111011100100011010110111
00000000000011000110100100100000
00000000000101110100011010111000
00000000000011011011110001100011
00000000000101011000110000001010
11111111111101000111011110111111
00000000000001001110001111100110
11111111111001001110110001011101
00000000000000010100101010100000
11111111111110001010110001100010
11111111110101100100100010110010
00000000000011000000111111101111
00000000000001100110000111011000
00000000000111011100011111100000
00000000000100010010000110100100
11111111111111010101101010011001
00000000000011010100111010010010
00000000000010111010101110000101
00000000000011010101101001010001
00000000000110100100000001001111
11111111111011010000111100101110
00000000000001100111110111111111
11111111111010111010111100001001
00000000001000010100010000011101
11111111111010111001101101100101
00000000000101010101100111000101
00000000000101001101010011001011
00000000001001101010001110110001
11111111111011010010001100101101
00000000000000110010111001100110
11111111111111010010010000110011
00000000000001100111011111101101
00000000000001110101101111010100
11111111111011011101010011100011
00000000000001100000111101111100
11111111111101010100101001100011
11111111110101001011101110010101
00000000000111110110000111110000
11111111110110111110110011100100
00000000001001111100101011110100
00000000001000110001001011100101
11111111111101101011100001111001
11111111111101010101110111111000
11111111111111000010001011011110
00000000000101001111001001001010
11111111111010110110100000100110
00000000000011100101010000101010
11111111111110000001000010010000
00000000001100010010100111011011
11111111111101101011100011100011
00000000000000011000100011110101
00000000000001001110001000100010
00000000000100110110000101111011
11111111111111100010001001001111
11111111100101110100100011101011
11111111110100111100010101011010
11111111111100001011001001000110
00000000000011111100000111100100
11111111101110101000000101011101
00000000000101111100101011111111
00000000000101110001101101101111
11111111111100101011010000001010
11111111110101001001000100010110
11111111111100110101010110001000
00000000001001100111001010111100
11111111110111110011011000111101
11111111111000111010011011111101
00000000000000000000110011010110
00000000000011001000110001111100
00000000000110000000010010100100
11111111111111010011100000100111
00000000000111010100000111000111
11111111111000001111000011000010
00000000000110111001001000101110
11111111111101011000111011010000
00000000000011111110001101011110
11111111111010010010010000110000
11111111110000101011011010110001
00000000000000101100110110100101
11111111110111011110010001110111
11111111111111111000000101000110
11111111111000000011001110101110
11111111111000111010111101111011
00000000000010000010110100111101
11111111111011101111101111010001
00000000000001010001011010111111
00000000000001101111011110101111
11111111111001101101110110001101
11111111111101100000100111011111
00000000000000101010111110000001
