11111111111111001111100011101111
00000000000100100100010111110100
11111111111011101110010011011110
11111111111101110001100110101001
00000000001000111000101011000011
00000000001000000010110011001000
00000000000001010000111010010100
00000000001001001000110110001110
00000000000100000000101001001110
00000000001011011100111011111101
00000000000011011011010011110110
11111111110100110000000110001111
11111111111000010101010100100101
11111111111011011010100000000000
11111111101111000010100100110001
11111111111111011000110011011001
11111111110111001011110110000101
00000000010001110110110010100001
00000000001010110010000000101010
11111111110010011011101111011110
00000000000010111100010101010010
00000000000111000101101101000100
11111111111001110010101010001100
11111111111101100010000111011110
11111111110101110110101111011101
00000000001100001010101100111001
00000000000000101010110111111101
00000000000000110011010010001100
00000000010011000010101100111111
11111111111110010100001111111001
00000000000000110010100100010110
11111111111101111101101100110111
00000000000000110110100001111111
00000000001000010111001111100000
00000000000010011001111110101000
00000000001000100001010111110100
00000000001001001100011010100001
00000000001001101000111101100001
11111111110111011100010011010100
11111111101111110011101111111010
00000000000000010011000011100110
11111111111110100110000001010011
00000000000100101100001001011000
00000000000001010111000100010111
00000000001011101010001110010100
11111111111000100101000110011110
11111111111001011100110001110011
00000000000011111001100011110011
00000000000110110000000000010111
00000000000000111101101000101110
00000000000111100100011000101100
11111111111010101111101100100100
11111111110110000011100010101000
00000000000000101100010111110001
00000000000010000001111001010101
00000000000110010110001010100001
00000000000011000110000001001100
00000000000101100010001000010000
11111111111111011001011111110001
00000000000000010101010101100010
