11111111111101100001111011101001
11111111111100001010101110010111
00000000000011001101100110010000
11111111111110101111111011001001
00000000001010111000000100001000
11111111111001001000110001100001
00000000000110000100100111101100
11111111110101110001001101100011
00000000000110110111101001001111
11111111110100011001101011010001
00000000000011101001001101010001
11111111110111000111001000011010
11111111111011000001000011101110
11111111111111100100111101110011
00000000000000000001101011001000
11111111110101100010110001010101
11111111111110011010011100000110
11111111111101101110100011100011
00000000000011100110010101111100
11111111111111100010010001111000
11111111111110011000101001101101
00000000000001000001111000001000
11111111110111011110011110011110
11111111110011110001000101111001
11111111111010000001111101000010
11111111111101011111010001000101
11111111111110011001000111110100
11111111111001110111000001011111
00000000000111001000000000001011
00000000000010111100010111000111
00000000000111001100000000110100
00000000000111110001100110100010
11111111110110000111110010100111
11111111111000110011111110110011
11111111111010001111111100001010
11111111111100001101100000110000
11111111111000000111001010000110
11111111110101001101100111100010
11111111111011111111011001110010
11111111111111000010110010011001
11111111111001110110100100111010
11111111111110001010001001001110
00000000000010001011111110101111
11111111111101000010111111111000
11111111111100111001001111010111
00000000000001101001110111010000
00000000000001011001100011101000
00000000000001000010011100011010
00000000000011101011011101000010
11111111111010001011100111100101
11111111111110110011111101100111
11111111111011111101100100110111
00000000000001001111011011111011
11111111111010110010100001101001
11111111110110011000000110011111
00000000000111101011110010101101
11111111111010011010011001110101
00000000000101000110110101100111
11111111111001001010001111101100
11111111111001111011010011110101
