00000000001010100000001011111101
00000000000011111010001011001111
11111111111000011101000000101111
00000000000001011111001111000101
00000000000011010100001111101100
00000000000101011111111111100111
11111111111000100101110010011000
11111111111100101111010010111010
11111111111111111110001110010001
11111111110110000110110110001000
00000000001111111001111111010010
00000000001101111111001000111010
00000000000010110011111000101001
00000000000011101111100111001011
11111111111001101011101010100111
00000000000010001101010011000011
11111111110110100001111100011110
11111111110011111001101100011101
00000000001000000011110010000111
00000000001000000100000111010101
11111111111011111110010000010100
00000000000101000100011111011111
00000000001100100000000111111111
00000000001110000001001000100110
00000000001001000111000000101001
00000000000000110011111111110000
11111111110100011000011000111001
11111111111111110011111111110111
00000000001010000101000110001011
11111111111100101011001010001000
00000000000001001011011100111001
11111111111010011101001100010110
00000000000001110101000111101001
11111111111111101111011101001010
11111111111000110001101111101000
00000000000001000011111011000110
00000000000000100001000000000000
00000000000111001000101111101100
11111111101101010111011000100001
00000000010000001101000010101101
11111111111101111111100101100011
11111111110100100010110010100001
11111111111110010111011011000001
11111111111110101100101101010010
11111111111100110010111111100110
00000000000111100000010010010110
11111111111010101100001101000101
11111111111010000000100110001011
11111111110101011110100010111000
00000000000101110011001001000000
11111111110110101001000110010110
11111111111101110000101011101010
00000000001000000001110100010101
00000000001101100010001111100000
00000000000101100100100001110101
00000000001001101010001011000011
11111111111111011011111011011111
11111111111000101010110101101100
11111111111110000100010011111001
00000000001010110010110011000011
