11111111111100111111100101011101
11111111110011100001101011101000
00000000000011101010001001111000
11111111111111111110010111111001
00000000000000001001111111111000
00000000000001010011100000000001
11111111111111010011010100111010
11111111111001000010111000010000
00000000000101000010000100011111
11111111111000110100101100101100
00000000010100001011000010110000
00000000001100011011000111110001
00000000000010110000001011100010
11111111111111100011111101001101
00000000001111000001000111100110
11111111111100000100101100001011
11111111110110110110110011111100
00000000000010011011100000001001
11111111111010001101000110010000
11111111110111000111101000111001
00000000000001100000100010000100
00000000000111011010111011110100
11111111111000100111100110111110
11111111111111010101011101111000
11111111111101000101100000011001
00000000001010100110100001111100
11111111111111111000000001101101
00000000000000101000010100010010
00000000001100110100111111011101
00000000000011111011101011000110
00000000000100001011000010110101
00000000000111001111100100001101
00000000000000001100001001001010
00000000001100011010011111111100
11111111111100100010100110011110
11111111101111111011001110111101
00000000001100100111101001001110
00000000001011000011101011010001
11111111111011010000110010110010
00000000000011000010010010111010
00000000000010010111010111001110
11111111111010110111100001110000
11111111111011101001111001010010
00000000000010111010011010010101
00000000000111001010100101000000
11111111111011100110011101011000
00000000000100110011001011100011
11111111111001010011001100110011
11111111111111100010011010011011
00000000001101001110010000111001
00000000000100010111100000110101
00000000000101101000110101010100
00000000000111001100110100110110
11111111111111011111010110110011
00000000001001011011100010101111
11111111111110100000100111101010
11111111101100011001100111010111
00000000000101011010100101010110
00000000001010001101100111101101
00000000000100101011011011100110
