00000000000101101001011100001111
11111111111111001010010010000000
00000000000001110010100001011101
11111111111101111001111101110011
11111111111101111011101000000000
00000000000101100101101101100111
00000000000101011001000111011100
11111111111011011000000001100011
11111111111110111100110111110001
11111111111100101100010001111101
11111111101001101100110111101110
11111111111101100000001101110111
00000000000110011111111101001011
00000000000110111010001001001100
11111111111101000110011000110101
11111111111110001111010011000010
00000000000000100011101010100111
00000000000000001011110110111100
11111111111101111011111001100110
11111111110000100101011001100111
11111111110111011011001110100100
00000000000001111101000001000100
11111111111100010010100110001100
00000000001000101001011101111110
00000000001100110111001110001010
00000000000010100001111010010110
00000000001001011101010100111100
00000000000110111110010100101100
11111111101110101001110010001111
11111111111111101110111100001100
00000000000101001101000111111101
00000000000101110100011100010001
00000000000110000100001001110000
00000000000000110000101001010101
11111111111100111010000111000110
11111111111111101101010111001101
00000000000110101101100000011100
11111111110011101101000101010110
00000000001110111000101001010100
00000000000011100010101000110100
00000000001000000110110111001100
11111111111100001101001101101011
11111111111101001100010001111100
11111111110100110011010011001010
11111111111100110000100100100101
00000000001110010111011101110011
11111111111111101011100011111011
11111111111011101111000001011111
11111111110101101000100000111100
11111111111001100101100100100001
00000000001010001001011110100011
11111111111110100000100100010111
00000000001011000010011100000000
00000000000010010010011101001101
11111111111110000001000110100110
11111111110101110101000001001110
00000000000000000000110000100111
11111111111101011011101000000100
00000000001000101101010011111110
11111111111111001000010010101001
