11111111111101010100110010101001
00000000000100100110011100100110
00000000000001100011111100001111
00000000000100111000101010111001
00000000000100011000111110000110
00000000000000010000010111001110
11111111111000111000000010111100
11111111111000011101101110111110
00000000000011110011011010010111
11111111111110001110110011100111
00000000000011011001100111010011
11111111111000100111101000000110
00000000000100101101100110100111
00000000000100010101001111100001
11111111111101111010010111100001
11111111111111000000000111000111
11111111111110110110100001100111
11111111111010001011011110010101
00000000000010010010010001111001
00000000000011100000010111111100
11111111111100100010110111001111
11111111111111001100000001010111
11111111111110001101000110100011
00000000000010011011111111100111
11111111111001111001000011000000
00000000000000000101111100011110
00000000000001100111110001001101
11111111111011000000001101010001
11111111111001111010000001000111
11111111111001110000101010111100
00000000000101100001101001010101
00000000000001111011000010001111
11111111111001100010110101111111
11111111111100010010110001111111
00000000000011111111001000110011
00000000000100100111110110010100
11111111111011010100010001101010
00000000000001010101011011010100
11111111111010100101111011000101
11111111110100011101101001111101
11111111111010111100101101010010
11111111111001110100110100010100
11111111111001110001010001101101
11111111111010101100000111000100
00000000000010100001111101100100
11111111111011001011011010101100
00000000000100110000010100010101
11111111111010011010001010001101
00000000000100010101110010010100
11111111111010000110000100011010
11111111111101001010010110100011
11111111111001101110101011010111
11111111111100001000001100010000
11111111110110101100100110101100
11111111111100010010010011000111
11111111111001110011010111111101
11111111111111011101100000111101
11111111110111001111010100101010
11111111111000000000100011100011
11111111111001110001101000111111
