11111111111001011011010100001011
11111111111111110000011000110011
11111111111110011110110010001000
00000000000101001010110110001111
11111111110100101001000111010100
11111111111100001111101010010001
11111111111000010110111101000001
11111111111001111010010110011001
11111111111100010100101101100011
00000000001001001010010110010101
00000000001000011101000101000011
00000000001100001001111101110011
00000000000001000100110100110001
00000000000011101001100110010010
00000000010000011011110111011010
00000000000100001100010011100101
11111111110100011100011100101000
11111111110101010000000000111110
11111111110111010000000111010101
00000000010011000101101100011100
00000000000101101000011011000101
00000000000001011111111000111110
00000000000110010000001110101110
00000000000000110100011101001001
11111111111111000111000011111110
11111111111110000111010010001111
11111111111111001111110111111101
11111111111011101011110101010010
11111111111100100011011011010010
00000000000100010100011110011000
00000000000100110001001110101100
11111111111001101111110001100111
11111111111000010100011110010110
11111111110100110010101111110101
00000000000010100001101101011101
11111111111001000010111010000100
00000000000010111111011100110000
00000000001101010101000010000000
00000000001000011100110001010100
11111111111111101000100101110000
00000000000000111111100000111000
00000000000010011011010000001010
11111111111011110100000100000011
00000000000000101111001100101100
11111111101111100011001010111010
11111111111100101111111111011110
00000000000000001011011000001111
11111111111111001101101011100100
00000000001101000011101101010101
11111111111010110101100111010100
00000000001000000110011000110011
00000000000110100101001010110011
00000000001011001101111110011011
00000000010001000010100011100111
00000000001001000010101000111101
00000000000000000011001000101000
11111111111101010010001101101100
00000000000111001111010000110010
11111111111011110101000011010010
00000000001000011100101001100011
