00000000000111110111110010010000
11111111111111101001000111110000
00000000000110111000111110001011
00000000000110110001001111000010
11111111111000100011110011101010
00000000001010111101111111101010
00000000000010011110000010000010
00000000000010111011111000011010
11111111111111100111000001001110
11111111110101100011011010100001
11111111110010100001101010110001
11111111110101100110111001111110
00000000001000101101100111011111
00000000000100001011111110110101
11111111110110111110110001011111
00000000001111110000010001101011
11111111111111010000011100101101
00000000000100110001100111000111
00000000001111001011110011010110
11111111111100100000001010000111
00000000001111000000010010010000
11111111111011011010010111001110
11111111111111011110101011001010
11111111111111001110011110100000
00000000000100011000001001000101
11111111110010011111110011011000
11111111111111001110011010110001
00000000000011111110101011011101
11111111111110100110010001000111
00000000000111011101101010001110
11111111111111010010010010010010
11111111111010011001000101110101
00000000000111010111001010111001
11111111111110011101010101001001
00000000000010100011111010111101
00000000000011100011000000100111
00000000001001100110001111001100
11111111111110101001100101101110
00000000000101111001001100100011
00000000000010100010110110110100
00000000001001011100111001000101
11111111110100101001110101001101
00000000000110000000011110010001
11111111110110111010110011111010
11111111111010110011111000000111
00000000001100010110100010011101
11111111111100110011010001001000
11111111111110111101000011001011
00000000001100110000110100011110
11111111111010000101110111111010
00000000000111100001001011101110
00000000000010110010111111000110
11111111111111001110101111011001
11111111110001110000010101011010
00000000000001000010010000010110
11111111111101110111111110011011
11111111111001111010000110101100
11111111111011110111100101100110
11111111111110000000101011010011
00000000000011000100000111111101
