11111111111110000000100011101010
11111111110111011111010001010111
00000000001000000001010110010001
11111111111010101001110000011100
11111111111011101001100101010100
11111111111111110010111111100011
00000000000110100010111010100011
11111111111110111000011101000110
00000000000111001011110000000001
00000000000000111001100011110110
00000000000001011110111011000000
11111111110101111100100001111111
00000000000100101000110111011000
00000000000110011110110010010001
00000000000100110100000111111111
11111111111000101011111101001001
00000000000010001010101001100111
11111111110100000110100111110011
11111111111100100000010101100010
11111111111111100000101000001000
11111111111110111011001111010101
00000000000001110100101101111000
11111111110100100110000110111100
00000000000011010100010000010101
11111111111111111101100010100100
00000000000001011100001110011111
11111111111011100110110111111110
11111111110100101101001100001001
00000000000001001011001010001010
00000000000100001101011010011101
11111111111101001010000001011100
00000000000101100111001000010011
11111111110100111000101100110110
11111111111001110100000011000000
00000000000010000010111010000010
00000000000101111101000001101110
11111111111101100000110101100100
11111111111011101000110001101101
11111111111100110011100111100101
11111111110110101100001001000000
11111111111010011010011111011101
11111111111100011000101110001010
11111111111010010001000010101011
11111111110101011011111010011111
00000000000000011011100011100010
11111111110110001001010010101000
11111111111110000110100000110010
11111111111110011000000111100001
11111111111100110011001000000110
00000000000011010110000010010101
00000000000010110101011101111001
00000000000100100001010001100111
11111111111011110010011001100001
00000000000001010011100000011001
00000000000001011111100100010111
11111111111011110100101011101111
11111111111101000100001110000111
11111111110100110010010111101111
00000000000001101000101011101001
11111111111111010010010110000010
