00000000001000110110011110101000
00000000000100001101110111111110
11111111111100001000110001110101
11111111111011011001010110110000
00000000001101101110001101000001
11111111110110100111110011011011
11111111111111010000100010000111
00000000000100100000010101110001
00000000000000101011100001011111
00000000001111010111011001011100
00000000010101101000111011011011
00000000001000111010101001111010
00000000000100101000000100011001
11111111111001101000100000111001
11111111110100111010000010111011
11111111111110110011100000000110
00000000000000011011000011101001
11111111111011111000100110100100
00000000001000010101000101011001
00000000010101000011110110010110
11111111111101110010111000010100
11111111111110111011010111010100
00000000000011100000001000011000
00000000000100111110101010010000
00000000001010000100011001101011
00000000000010001001000110100001
00000000001001100010010111100011
11111111110011111001101111011000
00000000000101100100001110001100
11111111111000011101010000100111
11111111111100010110001010011010
00000000000010000100010111011000
11111111110110101011001000110111
11111111111000001001100011000111
11111111111001101000001011011001
00000000001011010101000011010110
00000000000010111110110110110001
00000000001001110100111101011101
11111111111000010101011111100100
00000000001110100111100110110100
00000000000011101000000010001100
11111111111011010001001111010101
00000000000001010111010111110101
00000000001101010111010101001100
00000000000011000111101110101100
00000000000011110011001101111010
11111111111000110010101011110010
00000000000100111010101000001010
00000000000011000011000100011000
11111111111010101010000101011101
11111111111010110000011110110010
11111111111111000001100101100100
00000000000100110101110010110110
00000000000000010010011011110111
00000000001001010101100000110101
11111111111001111111101110000100
00000000001001000010001001110110
00000000000011000000101110111100
00000000000010010001100011000011
00000000000011010011010111101010
