11111111111010011010001001111001
11111111110010000000011101000011
00000000000110001001100101001011
11111111111111011101101100111111
00000000000011001011111111000111
00000000000100101011000100111001
00000000000100110011100011000001
11111111111100111010111010000011
11111111111011111101011000001001
00000000000110110110010100011000
00000000001100000011011001010001
00000000000110011111111110101011
11111111111110110110001010000000
11111111111100100000000101000111
00000000000010101001101001101100
11111111111101001011101001110101
00000000000100001011001111111000
11111111110111100100100100101010
11111111111110001111001101011001
00000000000001000001101010010000
00000000001000011001101000110110
11111111111111101001111010111111
00000000000001001101001001011001
11111111110100101111101010111011
00000000001000101101111000110001
00000000000000100010001100110000
00000000001000001110010111011100
00000000000101011000010101010001
11111111110111001001101001100000
11111111111111101100111010001011
11111111111000101000111101000010
11111111111101100110111000010000
00000000001101011001101111000110
00000000001011000100010100011001
00000000000101100001011001011010
11111111111011100010000000001001
11111111111111011011011110110111
11111111111001000000000001110001
00000000001001011011000000010111
00000000001000110001111001101100
00000000001011100000000101110100
00000000000111100111001101011100
11111111111001010100100100000010
11111111111000111011010111110101
11111111110000100011101010011000
11111111111101010010111111010010
11111111111110111010011100001111
11111111110101001100111101011101
11111111111101111100100110100011
00000000000110111010000000100111
11111111111000110100100100000111
11111111111110101101000001000011
00000000000100110111011011100011
11111111111101001101010000111110
11111111110111010001110100011000
00000000000100010000100111110010
11111111110001101010110101001100
00000000001110101101111101101001
00000000001000000101000010011111
00000000000110101000010100010010
