00000000010001001100110110011111
00000000001100010100100010001011
00000000000110011000101101010101
00000000000101110010010101111110
11111111111100010010001010101001
00000000001111011101100111000110
11111111111100111000100001101110
00000000000100100000010001011111
00000000000010111110010001110001
11111111101110010100110110000011
11111111110111010001111011101100
00000000001100111010110111111001
11111111111000100110100110111001
11111111111111000100111100010100
11111111101011100101011001000001
00000000001100101010011011011111
00000000000110001100110110000100
11111111111011010001010111011010
00000000001011011110010000010001
11111111111100000111010111111010
11111111110101101011111110011110
11111111110111111011001101010000
00000000001000111001000010101100
11111111111101111000010100001001
11111111111110101011101011010100
11111111110100011100111011001111
00000000000100011000011011010001
11111111111011000001010010101110
11111111110101001111111011111001
11111111111001001010111101001010
11111111111101011101110110010010
00000000000000101011010011110111
00000000000111110101101100011111
00000000000110110000111011101001
00000000000101001111111101001100
11111111111000110101010100010011
00000000000111110110000001010101
11111111110110010111001000000000
11111111111010111101011110100101
00000000000011111110101011001111
00000000000000101010000001011000
00000000001011011001100001111100
00000000000000101100011011101101
11111111111111111111010011101000
11111111111110110111001011100001
00000000000011001001001110111100
00000000000001000101010011111000
00000000000001110101111101010110
11111111111111110001111001110101
00000000000011100110101001110101
00000000001010110111001101101010
11111111111011001100011010010101
11111111111101100101111100011110
11111111110100010010001010100111
11111111111100000111110100111001
00000000000110100001110011010011
11111111111001111000010000001010
11111111111110011110100111101110
11111111111110000101001101000001
11111111111010001111010110110001
