11111111111010000011110100110110
00000000000111101101100110001100
00000000000000001011001110011101
00000000001000011111100100010001
00000000000101001111101111100001
11111111111001110000011001101011
00000000000101101111100000100110
00000000001011010010101011011000
00000000000100100011111101001001
00000000010001101010011011100110
00000000001001101101010100001011
00000000000010010110110001011011
00000000000011111011000100111000
00000000000011111101100011000010
00000000001011111010111001100100
11111111110110000011001000100101
11111111111101110110101000011111
11111111111101000101011010001010
11111111110101101010010000000000
11111111101101100110111000110101
11111111111000100111111010100000
11111111111011111100011100001011
00000000000101111101111011001000
11111111111010100001001011110001
11111111111110110111010011111111
00000000000000101011100010100101
11111111111000100110001101011001
00000000010000001011111010101101
11111111110010011110100000100111
11111111111011010000000001111101
00000000000011001101100111011001
11111111111110001011001010010000
00000000001011110100011010011100
11111111111111111100101111100101
00000000000010110111100011000000
11111111101011111011111000001011
11111111111101111110110000111011
00000000000000100001111101001100
11111111110011000010011110011110
00000000010110110110010011010000
00000000000101110010001111011110
00000000100001110011011011000010
11111111111001010010000000110101
00000000001011000100000101111000
00000000001110100110101000010101
11111111111001110000010110110011
11111111111101101110011001000000
11111111111100100001100110001101
11111111111111110010110010111010
00000000001010001001100001111111
11111111110101010111000011011110
11111111111011010011000000011011
00000000000001111110000110110111
11111111111000101111000000101011
11111111111000001011000100111111
00000000000001011111101010010111
11111111111010111010111011011011
00000000000111101011011101001101
00000000000010111011110010110011
00000000000111001111000110111110
