11111111111110000010001010000111
00000000000111000110010110101001
00000000001000001001110000111111
11111111111001111110011110010110
11111111110011011000000010010001
00000000000000011111010111111101
00000000000011011110101011000111
00000000000011110010011000000110
00000000000010000000000111101011
00000000001010011100001000000101
11111111111001110110101011000110
11111111111011101100001011010000
00000000000100111111111111100100
00000000000100110001101001110001
00000000000011100101110000010101
11111111110101000010010100100101
00000000000000011011000001111011
00000000001010101000110100010101
00000000000100000011100010111100
11111111101011101000010001010011
11111111111100001100101011110101
11111111111101111111011100111010
11111111110101000100110111010110
11111111111011101011100011110111
00000000000101101010101111010101
00000000001100100011101001110011
00000000001111100101000010011111
00000000000011111111101010100101
00000000001011000000001011100111
11111111111110000110011011010000
00000000000001011110011101110011
00000000000110010110110110010110
11111111111111111110011101000011
11111111110101011111111010101101
00000000000101001100110111101111
00000000001101000011000001111011
11111111111110100110011011110011
00000000001001101010001110110100
00000000001000101010010000010000
11111111111010110100111001010100
11111111111101100010101110011010
00000000001010010010101000000010
00000000000110111001100101011101
00000000000100101010100001111001
00000000001111001100001110010000
11111111110101001101011000010001
11111111111100101011111001100101
00000000001011100111101101000101
11111111111110100000110111111100
11111111110111011011100001010101
00000000000110000110101010100111
11111111111110001000001111011000
00000000001100111100000000100001
00000000001100100011111010111101
00000000000100101011010010111101
00000000000011010011101111101110
11111111110010111101001001101000
11111111111101100100001001100011
00000000001110010110100100001010
00000000000100001010011101001000
