11111111111000101101011010110101
11111111110101101010101011010110
11111111111011010000000001111000
11111111111110000001000111001000
00000000000001110000011001110011
00000000000111010111101010100110
00000000001010100110011001111011
00000000001000000100111101010110
00000000000001101111100111110010
11111111111000111110101010010101
11111111111100000011110110011001
00000000010000010011010001101001
00000000000110111100110101010111
11111111111101101010110000111010
00000000000110110000111110110011
11111111110101010010110100000010
11111111111111001011000011011100
11111111110100000000111010001100
00000000000011101111111010010100
11111111111111001110000111100000
00000000000000101111101101010011
00000000000111111011110001101100
11111111111101001100011101010001
11111111111111110000101110110011
00000000000100111110001001001100
00000000010100110100000010010010
11111111110011000011100000100100
00000000000111000010000110111000
11111111110100001010001010010100
00000000000111010101001000000110
11111111111101000111000101100110
11111111111010010011111010110010
00000000001101110101011101110100
00000000000100011011011000001110
11111111111100101011110010000011
11111111101110001110111010001100
00000000001001001101010001001001
00000000000110010000010111110011
00000000000110001111100001111100
11111111111100001100101101011111
00000000000000000100001001001110
11111111110010101010010001100011
11111111111111001000001010111110
00000000000000010001010101000000
00000000001000001010000000001110
11111111111110001011010010010001
11111111111011101101110011010100
00000000000011101111011101001100
11111111111001100111000011111000
00000000011000001001001010111100
00000000001010000101010000001101
00000000000000101110101000011100
00000000000011100111001111101011
11111111110111100010101010001010
00000000001100111001111101010101
11111111111010111110100101001000
11111111101000111001100000011110
00000000000110111000100111010000
00000000000011111110001010010101
00000000000000010011111101110101
