00000000001100011011011110011100
11111111111100001101011001110110
11111111111100001101000111100011
11111111111110100010010100010000
11111111110110111001010010100001
00000000000001011110100001111001
11111111111010110000010110001110
00000000000101101111110000111110
11111111111011011111101110001010
11111111111100010111011110011100
11111111111111011011110100011000
11111111110001101110001010010110
11111111111110000111001000000100
11111111111000111000110110011011
11111111100100110110100100100100
11111111111000111001001101100000
00000000000011001011010100111110
00000000001011000011011001010000
00000000001100011011101001111001
11111111111111101010001110100101
11111111111010010001011001110100
11111111111110001010100110001110
00000000000011010010011011100011
00000000001010100110011110100110
11111111110101111110011111100100
00000000000000101010010110111011
00000000001110010101101000011101
00000000000000100001011101100010
00000000001101001110010101110010
11111111111000011101100111101101
00000000000111001000111110111000
00000000000110010110110100011101
11111111111100110100101010010000
00000000000011100001000010110000
11111111111111101111101010100001
00000000001110111100110100001000
00000000000110000011100111110111
00000000000100011101101001111100
11111111111101001010110000001001
11111111111011000000010100011101
00000000000100110011010110110111
00000000000110101001100001011101
00000000000101010000011100101110
11111111111111011101010110000000
00000000000000101001001110011101
11111111110101100010101101101110
11111111111001101010010110111011
00000000000010000101001011111100
11111111110110110101100011011101
00000000000010101101010100100001
00000000001010110001101001100111
11111111111101100101001010101101
00000000000010101011000001011100
11111111110011110010110101110001
00000000001100110010011000100010
11111111111111101011100110001110
11111111110101101011101010000100
11111111110110110110001100110011
00000000000111100001011010100010
11111111111110100100110101100110
