11111111110011011010001000010101
00000000001110011010111100000000
00000000000101000010100111110000
00000000000010110011011110101101
11111111111011110111101000100001
11111111111011001001000110000101
00000000000011000011110110100011
11111111111010011011110111101000
00000000000000011101111111001111
00000000001100111001111000000001
00000000010000100100010011101011
00000000000001001100010010011010
11111111110100100101110000100001
00000000000101111010011110011101
11111111111110001100000110010001
00000000000110101010001011100011
00000000000000111010101111010100
11111111111110001011010101000101
00000000001100111101010000100001
11111111111010110001010100000000
00000000000110010000011010010001
11111111111111001101100011000111
00000000000001111010110110010100
11111111110110001010110011101100
11111111111010101010110010100001
11111111110101110010100011010001
00000000001001111111000001111101
00000000000101000001111110101001
00000000001000010100100111100010
00000000000111100111000011011001
11111111111100010000011001100101
00000000000101111000110011010100
00000000000000101111000110110110
11111111101011000110100110101010
00000000000000001001100100110010
11111111111111101011001011101001
00000000001000011100000001011010
00000000001001011001011000010001
00000000000101110100011000011101
00000000000010100001110100000011
11111111110111110100000110011110
00000000000000010001101110110110
11111111110111101000110011010110
00000000000101111110010110110000
00000000001010001110110011101000
00000000001011010000000111111111
11111111111101010110011000101101
11111111111011000100111011100000
00000000001111001011001111010010
11111111110010001011010001100101
00000000001011111100010111011110
00000000000110111101000011101010
11111111111110010001110110101011
11111111111101111111010111110110
11111111111111101111100110010100
11111111111111001100010110110001
00000000000000101100011010011000
00000000001001010011111011010001
11111111110101101001110001001001
11111111110101101110011011011111
