00000000000101011000101001100101
11111111111101111000111100101110
11111111111000101111011110110001
00000000000011000011101100101001
11111111110100110101010010010101
00000000000010000110000010100100
00000000000011000010011101100111
11111111111100010111101101000010
11111111111101101100100111001101
11111111110000011110101111110110
11111111110101100000101100100100
11111111110000100111001011010011
00000000000011101010100001111111
11111111110111011101011111101011
11111111111101101011011000000101
00000000001001100110001111010101
00000000000010011000011010010101
00000000001001111100000111000100
00000000000100111010011000111011
00000000010001011110111001111001
00000000000100011011010100000110
11111111110110011010101111010001
00000000000000101001011101111101
11111111110001111011000110111100
11111111111011010101111100101100
00000000000100100101101001000011
11111111111001101011010111110100
11111111110010110101001010011110
00000000000110100100101101010001
00000000000001111011000110100010
00000000000010010000010100100000
11111111111100011010011010011000
00000000001000011011110000101001
00000000010010101100100100001111
11111111111001101101001110010010
00000000000101001110010001001000
00000000001100000010000111011110
00000000000010110100011001011000
00000000010000110111011110000000
11111111111111001101010100001110
11111111111110101000000010111101
00000000000010100010010110000101
00000000000011001001010010100110
11111111101010011010101000000011
11111111111000110000000001001010
00000000000100001001011100100000
11111111111010101000111001011000
00000000001000111100110110111011
00000000000100111001001001001001
00000000001000100110110001011100
11111111111100111000001110011001
00000000000100100111010101100011
11111111110100001111110111011000
11111111110101101111101001100001
11111111111010111101011000111011
00000000000100010010010011110101
11111111101100011010111111011101
11111111111111110111010110000110
00000000000000101001000110100001
11111111110111111101110000110001
